system:index,B11_2018,B11_2024,B12_2018,B12_2024,B2_2018,B2_2024,B3_2018,B3_2024,B4_2018,B4_2024,B8_2018,B8_2024,DW_LABEL_2018,DW_LABEL_2024,MNDWI_2018,MNDWI_2024,NDBI_2018,NDBI_2024,NDVI_2018,NDVI_2024,NDWI_2018,NDWI_2024,latitude,longitude,point_id,region,region_id,.geo,VV_2018,VH_2018,VV_2024,VH_2024
1_1_1_1_1_1_1_1_1_1_1_2_0_0_1_1_1_1_1_1_1_1_1_1_1_2_0_0,0.3702,0.34615,0.2707,0.25775,0.0908,0.08405,0.1206,0.1176,0.1878,0.164,0.2678,0.2351,5,5,-0.50855744,-0.4928302,0.16050157,0.19105376,0.17559263,0.17815083,-0.37899074,-0.3331443,19.9352780378878,73.65758630020119,0.0,Nashik,1,"{""type"":""MultiPoint"",""coordinates"":[]}",-9.842748970796496,-19.15880800635872,-8.433784271394991,-17.250317396078266
1_1_1_1_1_1_1_1_1_1_1_2_1_0_1_1_1_1_1_1_1_1_1_1_1_2_1_0,0.2276,0.2372,0.1537,0.1825,0.0496,0.0796,0.075,0.1022,0.1026,0.1222,0.2264,0.2108,5,6,-0.5042961,-0.39776075,0.0026431717,0.05892857,0.37629178,0.26606607,-0.5023225,-0.34696487,20.034002887612537,73.83230862296244,1.0,Nashik,1,"{""type"":""MultiPoint"",""coordinates"":[]}",-10.3499993290663,-16.02734449486573,-7.868943286932081,-15.497085455861388
1_1_1_1_1_1_1_1_1_1_1_2_2_0_1_1_1_1_1_1_1_1_1_1_1_2_2_0,0.30145,0.2675,0.21565,0.1993,0.0895,0.0586,0.1185,0.085,0.1588,0.12,0.2846,0.2322,5,1,-0.4356471,-0.5177305,0.028751813,0.07064238,0.28371674,0.318569,-0.41205657,-0.46406052,19.9382424783254,73.74714833402791,2.0,Nashik,1,"{""type"":""MultiPoint"",""coordinates"":[]}",-10.738982017098449,-16.990850600542423,-11.169829854481168,-16.563824393755105
1_1_1_1_1_1_1_1_1_1_1_2_3_0_1_1_1_1_1_1_1_1_1_1_1_2_3_0,0.207,0.17705,0.1447,0.12065,0.0634,0.04915,0.0834,0.06965,0.1046,0.0784,0.2286,0.2073,4,4,-0.42561984,-0.43534657,-0.049586777,-0.078704305,0.37214887,0.45117256,-0.4653846,-0.4970211,19.97803784541189,73.677169573395,3.0,Nashik,1,"{""type"":""MultiPoint"",""coordinates"":[]}",-9.881815638266268,-17.066802374951454,-10.561707435765983,-17.33874890729244
1_1_1_1_1_1_1_1_1_1_1_2_4_0_1_1_1_1_1_1_1_1_1_1_1_2_4_0,0.2084,0.208,0.139,0.1465,0.0594,0.0417,0.0875,0.0688,0.0979,0.0732,0.2518,0.2274,4,4,-0.40858397,-0.50289017,-0.09430683,-0.04455673,0.44009152,0.512974,-0.48423225,-0.535449,20.01980950612345,73.74660934485743,4.0,Nashik,1,"{""type"":""MultiPoint"",""coordinates"":[]}",-7.078425093722114,-13.173764661729097,-5.944924325147314,-13.132231104593581
1_1_1_1_1_1_1_1_1_1_1_2_5_0_1_1_1_1_1_1_1_1_1_1_1_2_5_0,0.1904,0.23965,0.1095,0.16315,0.0386,0.041,0.0556,0.05915,0.0516,0.06755,0.2368,0.1822,1,4,-0.5479675,-0.604083,-0.10861423,0.13618585,0.64216363,0.45905906,-0.61969906,-0.5098405,19.87491125079497,73.8229661440076,5.0,Nashik,1,"{""type"":""MultiPoint"",""coordinates"":[]}",-8.076524175138523,-13.446339990776899,-9.023346186881247,-15.30506506415054
1_1_1_1_1_1_1_1_1_1_1_2_6_0_1_1_1_1_1_1_1_1_1_1_1_2_6_0,0.2911,0.2766,0.2231,0.2082,0.0664,0.0554,0.0897,0.0816,0.1274,0.1178,0.228,0.2178,5,5,-0.52888656,-0.5443886,0.12155654,0.11893204,0.28306133,0.29797378,-0.43531632,-0.45490983,20.055382791374583,73.84470537388329,6.0,Nashik,1,"{""type"":""MultiPoint"",""coordinates"":[]}",-11.1532580306379,-19.198986502060595,-10.052880413718594,-16.575624300005405
1_1_1_1_1_1_1_1_1_1_1_2_7_0_1_1_1_1_1_1_1_1_1_1_1_2_7_0,0.2653,0.2566,0.1985,0.2019,0.0644,0.0761,0.0882,0.1062,0.1148,0.1438,0.2366,0.2336,4,6,-0.5009901,-0.41455346,0.057182707,0.046919625,0.34661356,0.23794383,-0.45689654,-0.37492642,20.0322062570443,73.81856439911542,7.0,Nashik,1,"{""type"":""MultiPoint"",""coordinates"":[]}",-11.436421702355489,-17.332580894998898,-10.272524935097467,-18.5154171614939
1_1_1_1_1_1_1_1_1_1_1_2_8_0_1_1_1_1_1_1_1_1_1_1_1_2_8_0,0.1753,0.1332,0.1176,0.067,0.0468,0.0355,0.0582,0.0525,0.0548,0.0395,0.1704,0.3424,4,4,-0.50149894,-0.4345719,0.014174139,-0.43986544,0.5133215,0.7931396,-0.49081364,-0.7341099,20.04613014394815,73.93013515740306,8.0,Nashik,1,"{""type"":""MultiPoint"",""coordinates"":[]}",-8.207923887375074,-15.401054548191645,-12.396060905474688,-17.39462550214
1_1_1_1_1_1_1_1_1_1_1_2_9_0_1_1_1_1_1_1_1_1_1_1_1_2_9_0,0.1579,0.1727,0.1078,0.1106,0.0402,0.0286,0.0614,0.056,0.0626,0.0442,0.1796,0.2766,4,4,-0.44003648,-0.5102755,-0.0642963,-0.2312486,0.48307183,0.7244389,-0.49045643,-0.66325915,20.03696732805013,73.83365609588861,9.0,Nashik,1,"{""type"":""MultiPoint"",""coordinates"":[]}",-9.490954899123183,-15.652972496871753,-8.713837363570605,-14.944738568543542
1_1_1_1_1_1_1_1_1_1_1_2_10_0_1_1_1_1_1_1_1_1_1_1_1_2_10_0,0.2173,0.2005,0.1767,0.1659,0.1128,0.0902,0.1404,0.1178,0.1682,0.1538,0.2578,0.2388,6,6,-0.21498463,-0.25981778,-0.085245214,-0.08718415,0.21032864,0.21650535,-0.29482672,-0.33931577,20.02933164813512,73.78299111386428,10.0,Nashik,1,"{""type"":""MultiPoint"",""coordinates"":[]}",-0.7441277654552912,-17.287779984697586,-1.6206012168040052,-16.812135790991704
1_1_1_1_1_1_1_1_1_1_1_2_11_0_1_1_1_1_1_1_1_1_1_1_1_2_11_0,0.2771,0.2904,0.1879,0.2085,0.0673,0.0643,0.083,0.0892,0.1005,0.1216,0.2426,0.2534,4,4,-0.53901696,-0.5300316,0.06638445,0.06803972,0.41416496,0.35146666,-0.490172,-0.47927612,20.021785799748518,73.85431734742338,11.0,Nashik,1,"{""type"":""MultiPoint"",""coordinates"":[]}",-11.569782067199903,-17.080222703195837,-11.12405861919721,-17.15510944950814
1_1_1_1_1_1_1_1_1_1_1_2_12_0_1_1_1_1_1_1_1_1_1_1_1_2_12_0,0.2362,0.1732,0.173,0.1065,0.07065,0.0414,0.0915,0.0684,0.1135,0.0678,0.2285,0.2696,4,4,-0.4415624,-0.43377483,0.01656983,-0.2177055,0.3362573,0.59810317,-0.428125,-0.5952663,19.979115823752835,73.71094622807789,12.0,Nashik,1,"{""type"":""MultiPoint"",""coordinates"":[]}",-11.235505187837525,-18.943107522105052,-10.085461724591752,-19.175399329449206
1_1_1_1_1_1_1_1_1_1_1_2_13_0_1_1_1_1_1_1_1_1_1_1_1_2_13_0,0.351,0.33255,0.2618,0.2667,0.085,0.0896,0.1112,0.121,0.1632,0.1758,0.2562,0.2435,4,5,-0.518823,-0.4664315,0.15612648,0.15458727,0.22174536,0.16145958,-0.3946652,-0.33607683,19.874731587738147,73.90049075302711,13.0,Nashik,1,"{""type"":""MultiPoint"",""coordinates"":[]}",-16.03614270684811,-25.77349229171508,-15.016943185522127,-24.365314937328115
1_1_1_1_1_1_1_1_1_1_1_2_14_0_1_1_1_1_1_1_1_1_1_1_1_2_14_0,0.2239,0.2657,0.1686,0.1969,0.0578,0.0547,0.07475,0.0773,0.0886,0.1164,0.2103,0.1894,4,5,-0.49941403,-0.54927117,0.031321973,0.16765545,0.4071596,0.23871812,-0.4755306,-0.42032245,19.967527556587694,73.707263135413,14.0,Nashik,1,"{""type"":""MultiPoint"",""coordinates"":[]}",-10.540112413363483,-16.619383905394233,-9.869748908489129,-16.26452915946605
1_1_1_1_1_1_1_1_1_1_1_2_15_0_1_1_1_1_1_1_1_1_1_1_1_2_15_0,0.2176,0.2326,0.1759,0.1802,0.0913,0.0672,0.1176,0.11,0.148,0.1256,0.2278,0.2344,4,6,-0.29832935,-0.3578517,-0.022900764,-0.0038543898,0.21234699,0.30222222,-0.31905037,-0.3612079,20.025019734771345,73.76403666136936,15.0,Nashik,1,"{""type"":""MultiPoint"",""coordinates"":[]}",-10.697521778864651,-18.255832916275708,-7.399068956527683,-16.253641555985492
1_1_1_1_1_1_1_1_1_1_1_2_16_0_1_1_1_1_1_1_1_1_1_1_1_2_16_0,0.13685,0.1834,0.0864,0.1041,0.04755,0.0317,0.0589,0.0592,0.05605,0.0439,0.2218,0.34,4,4,-0.39821202,-0.51195383,-0.23686045,-0.29919755,0.5965449,0.7712946,-0.5803349,-0.7034068,19.931505113694502,73.93372841853953,16.0,Nashik,1,"{""type"":""MultiPoint"",""coordinates"":[]}",-10.830413158981218,-17.829521221751992,-10.317526534366221,-17.511554258194657
1_1_1_1_1_1_1_1_1_1_1_2_17_0_1_1_1_1_1_1_1_1_1_1_1_2_17_0,0.1641,0.1504,0.0944,0.1091,0.0416,0.0479,0.0634,0.0682,0.0513,0.0761,0.2408,0.2032,4,4,-0.44263735,-0.37602928,-0.18942949,-0.14932127,0.6487504,0.45506623,-0.583169,-0.4974208,20.068767689107965,73.73340411018089,17.0,Nashik,1,"{""type"":""MultiPoint"",""coordinates"":[]}",-9.240169385472996,-16.515328118331503,-8.59580000879754,-16.69566363434686
1_1_1_1_1_1_1_1_1_1_1_2_18_0_1_1_1_1_1_1_1_1_1_1_1_2_18_0,0.1707,0.162,0.1084,0.0955,0.0412,0.0386,0.059,0.061,0.0534,0.062,0.237,0.2024,4,4,-0.48628646,-0.4529148,-0.16261958,-0.11086718,0.6322314,0.5310136,-0.6013514,-0.53682613,20.07065415120461,73.93444707076684,18.0,Nashik,1,"{""type"":""MultiPoint"",""coordinates"":[]}",-8.121732121755587,-16.327434975258846,-8.356204232716562,-16.87056175474095
1_1_1_1_1_1_1_1_1_1_1_2_19_0_1_1_1_1_1_1_1_1_1_1_1_2_19_0,0.2889,0.3242,0.22985,0.2572,0.0848,0.0888,0.1096,0.1188,0.1437,0.1618,0.2384,0.2448,4,4,-0.44993725,-0.46365687,0.09577091,0.13954306,0.24784088,0.20413183,-0.37011495,-0.34653464,19.924677917535192,73.77715206451751,19.0,Nashik,1,"{""type"":""MultiPoint"",""coordinates"":[]}",-12.533751501727705,-19.114859011425377,-12.55678386074466,-19.014631859226125
1_1_1_1_1_1_1_1_1_1_1_2_20_0_1_1_1_1_1_1_1_1_1_1_1_2_20_0,0.1619,0.18005,0.089,0.11125,0.0455,0.04625,0.0642,0.06705,0.0554,0.07085,0.2718,0.2613,4,4,-0.43210968,-0.45730475,-0.25340098,-0.18409425,0.6613692,0.57338554,-0.61785716,-0.59159434,19.891260588965945,73.85692246174732,20.0,Nashik,1,"{""type"":""MultiPoint"",""coordinates"":[]}",-8.988965794816904,-15.531726761518245,-9.298382575117984,-17.35008456608896
1_1_1_1_1_1_1_1_1_1_1_2_21_0_1_1_1_1_1_1_1_1_1_1_1_2_21_0,0.1554,0.1635,0.0951,0.1075,0.0398,0.0285,0.0518,0.0465,0.0418,0.0358,0.1916,0.2148,6,6,-0.5,-0.55714285,-0.10432277,-0.13560666,0.6418166,0.71428573,-0.5743632,-0.64408726,20.103981648245448,73.91926554246521,21.0,Nashik,1,"{""type"":""MultiPoint"",""coordinates"":[]}",-6.958340342307725,-15.119606613369044,-8.461431806146793,-14.715049369319296
1_1_1_1_1_1_1_1_1_1_1_2_22_0_1_1_1_1_1_1_1_1_1_1_1_2_22_0,0.1896,0.26245,0.15,0.1926,0.0532,0.0614,0.061,0.0844,0.0739,0.107,0.1448,0.2223,1,1,-0.5131684,-0.5133343,0.13397129,0.0828262,0.32418838,0.35013667,-0.40719146,-0.44962505,19.85460932537387,73.90067041608394,22.0,Nashik,1,"{""type"":""MultiPoint"",""coordinates"":[]}",-12.02254561799861,-18.70125189587988,-11.445069340561464,-16.827014707553904
1_1_1_1_1_1_1_1_1_1_1_2_23_0_1_1_1_1_1_1_1_1_1_1_1_2_23_0,0.1795,0.1803,0.1421,0.1431,0.0503,0.0475,0.0646,0.0634,0.0992,0.0973,0.1612,0.1664,4,4,-0.47070873,-0.47968814,0.053712945,0.0400923,0.23809524,0.2620402,-0.42781222,-0.44821584,20.06670156395449,73.94504719111944,23.0,Nashik,1,"{""type"":""MultiPoint"",""coordinates"":[]}",-10.779117140742347,-18.748981412432496,-10.686835541039974,-17.43610551467717
1_1_1_1_1_1_1_1_1_1_1_2_24_0_1_1_1_1_1_1_1_1_1_1_1_2_24_0,0.30155,0.3003,0.22455,0.22465,0.0662,0.06565,0.0879,0.0892,0.1187,0.1238,0.2142,0.2168,6,6,-0.5485942,-0.54197687,0.169365,0.16147748,0.28687292,0.27304757,-0.41807348,-0.41699347,20.137758302928344,73.68561373706572,24.0,Nashik,1,"{""type"":""MultiPoint"",""coordinates"":[]}",-9.817139241834163,-17.092286696421503,-7.533657228565471,-15.869835691890373
1_1_1_1_1_1_1_1_1_1_1_2_25_0_1_1_1_1_1_1_1_1_1_1_1_2_25_0,0.1994,0.221,0.146,0.1683,0.0588,0.1048,0.0708,0.1248,0.082,0.123,0.206,0.2674,4,6,-0.47594374,-0.2781955,-0.016280217,-0.0950041,0.43055555,0.36987704,-0.4884393,-0.36359,20.007053429088952,73.92420627652787,25.0,Nashik,1,"{""type"":""MultiPoint"",""coordinates"":[]}",-6.519015967833289,-15.625751706801324,-5.466403121859484,-13.804952389057545
1_1_1_1_1_1_1_1_1_1_1_2_26_0_1_1_1_1_1_1_1_1_1_1_1_2_26_0,0.222,0.2238,0.1568,0.1533,0.0571,0.0494,0.074,0.0704,0.0761,0.0639,0.2488,0.3066,6,6,-0.5,-0.521414,-0.056924384,-0.1561086,0.53154814,0.6550607,-0.5415118,-0.6265252,19.996004151094283,73.87381078908876,26.0,Nashik,1,"{""type"":""MultiPoint"",""coordinates"":[]}",-8.210326299349882,-15.782983093515387,-6.949400905401254,-13.968610654683717
1_1_1_1_1_1_1_1_1_1_1_2_27_0_1_1_1_1_1_1_1_1_1_1_1_2_27_0,0.03635,0.13855,0.0247,0.11395,0.04475,0.04965,0.0599,0.0628,0.0538,0.0753,0.0577,0.1205,0,4,0.24467532,-0.37621057,-0.22700691,0.069677666,0.034977578,0.2308478,0.018707482,-0.3147845,20.01702472874268,73.66621012692875,27.0,Nashik,1,"{""type"":""MultiPoint"",""coordinates"":[]}",-12.715609144307845,-22.567603204108615,-14.786520888635124,-22.288888126347732
1_1_1_1_1_1_1_1_1_1_1_2_28_0_1_1_1_1_1_1_1_1_1_1_1_2_28_0,0.1811,0.1846,0.105,0.1105,0.0503,0.034,0.0672,0.0692,0.0612,0.0564,0.2604,0.278,4,4,-0.45871928,-0.45468873,-0.17961495,-0.20190229,0.619403,0.66267943,-0.5897436,-0.6013825,20.040919915300258,73.93516572299413,28.0,Nashik,1,"{""type"":""MultiPoint"",""coordinates"":[]}",-10.629198359219473,-15.934018419125486,-9.008537188917085,-15.824229366154764
1_1_1_1_1_1_1_1_1_1_1_2_29_0_1_1_1_1_1_1_1_1_1_1_1_2_29_0,0.2164,0.1935,0.1552,0.1466,0.056,0.0425,0.0746,0.0638,0.0852,0.0752,0.2084,0.174,4,4,-0.48728523,-0.50408083,0.018832391,0.053061225,0.41961852,0.3964687,-0.47279152,-0.46341464,20.073438928585382,73.94432853889215,29.0,Nashik,1,"{""type"":""MultiPoint"",""coordinates"":[]}",-9.853144531222007,-16.183150161353346,-8.808452027870805,-16.677964061692947
1_1_1_1_1_1_1_1_1_1_1_2_30_0_1_1_1_1_1_1_1_1_1_1_1_2_30_0,0.15535,0.1418,0.10605,0.1078,0.0507,0.045,0.0638,0.0656,0.07105,0.0715,0.1508,0.147,4,4,-0.4177504,-0.36740598,0.014861995,-0.01800554,0.35947713,0.34553775,-0.4054054,-0.38287863,19.9375238260981,73.79763365299543,30.0,Nashik,1,"{""type"":""MultiPoint"",""coordinates"":[]}",-9.786261312907454,-16.916324812607456,-8.900932656543665,-16.769689897377237
1_1_1_1_1_1_1_1_1_1_1_2_31_0_1_1_1_1_1_1_1_1_1_1_1_2_31_0,0.1644,0.1235,0.0937,0.0966,0.052,0.0452,0.0608,0.059,0.0514,0.0722,0.275,0.1754,4,4,-0.46003553,-0.35342467,-0.25170687,-0.17363667,0.685049,0.4168013,-0.63787967,-0.49658704,19.99510583581016,73.88512956166866,31.0,Nashik,1,"{""type"":""MultiPoint"",""coordinates"":[]}",-9.666755939982995,-16.202404433018927,-9.326937457555662,-17.50387650279025
1_1_1_1_1_1_1_1_1_1_1_2_32_0_1_1_1_1_1_1_1_1_1_1_1_2_32_0,0.2153,0.24005,0.1893,0.1987,0.0772,0.07265,0.1028,0.09905,0.1386,0.1325,0.1786,0.1942,5,5,-0.35366237,-0.41580653,0.09317086,0.10558434,0.1261034,0.18885829,-0.26936746,-0.32446718,19.943183212388053,73.69235110169662,32.0,Nashik,1,"{""type"":""MultiPoint"",""coordinates"":[]}",-5.938704920403009,-15.907932741904474,-3.5568520865365616,-14.166752345913984
1_1_1_1_1_1_1_1_1_1_1_2_33_0_1_1_1_1_1_1_1_1_1_1_1_2_33_0,0.331,0.3482,0.2688,0.2722,0.0849,0.096,0.1144,0.133,0.156,0.1766,0.2172,0.2496,4,4,-0.48630443,-0.4472153,0.20758846,0.1649381,0.16398714,0.17128108,-0.31001207,-0.30475694,20.06131167224977,73.91118070490813,33.0,Nashik,1,"{""type"":""MultiPoint"",""coordinates"":[]}",-12.528158245681889,-22.164188037555288,-11.772752389707478,-19.407273789593553
1_1_1_1_1_1_1_1_1_1_1_2_34_0_1_1_1_1_1_1_1_1_1_1_1_2_34_0,0.2503,0.2662,0.1831,0.205,0.063,0.064,0.0846,0.0938,0.1348,0.1352,0.2072,0.2022,4,4,-0.49477455,-0.4788889,0.09420765,0.13663535,0.21169591,0.19857736,-0.4201508,-0.3662162,20.0156772558165,73.91423497687414,34.0,Nashik,1,"{""type"":""MultiPoint"",""coordinates"":[]}",-11.966027447315772,-19.188689117368835,-12.220591877211405,-17.987120449924817
1_1_1_1_1_1_1_1_1_1_1_2_35_0_1_1_1_1_1_1_1_1_1_1_1_2_35_0,0.1656,0.1457,0.10685,0.08315,0.063,0.04225,0.0913,0.0673,0.10005,0.0603,0.2052,0.2398,4,1,-0.2892176,-0.3680751,-0.106796116,-0.24409857,0.34447175,0.598134,-0.3841484,-0.5617063,20.066162574784016,73.69962745549799,35.0,Nashik,1,"{""type"":""MultiPoint"",""coordinates"":[]}",-11.836429292823244,-17.237497794113267,-9.346875117299305,-15.703159747267462
1_1_1_1_1_1_1_1_1_1_1_2_36_0_1_1_1_1_1_1_1_1_1_1_1_2_36_0,0.2183,0.21195,0.184,0.1585,0.0764,0.04835,0.10255,0.07455,0.1285,0.0836,0.2117,0.2189,6,6,-0.36076048,-0.47958115,0.015348837,-0.016130904,0.24456201,0.44727272,-0.34733492,-0.49190664,20.05448447609046,73.6945070583785,36.0,Nashik,1,"{""type"":""MultiPoint"",""coordinates"":[]}",-8.962590482885318,-16.007911626887818,-7.704995735600535,-15.091746038364613
1_1_1_1_1_1_1_1_1_1_1_2_37_0_1_1_1_1_1_1_1_1_1_1_1_2_37_0,0.16235,0.1683,0.0854,0.1136,0.0412,0.0518,0.0532,0.0697,0.0368,0.0814,0.4252,0.3012,4,4,-0.506379,-0.41428572,-0.44736618,-0.2830671,0.84069264,0.5744903,-0.77759194,-0.6241574,19.92225246626807,73.92663172779498,37.0,Nashik,1,"{""type"":""MultiPoint"",""coordinates"":[]}",-11.552944002631529,-18.100873313674434,-10.065795775756763,-18.14470434815979
1_1_1_1_1_1_1_1_1_1_1_2_38_0_1_1_1_1_1_1_1_1_1_1_1_2_38_0,0.2406,0.1745,0.151,0.1355,0.0571,0.0516,0.0791,0.0684,0.1058,0.0846,0.2382,0.1748,4,4,-0.5051611,-0.43680528,0.0050125313,-0.00085886056,0.38488373,0.3477255,-0.50141823,-0.4375,20.11970216571754,73.88512956166866,38.0,Nashik,1,"{""type"":""MultiPoint"",""coordinates"":[]}",-9.270059618618385,-16.934432842903817,-8.000382277380002,-19.354397257680297
1_1_1_1_1_1_1_1_1_1_1_2_39_0_1_1_1_1_1_1_1_1_1_1_1_2_39_0,0.2801,0.294,0.2322,0.2499,0.079,0.0831,0.0992,0.11,0.136,0.1488,0.1872,0.2002,4,4,-0.47693118,-0.45544556,0.19880162,0.1898017,0.15841584,0.14727794,-0.30726257,-0.29078013,20.116558062223124,73.86931921266816,39.0,Nashik,1,"{""type"":""MultiPoint"",""coordinates"":[]}",-15.383587502162852,-25.580559490501194,-12.951378211048858,-23.63001223437266
1_1_1_1_1_1_1_1_1_1_1_2_40_0_1_1_1_1_1_1_1_1_1_1_1_2_40_0,0.2465,0.3639,0.1901,0.2983,0.0665,0.1214,0.0924,0.1492,0.1332,0.1924,0.2586,0.2648,4,6,-0.4547064,-0.41843694,-0.023955652,0.15762685,0.32006127,0.1583552,-0.47350428,-0.27922705,20.06643206936925,73.90462300333407,40.0,Nashik,1,"{""type"":""MultiPoint"",""coordinates"":[]}",-8.877077387579252,-17.046008846159655,-11.658746323618075,-18.018779807661524
1_1_1_1_1_1_1_1_1_1_1_2_41_0_1_1_1_1_1_1_1_1_1_1_1_2_41_0,0.2333,0.2243,0.1929,0.18915,0.0782,0.0851,0.0946,0.109,0.1222,0.1357,0.2094,0.1995,6,6,-0.42299482,-0.3459346,0.0539869,0.058518168,0.26296744,0.19033413,-0.37763157,-0.29335493,19.851555053407864,73.8537783582529,41.0,Nashik,1,"{""type"":""MultiPoint"",""coordinates"":[]}",-7.822578439387811,-14.91456909626924,-8.22565552310646,-15.532055510196356
1_1_1_1_1_1_1_1_1_1_1_2_42_0_1_1_1_1_1_1_1_1_1_1_1_2_42_0,0.0093,0.0104,0.009,0.00915,0.0462,0.03085,0.0615,0.0412,0.036,0.01905,0.0117,0.00745,0,0,0.7372881,0.5968992,-0.114285715,0.16526611,-0.509434,-0.43773586,0.6803279,0.6937307,19.89925559499461,73.66576096928668,42.0,Nashik,1,"{""type"":""MultiPoint"",""coordinates"":[]}",-19.13837384175369,-27.93136181388433,-20.550815505148726,-31.32294279719156
1_1_1_1_1_1_1_1_1_1_1_2_43_0_1_1_1_1_1_1_1_1_1_1_1_2_43_0,0.155,0.157,0.1225,0.123,0.0762,0.0798,0.0992,0.1062,0.1042,0.0997,0.1876,0.239,6,6,-0.2195122,-0.19300912,-0.0951547,-0.20707071,0.2858122,0.41127843,-0.30822873,-0.38470453,19.997531287077287,73.77607408617656,43.0,Nashik,1,"{""type"":""MultiPoint"",""coordinates"":[]}",-6.407315772190751,-14.286935460067278,-5.603681109822627,-14.438159533977881
1_1_1_1_1_1_1_1_1_1_1_2_44_0_1_1_1_1_1_1_1_1_1_1_1_2_44_0,0.1943,0.1967,0.1119,0.12195,0.0412,0.0335,0.055,0.05545,0.0476,0.04515,0.2436,0.2278,1,1,-0.5587645,-0.56018245,-0.11258278,-0.07326266,0.6730769,0.6691702,-0.6316142,-0.60847306,19.862245005288887,73.7170547720099,44.0,Nashik,1,"{""type"":""MultiPoint"",""coordinates"":[]}",-9.081566032284108,-13.542355921629227,-8.65840201244115,-13.24300156645357
1_1_1_1_1_1_1_1_1_1_1_2_45_0_1_1_1_1_1_1_1_1_1_1_1_2_45_0,0.28245,0.2363,0.23405,0.2175,0.0745,0.1302,0.0968,0.163,0.1366,0.1988,0.2054,0.242,4,6,-0.4895188,-0.18357125,0.15793788,-0.011917206,0.2011696,0.09800363,-0.35936466,-0.19506173,19.95953255055903,73.72298365288509,45.0,Nashik,1,"{""type"":""MultiPoint"",""coordinates"":[]}",-13.660814675194997,-21.968694435441137,2.5963441903346913,-14.200769194894727
1_1_1_1_1_1_1_1_1_1_1_2_46_0_1_1_1_1_1_1_1_1_1_1_1_2_46_0,0.2182,0.2458,0.1763,0.2212,0.108,0.1844,0.1262,0.205,0.1338,0.2156,0.2556,0.3042,5,7,-0.26713124,-0.090505764,-0.07893626,-0.106181815,0.3127889,0.17045017,-0.3389209,-0.1948154,19.974534415803827,73.89680766036223,46.0,Nashik,1,"{""type"":""MultiPoint"",""coordinates"":[]}",-10.234851502582366,-15.58062242904538,-8.898684749598367,-17.4949071634782
1_1_1_1_1_1_1_1_1_1_1_2_47_0_1_1_1_1_1_1_1_1_1_1_1_2_47_0,0.1784,0.1655,0.1368,0.1043,0.0562,0.0388,0.0773,0.0657,0.0886,0.054,0.1726,0.2552,6,4,-0.3953852,-0.4316609,0.016524216,-0.21321607,0.32159266,0.65071154,-0.38135254,-0.59052664,20.023402767259928,73.8116473714277,47.0,Nashik,1,"{""type"":""MultiPoint"",""coordinates"":[]}",-10.07744472569309,-18.010251075582225,-10.281152949062049,-18.281044948099876
1_1_1_1_1_1_1_1_1_1_1_2_48_0_1_1_1_1_1_1_1_1_1_1_1_2_48_0,0.16725,0.1627,0.0956,0.1093,0.04845,0.0408,0.06895,0.0583,0.0473,0.0631,0.3518,0.211,4,4,-0.41617274,-0.4723982,-0.35555342,-0.12924805,0.7629667,0.5395841,-0.67225194,-0.5670256,19.930876292995617,73.79008780460882,48.0,Nashik,1,"{""type"":""MultiPoint"",""coordinates"":[]}",-8.727199163725343,-17.56125483117011,-7.808629964546551,-15.47626005605282
1_1_1_1_1_1_1_1_1_1_1_2_49_0_1_1_1_1_1_1_1_1_1_1_1_2_49_0,0.3038,0.2975,0.2128,0.227,0.0734,0.0712,0.1046,0.0974,0.159,0.148,0.2398,0.2184,4,4,-0.4877571,-0.5067106,0.11773363,0.15332429,0.20260783,0.19213974,-0.39256677,-0.3831539,20.089967929813184,73.75505350852816,49.0,Nashik,1,"{""type"":""MultiPoint"",""coordinates"":[]}",-12.896360153299138,-20.51472331474473,-10.312739759233738,-20.499485887506687
1_1_1_1_1_1_1_1_1_1_1_2_50_0_1_1_1_1_1_1_1_1_1_1_1_2_50_0,0.19225,0.214,0.1524,0.1845,0.0635,0.0598,0.0777,0.083,0.0833,0.0932,0.2047,0.1932,6,6,-0.42433783,-0.44107744,-0.03136415,0.05108055,0.42152777,0.349162,-0.44971672,-0.39898625,19.97516323650271,73.7222650006578,50.0,Nashik,1,"{""type"":""MultiPoint"",""coordinates"":[]}",-4.548236469755523,-14.940035161363127,-4.505083210295145,-15.599061929833374
1_1_1_1_1_1_1_1_1_1_1_2_51_0_1_1_1_1_1_1_1_1_1_1_1_2_51_0,0.187,0.1745,0.1558,0.1213,0.0588,0.0438,0.0658,0.0655,0.0786,0.0629,0.157,0.2712,6,6,-0.47943038,-0.45416668,0.0872093,-0.21696208,0.3327674,0.623466,-0.40933573,-0.6109296,19.98827863965085,73.92133166761869,51.0,Nashik,1,"{""type"":""MultiPoint"",""coordinates"":[]}",-10.009387265280122,-16.22474249475525,-8.533046908138424,-16.75146077236938
1_1_1_1_1_1_1_1_1_1_1_2_52_0_1_1_1_1_1_1_1_1_1_1_1_2_52_0,0.2554,0.2781,0.2103,0.2255,0.0878,0.0736,0.1042,0.0996,0.1384,0.1426,0.1914,0.2048,5,5,-0.4204672,-0.4725973,0.14324082,0.15179126,0.16070345,0.17904434,-0.29499322,-0.3455979,20.060143862380414,73.89123810560068,52.0,Nashik,1,"{""type"":""MultiPoint"",""coordinates"":[]}",-13.30617189883917,-22.380610523305535,-13.762817470508226,-20.782543468695792
1_1_1_1_1_1_1_1_1_1_1_2_53_0_1_1_1_1_1_1_1_1_1_1_1_2_53_0,0.2474,0.2259,0.1755,0.1693,0.074,0.0577,0.0834,0.0722,0.1244,0.108,0.2012,0.1686,5,5,-0.49576783,-0.5155988,0.10298707,0.14524715,0.23587224,0.21908894,-0.41391426,-0.4003322,20.12221744851308,73.93669285897712,53.0,Nashik,1,"{""type"":""MultiPoint"",""coordinates"":[]}",-14.111798537273996,-21.142641084878928,-12.356889449726898,-20.18158959640653
1_1_1_1_1_1_1_1_1_1_1_2_54_0_1_1_1_1_1_1_1_1_1_1_1_2_54_0,0.2813,0.2511,0.1819,0.1765,0.0577,0.046,0.0874,0.069,0.1176,0.0908,0.2598,0.2036,5,5,-0.5259018,-0.56888473,0.039733876,0.10446448,0.37678856,0.3831522,-0.49654377,-0.49376374,20.079457640988988,73.77050453141501,54.0,Nashik,1,"{""type"":""MultiPoint"",""coordinates"":[]}",-11.554562251719355,-16.997266644307874,-10.251652903227871,-16.784977508400797
1_1_1_1_1_1_1_1_1_1_1_2_55_0_1_1_1_1_1_1_1_1_1_1_1_2_55_0,0.1901,0.2241,0.118,0.1435,0.0503,0.0482,0.0636,0.0718,0.0608,0.073,0.2662,0.2844,4,4,-0.49862042,-0.5147009,-0.16677624,-0.118584074,0.62813455,0.59149414,-0.6143117,-0.5968557,19.993938025940807,73.91486379757302,55.0,Nashik,1,"{""type"":""MultiPoint"",""coordinates"":[]}",-7.975197996471915,-15.794587052779558,-8.541932521936321,-14.32786164421609
1_1_1_1_1_1_1_1_1_1_1_2_56_0_1_1_1_1_1_1_1_1_1_1_1_2_56_0,0.171,0.1523,0.1163,0.1097,0.0452,0.0405,0.0654,0.0644,0.0642,0.0651,0.2888,0.1786,4,4,-0.4467005,-0.4056299,-0.25619835,-0.07948021,0.6362606,0.46573657,-0.6307171,-0.46995884,20.13425487332028,73.8612343751111,56.0,Nashik,1,"{""type"":""MultiPoint"",""coordinates"":[]}",-10.247005620978669,-17.533301678975032,-9.049986835010895,-17.80011326390926
1_1_1_1_1_1_1_1_1_1_1_2_57_0_1_1_1_1_1_1_1_1_1_1_1_2_57_0,0.2002,0.15085,0.15125,0.092,0.0654,0.03465,0.08095,0.0559,0.102,0.0399,0.1762,0.32,4,4,-0.4241508,-0.4592503,0.06376196,-0.35924393,0.2667146,0.77827173,-0.3704064,-0.70258045,19.97390559510494,73.70097492842417,57.0,Nashik,1,"{""type"":""MultiPoint"",""coordinates"":[]}",-10.156462026362032,-17.312232882032635,-9.695344695733272,-17.39715211816144
1_1_1_1_1_1_1_1_1_1_1_2_58_0_1_1_1_1_1_1_1_1_1_1_1_2_58_0,0.2448,0.2532,0.2028,0.2045,0.0736,0.0662,0.0982,0.0882,0.1356,0.1218,0.1832,0.1616,5,5,-0.42740524,-0.48330405,0.14392523,0.22082931,0.14930992,0.14043754,-0.3020611,-0.29383507,20.070115162034146,73.87273281074782,58.0,Nashik,1,"{""type"":""MultiPoint"",""coordinates"":[]}",-12.60645475708045,-23.81408751733584,-11.938050908781362,-21.689498225409526
1_1_1_1_1_1_1_1_1_1_1_2_59_0_1_1_1_1_1_1_1_1_1_1_1_2_59_0,0.3205,0.2919,0.2315,0.2547,0.0773,0.1656,0.1082,0.2072,0.1584,0.2342,0.2418,0.2604,4,6,-0.4952181,-0.16970547,0.13996087,0.05703422,0.20839581,0.052972097,-0.38171428,-0.11377245,20.083679722824343,73.77625374923338,59.0,Nashik,1,"{""type"":""MultiPoint"",""coordinates"":[]}",-10.338302427565582,-18.177293951373244,-8.91811289068248,-16.778192336164004
1_1_1_1_1_1_1_1_1_1_1_2_60_0_1_1_1_1_1_1_1_1_1_1_1_2_60_0,0.2067,0.1849,0.135,0.1322,0.0506,0.0414,0.0655,0.0644,0.0702,0.0781,0.2362,0.2474,4,4,-0.51873624,-0.48335338,-0.066606455,-0.14457552,0.54177547,0.5201229,-0.5657938,-0.5869147,20.03867412708996,73.85368852672448,60.0,Nashik,1,"{""type"":""MultiPoint"",""coordinates"":[]}",-8.48446594957197,-15.662925394337355,-8.451963789977254,-17.70266410596089
1_1_1_1_1_1_1_1_1_1_1_2_61_0_1_1_1_1_1_1_1_1_1_1_1_2_61_0,0.2606,0.2298,0.2144,0.18505,0.1006,0.0698,0.1286,0.10145,0.1626,0.1331,0.251,0.2257,4,6,-0.33915725,-0.3874717,0.01876466,0.009001098,0.21373308,0.2580825,-0.32244468,-0.3797952,19.86098736389112,73.68211030745766,61.0,Nashik,1,"{""type"":""MultiPoint"",""coordinates"":[]}",-10.043222875582856,-19.474573818212082,-10.342470399774797,-16.54649011589943
1_1_1_1_1_1_1_1_1_1_1_2_62_0_1_1_1_1_1_1_1_1_1_1_1_2_62_0,0.2918,0.2879,0.2424,0.2393,0.0848,0.0732,0.1148,0.1054,0.167,0.1538,0.2296,0.2152,4,4,-0.43531728,-0.46402237,0.11929421,0.14450407,0.15784165,0.16639566,-0.33333334,-0.34248284,20.07721185277869,73.88989063267451,62.0,Nashik,1,"{""type"":""MultiPoint"",""coordinates"":[]}",-13.400026426546956,-24.200515533177153,-13.74876683657078,-21.31945647430825
1_1_1_1_1_1_1_1_1_1_1_2_63_0_1_1_1_1_1_1_1_1_1_1_1_2_63_0,0.1478,0.1738,0.0839,0.1486,0.0397,0.0456,0.058,0.066,0.0433,0.0985,0.284,0.1598,4,4,-0.43634596,-0.44954127,-0.31542382,0.041966427,0.7354109,0.23732094,-0.6608187,-0.41541186,20.036697833464896,73.8695887072534,63.0,Nashik,1,"{""type"":""MultiPoint"",""coordinates"":[]}",-10.139419039571752,-18.71243601316059,-9.11994197485255,-18.673367198260163
1_1_1_1_1_1_1_1_1_1_1_2_64_0_1_1_1_1_1_1_1_1_1_1_1_2_64_0,0.3612,0.365,0.2883,0.30165,0.0828,0.08185,0.1144,0.115,0.1738,0.1666,0.2502,0.2491,4,5,-0.51892346,-0.5208333,0.18155053,0.18873148,0.18018869,0.19846043,-0.372463,-0.36830541,19.889823284511355,73.69917829785592,64.0,Nashik,1,"{""type"":""MultiPoint"",""coordinates"":[]}",-14.726906726762603,-22.556105936831948,-9.50763763235059,-20.075692854716554
1_1_1_1_1_1_1_1_1_1_1_2_65_0_1_1_1_1_1_1_1_1_1_1_1_2_65_0,0.1372,0.1611,0.07935,0.1204,0.0521,0.0392,0.06835,0.058,0.05095,0.0694,0.4184,0.1326,4,4,-0.334955,-0.4705614,-0.5061195,0.09703779,0.7828912,0.31287128,-0.7191577,-0.3913956,19.920635498756656,73.79475904408625,65.0,Nashik,1,"{""type"":""MultiPoint"",""coordinates"":[]}",-9.939104682057383,-17.3335294857077,-10.429356703888189,-17.336636290030132
1_1_1_1_1_1_1_1_1_1_1_2_66_0_1_1_1_1_1_1_1_1_1_1_1_2_66_0,0.2678,0.2353,0.19165,0.1809,0.0709,0.0417,0.09,0.063,0.1178,0.0914,0.2231,0.1866,1,1,-0.49692565,-0.57760644,0.09105724,0.1154302,0.30888823,0.34244603,-0.4251038,-0.49519232,19.945429000598352,73.71983954939067,66.0,Nashik,1,"{""type"":""MultiPoint"",""coordinates"":[]}",-7.688979827330302,-13.681767831862306,-7.640075696008907,-13.47207815955702
1_1_1_1_1_1_1_1_1_1_1_2_67_0_1_1_1_1_1_1_1_1_1_1_1_2_67_0,0.20175,0.2025,0.1524,0.1419,0.07475,0.0587,0.1011,0.0798,0.1195,0.094,0.2105,0.2268,4,6,-0.33234274,-0.43464398,-0.021224985,-0.056603774,0.27575758,0.41396508,-0.35109115,-0.47945204,19.905992959625507,73.73547023533436,67.0,Nashik,1,"{""type"":""MultiPoint"",""coordinates"":[]}",-10.335512716596389,-19.83498238208827,-10.466134880636663,-18.070978501449503
1_1_1_1_1_1_1_1_1_1_1_2_68_0_1_1_1_1_1_1_1_1_1_1_1_2_68_0,0.2427,0.2226,0.18035,0.1871,0.0701,0.1396,0.0872,0.1774,0.1088,0.2094,0.2142,0.2458,6,6,-0.47135496,-0.113,0.062376887,-0.049530316,0.3263158,0.079964854,-0.42136696,-0.16162571,19.960610528899974,73.77517577089245,68.0,Nashik,1,"{""type"":""MultiPoint"",""coordinates"":[]}",-9.079639157527435,-16.647671370386767,-2.8696741787707163,-14.478013014016435
1_1_1_1_1_1_1_1_1_1_1_2_69_0_1_1_1_1_1_1_1_1_1_1_1_2_69_0,0.2228,0.2145,0.19195,0.1966,0.08125,0.0692,0.0995,0.0939,0.1436,0.132,0.1957,0.1742,5,4,-0.38256282,-0.39105058,0.064755075,0.10367893,0.15355143,0.13781843,-0.32588077,-0.2995151,19.90769975866533,73.94783196850021,69.0,Nashik,1,"{""type"":""MultiPoint"",""coordinates"":[]}",-9.957151349123865,-17.664396845721086,-10.021051188145416,-18.470191971953863
1_1_1_1_1_1_1_1_1_1_1_2_70_0_1_1_1_1_1_1_1_1_1_1_1_2_70_0,0.1929,0.2941,0.1704,0.2704,0.0789,0.1794,0.1014,0.2166,0.1252,0.2746,0.1904,0.3384,6,6,-0.31090724,-0.1517525,0.0065223062,-0.070039526,0.20659062,0.1040783,-0.30500343,-0.21945946,20.003011010310416,73.80517950138203,70.0,Nashik,1,"{""type"":""MultiPoint"",""coordinates"":[]}",-1.3948017274834625,-10.056970020189972,-4.011060107267137,-13.749722746447704
1_1_1_1_1_1_1_1_1_1_1_2_71_0_1_1_1_1_1_1_1_1_1_1_1_2_71_0,0.08265,0.1058,0.04965,0.0636,0.05005,0.0283,0.06055,0.0405,0.04975,0.032,0.1097,0.1007,0,0,-0.15432961,-0.44634312,-0.14062907,0.024697337,0.37597993,0.51770914,-0.2886931,-0.42634562,19.93240342897862,73.88054815371966,71.0,Nashik,1,"{""type"":""MultiPoint"",""coordinates"":[]}",-12.498162255821285,-18.817807180999747,-12.252037794518522,-18.96174532725366
1_1_1_1_1_1_1_1_1_1_1_2_72_0_1_1_1_1_1_1_1_1_1_1_1_2_72_0,0.3616,0.3506,0.3125,0.3097,0.132,0.1182,0.1688,0.1488,0.204,0.1822,0.263,0.2358,7,7,-0.36349925,-0.4040849,0.15786102,0.1957708,0.12633833,0.12822966,-0.21815656,-0.22620904,20.117007219865183,73.90004159538505,72.0,Nashik,1,"{""type"":""MultiPoint"",""coordinates"":[]}",-19.997337489926505,-27.524355711420473,-18.856511775241746,-26.151816361733008
1_1_1_1_1_1_1_1_1_1_1_2_73_0_1_1_1_1_1_1_1_1_1_1_1_2_73_0,0.1569,0.18155,0.1165,0.14335,0.0522,0.04375,0.0738,0.0739,0.0824,0.0814,0.2308,0.2236,4,4,-0.36020806,-0.42141318,-0.1906113,-0.10378872,0.47381866,0.4662295,-0.5154301,-0.50319326,19.891619915079595,73.87273281074782,73.0,Nashik,1,"{""type"":""MultiPoint"",""coordinates"":[]}",-9.178788420250449,-17.598870000251104,-10.167061241745197,-17.992151734952813
1_1_1_1_1_1_1_1_1_1_1_2_74_0_1_1_1_1_1_1_1_1_1_1_1_2_74_0,0.1643,0.182,0.1335,0.1572,0.0592,0.0473,0.0749,0.0644,0.0766,0.0686,0.1428,0.2006,4,5,-0.37374583,-0.47727272,0.07000977,-0.04861474,0.301732,0.49034175,-0.3118971,-0.51396227,19.964293621564863,73.92492492875516,74.0,Nashik,1,"{""type"":""MultiPoint"",""coordinates"":[]}",-11.408543959063733,-17.676705955605946,-10.29188270356585,-16.67091693406987
1_1_1_1_1_1_1_1_1_1_1_2_75_0_1_1_1_1_1_1_1_1_1_1_1_2_75_0,0.2513,0.26785,0.1937,0.1949,0.0672,0.0644,0.0966,0.0916,0.1206,0.117,0.2246,0.2306,4,5,-0.444668,-0.49033245,0.056104224,0.07473167,0.30127463,0.32681242,-0.3985056,-0.43140906,19.94012894042205,73.68031367688941,75.0,Nashik,1,"{""type"":""MultiPoint"",""coordinates"":[]}",-13.821884665898441,-20.668103599210706,-14.133010345987929,-19.559952998332324
1_1_1_1_1_1_1_1_1_1_1_2_76_0_1_1_1_1_1_1_1_1_1_1_1_2_76_0,0.2696,0.2846,0.1911,0.2081,0.0612,0.0536,0.0776,0.0714,0.1019,0.1038,0.1944,0.1798,5,5,-0.5529954,-0.5988764,0.16206896,0.22566752,0.3121836,0.26798308,-0.42941177,-0.43152866,20.086823826318767,73.86788190821358,76.0,Nashik,1,"{""type"":""MultiPoint"",""coordinates"":[]}",-12.448933761912592,-18.17102607550805,-10.81180587966539,-16.968736668804333
1_1_1_1_1_1_1_1_1_1_1_2_77_0_1_1_1_1_1_1_1_1_1_1_1_2_77_0,0.3398,0.3155,0.2651,0.2477,0.0844,0.0847,0.1145,0.1118,0.1689,0.1585,0.2518,0.236,5,5,-0.4959278,-0.47671425,0.14874916,0.14415231,0.19705254,0.1964512,-0.37482938,-0.35710177,20.130841275240623,73.6584846154853,77.0,Nashik,1,"{""type"":""MultiPoint"",""coordinates"":[]}",-9.138241635344528,-21.782238475510344,-7.865922233714496,-20.462648289025882
1_1_1_1_1_1_1_1_1_1_1_2_78_0_1_1_1_1_1_1_1_1_1_1_1_2_78_0,0.1778,0.215,0.1083,0.1736,0.0504,0.0589,0.06215,0.0813,0.0563,0.1004,0.398,0.1952,4,4,-0.4819754,-0.45123187,-0.38242444,0.048269138,0.7521462,0.32070366,-0.7298707,-0.4119349,19.91955752041571,73.93076397810194,78.0,Nashik,1,"{""type"":""MultiPoint"",""coordinates"":[]}",-13.014234075438587,-21.051187667753204,-9.991178549537358,-18.406236529105435
1_1_1_1_1_1_1_1_1_1_1_2_79_0_1_1_1_1_1_1_1_1_1_1_1_2_79_0,0.2261,0.1985,0.187,0.1663,0.0626,0.0476,0.087,0.0655,0.0929,0.0692,0.2114,0.2412,6,6,-0.444267,-0.5037879,0.0336,-0.097111665,0.38941833,0.5541237,-0.41689008,-0.5728725,20.01774338096997,73.75550266617022,79.0,Nashik,1,"{""type"":""MultiPoint"",""coordinates"":[]}",-5.9335583945125245,-11.80562810521857,-4.569839105226608,-10.485913253484489
1_1_1_1_1_1_1_1_1_1_1_2_80_0_1_1_1_1_1_1_1_1_1_1_1_2_80_0,0.163,0.21565,0.0922,0.14325,0.0364,0.04375,0.055,0.07465,0.047,0.082,0.2896,0.2607,4,4,-0.49541286,-0.48570445,-0.27971718,-0.09457332,0.7207368,0.5214473,-0.6807893,-0.5547935,19.87491125079497,73.94486752806262,80.0,Nashik,1,"{""type"":""MultiPoint"",""coordinates"":[]}",-11.733044636471295,-17.684782562573872,-9.364175608718899,-18.962050107033345
1_1_1_1_1_1_1_1_1_1_1_2_81_0_1_1_1_1_1_1_1_1_1_1_1_2_81_0,0.1903,0.1873,0.1338,0.1186,0.0468,0.0271,0.0719,0.0552,0.0633,0.0516,0.2158,0.258,4,4,-0.4515637,-0.5447423,-0.06279241,-0.15876937,0.5463991,0.6666667,-0.5001738,-0.6475096,20.11610890458106,73.84668166750835,81.0,Nashik,1,"{""type"":""MultiPoint"",""coordinates"":[]}",-9.739022266231972,-17.149811813033526,-10.150628876316583,-17.826317759893087
1_1_1_1_1_1_1_1_1_1_1_2_82_0_1_1_1_1_1_1_1_1_1_1_1_2_82_0,0.1539,0.1983,0.1009,0.1489,0.0355,0.0529,0.0523,0.0789,0.0463,0.1001,0.2688,0.2308,4,4,-0.49272552,-0.43073592,-0.271824,-0.07573992,0.706125,0.39498338,-0.67424476,-0.49047464,19.881199457783808,73.87066668559434,82.0,Nashik,1,"{""type"":""MultiPoint"",""coordinates"":[]}",-10.99819338204654,-18.1682630617314,-10.520907706703767,-17.771224123114486
1_1_1_1_1_1_1_1_1_1_1_2_83_0_1_1_1_1_1_1_1_1_1_1_1_2_83_0,0.2004,0.207,0.15425,0.148,0.0493,0.0425,0.0628,0.0628,0.071,0.0746,0.1672,0.206,6,6,-0.52279633,-0.53446996,0.09031556,0.0024213076,0.4038623,0.46828225,-0.45391303,-0.5327381,19.973636100519705,73.81524063256417,83.0,Nashik,1,"{""type"":""MultiPoint"",""coordinates"":[]}",-8.855569537698594,-15.008203559620872,-8.408093365776262,-15.040903098576004
1_1_1_1_1_1_1_1_1_1_1_2_84_0_1_1_1_1_1_1_1_1_1_1_1_2_84_0,0.3777,0.3627,0.2544,0.2105,0.099,0.087,0.1398,0.1226,0.1656,0.1416,0.4084,0.4172,1,1,-0.45971015,-0.49474552,-0.039053556,-0.069880754,0.42299652,0.4931997,-0.48996717,-0.5457577,20.10227484920562,73.73511090922071,84.0,Nashik,1,"{""type"":""MultiPoint"",""coordinates"":[]}",-12.369353834042766,-18.774126328777392,-12.146403498329652,-17.467890299633734
1_1_1_1_1_1_1_1_1_1_1_2_85_0_1_1_1_1_1_1_1_1_1_1_1_2_85_0,0.16015,0.1732,0.10545,0.1156,0.0511,0.0346,0.0705,0.062,0.05815,0.0548,0.2846,0.2742,4,4,-0.38868415,-0.4727891,-0.2798201,-0.22574878,0.66068566,0.6668693,-0.60292876,-0.63117194,19.90329801377315,73.85503599965067,85.0,Nashik,1,"{""type"":""MultiPoint"",""coordinates"":[]}",-9.951777758558176,-17.84349541242965,-10.055273414711586,-16.823511693231357
1_1_1_1_1_1_1_1_1_1_1_2_86_0_1_1_1_1_1_1_1_1_1_1_1_2_86_0,0.1824,0.1978,0.123,0.1181,0.0463,0.0369,0.0631,0.0614,0.0717,0.0441,0.1794,0.3484,4,4,-0.48594704,-0.52623457,0.008291874,-0.2757232,0.4289128,0.7752866,-0.4795876,-0.70034164,20.099310408768027,73.70519701025952,86.0,Nashik,1,"{""type"":""MultiPoint"",""coordinates"":[]}",-8.62289307771691,-16.556798468038348,-8.896964568205071,-17.731727815477004
1_1_1_1_1_1_1_1_1_1_1_2_87_0_1_1_1_1_1_1_1_1_1_1_1_2_87_0,0.1679,0.1712,0.13975,0.12865,0.0738,0.0594,0.09665,0.0818,0.111,0.08885,0.1603,0.1407,4,4,-0.26932526,-0.35335967,0.023156611,0.09778775,0.18171765,0.22587672,-0.24771357,-0.2647191,20.107664740910337,73.69172228099774,87.0,Nashik,1,"{""type"":""MultiPoint"",""coordinates"":[]}",-9.173654814367474,-16.882266734479877,-9.49385992073356,-16.629039388644205
1_1_1_1_1_1_1_1_1_1_1_2_88_0_1_1_1_1_1_1_1_1_1_1_1_2_88_0,0.27,0.2535,0.2314,0.2178,0.1073,0.1122,0.1395,0.1394,0.1787,0.1696,0.2383,0.2374,4,6,-0.31868133,-0.29040468,0.062364746,0.032796904,0.14292566,0.16658476,-0.26151404,-0.26008493,19.926115221989782,73.71157504877678,88.0,Nashik,1,"{""type"":""MultiPoint"",""coordinates"":[]}",-8.42552903490031,-16.71195757821458,-5.061973232372844,-13.925246826603361
1_1_1_1_1_1_1_1_1_1_1_2_89_0_1_1_1_1_1_1_1_1_1_1_1_2_89_0,0.1843,0.2096,0.1472,0.1547,0.0708,0.066,0.0788,0.0852,0.0954,0.1044,0.1798,0.1912,6,6,-0.40098822,-0.421981,0.012359242,0.045908183,0.30668604,0.29364005,-0.3905646,-0.3835022,20.14224987934894,73.92043335233457,89.0,Nashik,1,"{""type"":""MultiPoint"",""coordinates"":[]}",-8.021703935086567,-14.427646034087987,-6.482688052013232,-13.82290011424982
1_1_1_1_1_1_1_1_1_1_1_2_90_0_1_1_1_1_1_1_1_1_1_1_1_2_90_0,0.1489,0.1423,0.0802,0.0781,0.0483,0.0224,0.0593,0.0389,0.0488,0.0325,0.2006,0.1854,1,1,-0.43035543,-0.5706402,-0.14792562,-0.13152273,0.60866076,0.701698,-0.54367065,-0.6531431,20.0322062570443,73.73556006686277,90.0,Nashik,1,"{""type"":""MultiPoint"",""coordinates"":[]}",-11.823607479273939,-17.378094257029584,-10.33597206692624,-17.261666703633793
1_1_1_1_1_1_1_1_1_1_1_2_91_0_1_1_1_1_1_1_1_1_1_1_1_2_91_0,0.1909,0.2018,0.1292,0.1351,0.05315,0.0502,0.0729,0.0798,0.0732,0.0724,0.2311,0.2752,4,6,-0.44730857,-0.43323863,-0.095260665,-0.1538784,0.5188958,0.5834292,-0.52039474,-0.55042255,19.93015764076832,73.872553147691,91.0,Nashik,1,"{""type"":""MultiPoint"",""coordinates"":[]}",-6.960136160454074,-15.718200359050467,-6.799568233754616,-16.4903195471048
1_1_1_1_1_1_1_1_1_1_1_2_92_0_1_1_1_1_1_1_1_1_1_1_1_2_92_0,0.1627,0.1622,0.0996,0.08335,0.0674,0.0357,0.075,0.062,0.0594,0.04145,0.4604,0.3614,4,4,-0.36895245,-0.4469224,-0.4777724,-0.3804431,0.7714506,0.7942162,-0.71983564,-0.70713276,19.867185739351545,73.83967480829222,92.0,Nashik,1,"{""type"":""MultiPoint"",""coordinates"":[]}",-9.055313076867192,-16.151760750933967,-9.901221703636722,-16.28409996885855
1_1_1_1_1_1_1_1_1_1_1_2_93_0_1_1_1_1_1_1_1_1_1_1_1_2_93_0,0.30385,0.2815,0.238,0.2227,0.08445,0.0777,0.1078,0.1054,0.1515,0.1412,0.2137,0.207,4,4,-0.4762541,-0.4551564,0.17418607,0.15250768,0.17031763,0.18897186,-0.32939348,-0.32522407,19.951537544530368,73.93777083731807,93.0,Nashik,1,"{""type"":""MultiPoint"",""coordinates"":[]}",-15.926516436085969,-25.612868440293838,-15.310582004838754,-23.869688940034873
1_1_1_1_1_1_1_1_1_1_1_2_94_0_1_1_1_1_1_1_1_1_1_1_1_2_94_0,0.19305,0.21215,0.1229,0.13735,0.0372,0.05365,0.05065,0.07655,0.04055,0.0779,0.2955,0.2975,4,4,-0.584325,-0.46969172,-0.20970218,-0.16746788,0.7586669,0.584976,-0.7073523,-0.59069645,20.10595794187051,73.66028124605356,94.0,Nashik,1,"{""type"":""MultiPoint"",""coordinates"":[]}",-9.739310524786308,-18.500441101940076,-9.361000457256267,-17.548759357588455
1_1_1_1_1_1_1_1_1_1_1_2_95_0_1_1_1_1_1_1_1_1_1_1_1_2_95_0,0.15915,0.1681,0.08605,0.1006,0.043,0.0271,0.05105,0.0432,0.0403,0.0396,0.2119,0.1936,1,1,-0.5142721,-0.5911027,-0.14216413,-0.07050041,0.68041235,0.6603774,-0.61171323,-0.6351351,19.902399698489027,73.83464424270115,95.0,Nashik,1,"{""type"":""MultiPoint"",""coordinates"":[]}",-7.133788729594384,-13.003361849464651,-7.50842127233529,-14.05931944927267
1_1_1_1_1_1_1_1_1_1_1_2_96_0_1_1_1_1_1_1_1_1_1_1_1_2_96_0,0.22515,0.2033,0.1636,0.14125,0.0541,0.04305,0.07695,0.06545,0.1212,0.0844,0.2409,0.2392,4,4,-0.49056605,-0.5129302,-0.033794656,-0.081129946,0.33057165,0.47836834,-0.51580936,-0.5703266,20.135063357075985,73.70573599943,96.0,Nashik,1,"{""type"":""MultiPoint"",""coordinates"":[]}",-10.528678879122758,-15.954746219782436,-9.39707991331898,-18.268333902105155
1_1_1_1_1_1_1_1_1_1_1_2_97_0_1_1_1_1_1_1_1_1_1_1_1_2_97_0,0.2251,0.1612,0.157,0.1037,0.065,0.0392,0.0814,0.0621,0.0988,0.0688,0.226,0.2916,4,4,-0.46884176,-0.4437976,-0.001995123,-0.28798586,0.3916256,0.618202,-0.47039688,-0.648855,19.999327917645523,73.9335487554827,97.0,Nashik,1,"{""type"":""MultiPoint"",""coordinates"":[]}",-10.27386880962104,-19.69297750895182,-10.384053812694171,-16.75747458870498
1_1_1_1_1_1_1_1_1_1_1_2_98_0_1_1_1_1_1_1_1_1_1_1_1_2_98_0,0.11425,0.1484,0.0618,0.0836,0.0435,0.0304,0.0462,0.0404,0.0393,0.0344,0.1313,0.1546,0,1,-0.42411965,-0.5720339,-0.06943596,-0.020462045,0.53927314,0.6359788,-0.4794366,-0.585641,19.92638471657502,73.7831707769211,98.0,Nashik,1,"{""type"":""MultiPoint"",""coordinates"":[]}",-14.638062345189656,-19.78479361847509,-13.425315255429457,-18.91325998351841
1_1_1_1_1_1_1_1_1_1_1_2_99_0_1_1_1_1_1_1_1_1_1_1_1_2_99_0,0.1726,0.1936,0.1413,0.1589,0.0805,0.0814,0.0894,0.0942,0.0961,0.1032,0.172,0.1604,6,6,-0.31755725,-0.34537873,0.0017411491,0.09378531,0.28310332,0.21699545,-0.3159908,-0.2600157,19.977858182355067,73.7462500187438,99.0,Nashik,1,"{""type"":""MultiPoint"",""coordinates"":[]}",-5.341673532881853,-15.098721790649616,-3.826498030345814,-13.867270199664256
1_1_1_1_1_1_1_1_1_1_1_2_100_0_1_1_1_1_1_1_1_1_1_1_1_2_100_0,0.1414,0.171,0.0702,0.1073,0.0461,0.0482,0.0646,0.0748,0.0467,0.0665,0.3528,0.3088,4,4,-0.37281552,-0.3913751,-0.42776203,-0.287203,0.76620775,0.6456168,-0.6904648,-0.61001045,20.015317929702853,73.8853990562539,100.0,Nashik,1,"{""type"":""MultiPoint"",""coordinates"":[]}",-12.615787694146475,-17.987759666579436,-10.971845411760368,-19.083585730075814
1_1_1_1_1_1_1_1_1_1_1_2_101_0_1_1_1_1_1_1_1_1_1_1_1_2_101_0,0.2929,0.307,0.2588,0.2564,0.1128,0.1276,0.1404,0.1672,0.1584,0.191,0.2544,0.2932,6,6,-0.35195014,-0.29481232,0.070345335,0.022992335,0.23255815,0.2110698,-0.2887538,-0.27367505,19.997531287077287,73.86626494070215,101.0,Nashik,1,"{""type"":""MultiPoint"",""coordinates"":[]}",-10.036236702326198,-14.001494552538174,-8.998569855723218,-16.123601467720565
1_1_1_1_1_1_1_1_1_1_1_2_102_0_1_1_1_1_1_1_1_1_1_1_1_2_102_0,0.2891,0.3896,0.2062,0.2747,0.0579,0.075,0.066,0.1024,0.1094,0.1616,0.2074,0.2654,4,4,-0.6282737,-0.5837398,0.16455187,0.18961832,0.30934343,0.24309133,-0.51719093,-0.44317564,20.116558062223124,73.78478774443252,102.0,Nashik,1,"{""type"":""MultiPoint"",""coordinates"":[]}",-13.247226896574638,-18.342606935268556,-10.412163081043657,-17.630851107524666
1_1_1_1_1_1_1_1_1_1_1_2_103_0_1_1_1_1_1_1_1_1_1_1_1_2_103_0,0.1786,0.158,0.1607,0.1084,0.057,0.046,0.083,0.0705,0.0852,0.0872,0.17,0.2642,4,4,-0.36544344,-0.38293216,0.02467011,-0.25153956,0.3322884,0.5036995,-0.34387353,-0.57872725,19.974893741917477,73.931213135744,103.0,Nashik,1,"{""type"":""MultiPoint"",""coordinates"":[]}",-11.093300402724068,-17.529657095097555,-10.123311438747212,-17.654954847629444
1_1_1_1_1_1_1_1_1_1_1_2_104_0_1_1_1_1_1_1_1_1_1_1_1_2_104_0,0.2592,0.1745,0.2091,0.1357,0.1702,0.0444,0.201,0.0767,0.2178,0.0787,0.2946,0.1532,6,4,-0.12646675,-0.38933122,-0.063921995,0.06499848,0.1498829,0.32125917,-0.18886198,-0.33275336,20.040919915300258,73.76188070468747,104.0,Nashik,1,"{""type"":""MultiPoint"",""coordinates"":[]}",-8.330398451010325,-17.245119895397394,-8.242970573332247,-17.45456347469459
1_1_1_1_1_1_1_1_1_1_1_2_105_0_1_1_1_1_1_1_1_1_1_1_1_2_105_0,0.2072,0.2268,0.1534,0.16695,0.0436,0.055,0.058,0.08085,0.06075,0.0907,0.2058,0.206,4,4,-0.5625943,-0.47440273,0.0033898305,0.04805915,0.54417557,0.388608,-0.56027293,-0.43629074,20.056999758886,73.70546650484476,105.0,Nashik,1,"{""type"":""MultiPoint"",""coordinates"":[]}",-10.22825495610801,-16.401982146984125,-11.673980459602893,-19.041645734677793
1_1_1_1_1_1_1_1_1_1_1_2_106_0_1_1_1_1_1_1_1_1_1_1_1_2_106_0,0.2555,0.24845,0.1917,0.18755,0.06225,0.06075,0.0828,0.0792,0.1129,0.1075,0.2097,0.1939,4,4,-0.51049364,-0.5165573,0.09845228,0.12331864,0.300062,0.28666225,-0.43384615,-0.4199927,19.912281166614346,73.68255946509971,106.0,Nashik,1,"{""type"":""MultiPoint"",""coordinates"":[]}",-10.942821504874532,-16.872106608998234,-10.137276120141635,-15.801505331068368
1_1_1_1_1_1_1_1_1_1_1_2_107_0_1_1_1_1_1_1_1_1_1_1_1_2_107_0,0.3308,0.3283,0.2416,0.2455,0.1084,0.0836,0.1422,0.1218,0.2078,0.1744,0.3288,0.2884,4,4,-0.3987315,-0.45878693,0.0030321407,0.0646992,0.22549385,0.2463267,-0.39617833,-0.40614334,20.11026985523429,73.77463678172197,107.0,Nashik,1,"{""type"":""MultiPoint"",""coordinates"":[]}",-14.476964241919577,-19.4963413503286,-12.21622423942242,-18.75062253935586
1_1_1_1_1_1_1_1_1_1_1_2_108_0_1_1_1_1_1_1_1_1_1_1_1_2_108_0,0.24435,0.1942,0.209,0.147,0.0871,0.0621,0.1124,0.0808,0.1454,0.0938,0.2216,0.2206,6,6,-0.36986685,-0.41236365,0.04882498,-0.06364513,0.20762943,0.40330788,-0.3269461,-0.46383545,20.009928037998137,73.70402920039017,108.0,Nashik,1,"{""type"":""MultiPoint"",""coordinates"":[]}",-8.021866854737258,-17.21018523012744,-2.437979744922663,-13.90051792772532
1_1_1_1_1_1_1_1_1_1_1_2_109_0_1_1_1_1_1_1_1_1_1_1_1_2_109_0,0.1575,0.2166,0.093,0.1585,0.0526,0.0772,0.0625,0.1044,0.0594,0.1306,0.2996,0.2176,4,4,-0.4318182,-0.34953272,-0.31087288,-0.0023030862,0.6690808,0.2498564,-0.6547915,-0.35155278,20.093740854006487,73.90947390586831,109.0,Nashik,1,"{""type"":""MultiPoint"",""coordinates"":[]}",-8.906308740384395,-17.22856495341248,-8.706106881260283,-19.023963701093233
1_1_1_1_1_1_1_1_1_1_1_2_110_0_1_1_1_1_1_1_1_1_1_1_1_2_110_0,0.19755,0.2493,0.1543,0.19385,0.0479,0.0686,0.0665,0.0917,0.07945,0.1173,0.1892,0.1953,4,5,-0.49630752,-0.4621701,0.021590175,0.12145749,0.4085241,0.24952015,-0.4798592,-0.36097562,20.145304151314942,73.67384580684376,110.0,Nashik,1,"{""type"":""MultiPoint"",""coordinates"":[]}",-11.217792947235116,-19.086133958515596,-10.44642716690548,-18.8931277456146
1_1_1_1_1_1_1_1_1_1_1_2_111_0_1_1_1_1_1_1_1_1_1_1_1_2_111_0,0.276,0.2774,0.1944,0.2003,0.0582,0.0458,0.07895,0.071,0.0965,0.0903,0.2214,0.2052,5,1,-0.5551486,-0.5924225,0.109770805,0.1496063,0.39289084,0.38883248,-0.47428,-0.4858798,19.910574367574515,73.81344400199593,111.0,Nashik,1,"{""type"":""MultiPoint"",""coordinates"":[]}",-11.043117356398982,-16.68744445516817,-9.914697912101042,-15.362710125503337
1_1_1_1_1_1_1_1_1_1_1_2_112_0_1_1_1_1_1_1_1_1_1_1_1_2_112_0,0.1731,0.1828,0.1122,0.1209,0.0471,0.0341,0.0681,0.0596,0.0684,0.0584,0.222,0.2408,4,4,-0.4353234,-0.50825083,-0.12376613,-0.13692163,0.5289256,0.6096257,-0.53050673,-0.6031957,20.132907400394096,73.76834857473312,112.0,Nashik,1,"{""type"":""MultiPoint"",""coordinates"":[]}",-11.903222320984149,-19.230699465197773,-10.394111698036363,-16.81836802791006
1_1_1_1_1_1_1_1_1_1_1_2_113_0_1_1_1_1_1_1_1_1_1_1_1_2_113_0,0.1903,0.2078,0.1159,0.1569,0.0521,0.0614,0.0836,0.0932,0.0703,0.125,0.2894,0.2152,4,4,-0.38955823,-0.3807309,-0.20658745,-0.01749409,0.6091187,0.26513815,-0.5517426,-0.39559016,20.053137003164284,73.87551758812859,113.0,Nashik,1,"{""type"":""MultiPoint"",""coordinates"":[]}",-9.343702291452102,-17.179313033106766,-10.151294225804882,-17.7536754143336
1_1_1_1_1_1_1_1_1_1_1_2_114_0_1_1_1_1_1_1_1_1_1_1_1_2_114_0,0.1624,0.1737,0.10775,0.1054,0.059,0.0482,0.0922,0.0712,0.06635,0.0687,0.328,0.2634,4,6,-0.27572662,-0.41853818,-0.33768353,-0.2052162,0.6634969,0.5862692,-0.56116134,-0.57441723,19.917042237620176,73.87524809354335,114.0,Nashik,1,"{""type"":""MultiPoint"",""coordinates"":[]}",-9.218875503511978,-16.4014724013729,-9.291038443982778,-15.396098826225975
1_1_1_1_1_1_1_1_1_1_1_2_115_0_1_1_1_1_1_1_1_1_1_1_1_2_115_0,0.1137,0.11855,0.0746,0.08705,0.054,0.0438,0.0738,0.0643,0.0717,0.06095,0.1826,0.1782,6,6,-0.2128,-0.29669127,-0.23253459,-0.20101096,0.43609908,0.49027807,-0.42433697,-0.4696907,19.985224367684847,73.66674911609921,115.0,Nashik,1,"{""type"":""MultiPoint"",""coordinates"":[]}",-9.59789884841894,-17.455735409757583,-8.775954139722955,-15.873451971441838
1_1_1_1_1_1_1_1_1_1_1_2_116_0_1_1_1_1_1_1_1_1_1_1_1_2_116_0,0.1912,0.2034,0.1309,0.1339,0.0562,0.0301,0.0693,0.0505,0.07725,0.0632,0.1863,0.164,1,1,-0.46794626,-0.6022056,0.012980132,0.107240066,0.41377348,0.44366196,-0.45774648,-0.52913755,19.91398796565417,73.75801794896576,116.0,Nashik,1,"{""type"":""MultiPoint"",""coordinates"":[]}",-10.135442366969727,-16.02356480375969,-8.22138285640466,-13.636408517958692
1_1_1_1_1_1_1_1_1_1_1_2_117_0_1_1_1_1_1_1_1_1_1_1_1_2_117_0,0.2472,0.23605,0.1854,0.16695,0.061,0.0574,0.083,0.086,0.125,0.0982,0.2142,0.2245,4,4,-0.49727437,-0.46592143,0.07152145,0.02507871,0.2629717,0.3913852,-0.44145358,-0.44605476,19.863053489044592,73.65704731103072,117.0,Nashik,1,"{""type"":""MultiPoint"",""coordinates"":[]}",-11.54753324156628,-18.7712462722971,-10.650474501740767,-18.303754338486375
1_1_1_1_1_1_1_1_1_1_1_2_118_0_1_1_1_1_1_1_1_1_1_1_1_2_118_0,0.1593,0.19325,0.1136,0.13375,0.0439,0.04595,0.0596,0.0779,0.0712,0.0816,0.1964,0.2541,4,4,-0.45545912,-0.4254103,-0.10430138,-0.13602325,0.4678625,0.51385164,-0.534375,-0.5307229,19.858921238737643,73.88926181197562,118.0,Nashik,1,"{""type"":""MultiPoint"",""coordinates"":[]}",-10.088985958166267,-16.79752088550803,-10.02984034125445,-18.039365981085886
1_1_1_1_1_1_1_1_1_1_1_2_119_0_1_1_1_1_1_1_1_1_1_1_1_2_119_0,0.2509,0.2761,0.1888,0.2074,0.0654,0.0628,0.0925,0.0896,0.1174,0.1234,0.2514,0.2346,1,6,-0.46126965,-0.50998086,-0.0009954211,0.08126102,0.36334056,0.31061453,-0.4620529,-0.44725478,20.111078338989994,73.79134544600659,119.0,Nashik,1,"{""type"":""MultiPoint"",""coordinates"":[]}",-9.094400924052763,-17.865540593088852,-8.81255024758563,-15.507856320906534
1_1_1_1_1_1_1_1_1_1_1_2_120_0_1_1_1_1_1_1_1_1_1_1_1_2_120_0,0.29375,0.3225,0.2175,0.2399,0.083,0.0888,0.1151,0.1162,0.1638,0.1656,0.2623,0.2583,4,4,-0.43695733,-0.47025302,0.056559663,0.11053719,0.2311664,0.21868365,-0.3900371,-0.37943926,20.112964801086644,73.72271415829987,120.0,Nashik,1,"{""type"":""MultiPoint"",""coordinates"":[]}",-11.527601458345382,-20.542593730989772,-11.707866284610386,-18.725638886923278
1_1_1_1_1_1_1_1_1_1_1_2_121_0_1_1_1_1_1_1_1_1_1_1_1_2_121_0,0.1145,0.1543,0.0839,0.1012,0.0481,0.0443,0.0578,0.0741,0.0588,0.066,0.1676,0.318,4,4,-0.32907718,-0.35113835,-0.18823113,-0.34660172,0.48056537,0.65625,-0.48713398,-0.6220352,19.99896859153188,73.94738281085816,121.0,Nashik,1,"{""type"":""MultiPoint"",""coordinates"":[]}",-10.82314355273416,-16.95408871835588,-9.45361589667501,-16.31020054539866
1_1_1_1_1_1_1_1_1_1_1_2_122_0_1_1_1_1_1_1_1_1_1_1_1_2_122_0,0.1725,0.2145,0.1044,0.1665,0.0392,0.0584,0.0607,0.0842,0.0477,0.1166,0.3072,0.1968,4,4,-0.47941682,-0.43622363,-0.2808005,0.04303428,0.7311919,0.255903,-0.67001903,-0.40071175,20.123654752967667,73.880188827606,122.0,Nashik,1,"{""type"":""MultiPoint"",""coordinates"":[]}",-11.951579215758212,-19.4848524379843,-10.860089160420564,-21.86972029440843
1_1_1_1_1_1_1_1_1_1_1_2_123_0_1_1_1_1_1_1_1_1_1_1_1_2_123_0,0.1651,0.19,0.0952,0.1184,0.0588,0.0454,0.0735,0.083,0.0774,0.0796,0.22,0.31,4,4,-0.38390613,-0.3919414,-0.14256038,-0.24,0.4794889,0.59137577,-0.49914822,-0.57760817,20.027355354510053,73.86599544611693,123.0,Nashik,1,"{""type"":""MultiPoint"",""coordinates"":[]}",-9.576032207817978,-18.85781500819496,-11.139539365611084,-18.808419011276392
1_1_1_1_1_1_1_1_1_1_1_2_124_0_1_1_1_1_1_1_1_1_1_1_1_2_124_0,0.1737,0.1277,0.0934,0.0859,0.0385,0.033,0.06385,0.053,0.0492,0.0493,0.3135,0.1766,4,4,-0.46242896,-0.41339236,-0.28694582,-0.16069669,0.7287014,0.5635237,-0.66158736,-0.5383275,20.03813513791949,73.70384953733335,124.0,Nashik,1,"{""type"":""MultiPoint"",""coordinates"":[]}",-9.252328360909848,-16.59639260637437,-8.411749265364909,-14.610476336348688
1_1_1_1_1_1_1_1_1_1_1_2_125_0_1_1_1_1_1_1_1_1_1_1_1_2_125_0,0.0111,0.0119,0.0088,0.0105,0.0502,0.0371,0.0648,0.0481,0.03785,0.02805,0.01985,0.01505,0,0,0.7075099,0.60333335,-0.28271407,-0.116883114,-0.3119584,-0.30162412,0.53101003,0.5233571,20.023672261845164,73.67061187182092,125.0,Nashik,1,"{""type"":""MultiPoint"",""coordinates"":[]}",-21.272041932507705,-28.034335293181467,-21.491873903575463,-32.03624316351895
1_1_1_1_1_1_1_1_1_1_1_2_126_0_1_1_1_1_1_1_1_1_1_1_1_2_126_0,0.2174,0.2146,0.1804,0.1776,0.0756,0.1104,0.0938,0.1454,0.1062,0.1396,0.2608,0.2944,6,6,-0.39717224,-0.19222222,-0.090757005,-0.156778,0.4212534,0.35668203,-0.4709532,-0.33879036,20.020528158350743,73.80482017526839,126.0,Nashik,1,"{""type"":""MultiPoint"",""coordinates"":[]}",-2.6071837275886596,-15.918996096334544,-2.962139987963611,-15.729599601598295
1_1_1_1_1_1_1_1_1_1_1_2_127_0_1_1_1_1_1_1_1_1_1_1_1_2_127_0,0.2023,0.171,0.13405,0.1005,0.0488,0.03565,0.0692,0.0616,0.0798,0.0579,0.2161,0.2613,4,4,-0.4902394,-0.47033533,-0.032982793,-0.20888272,0.4606286,0.63721806,-0.5148966,-0.61845773,20.12428357366655,73.67698991033818,127.0,Nashik,1,"{""type"":""MultiPoint"",""coordinates"":[]}",-8.594926595922324,-15.889163265897297,-9.37265544602215,-16.85015168607309
1_1_1_1_1_1_1_1_1_1_1_2_128_0_1_1_1_1_1_1_1_1_1_1_1_2_128_0,0.2077,0.2148,0.1533,0.1651,0.0512,0.0738,0.073,0.1044,0.0896,0.1456,0.2092,0.2144,4,4,-0.47987175,-0.34586465,-0.003597985,0.00093196647,0.40026775,0.19111112,-0.48263642,-0.34504393,19.914077797182586,73.93669285897712,128.0,Nashik,1,"{""type"":""MultiPoint"",""coordinates"":[]}",-10.806862074975081,-17.299296807233826,-10.144025802546512,-17.033226782135298
1_1_1_1_1_1_1_1_1_1_1_2_129_0_1_1_1_1_1_1_1_1_1_1_1_2_129_0,0.1969,0.2206,0.1517,0.1597,0.059,0.0532,0.0826,0.0866,0.1036,0.104,0.2338,0.2502,4,4,-0.40894455,-0.4361979,-0.08567449,-0.06287171,0.38589212,0.41276115,-0.4778761,-0.48574823,20.128595487030324,73.90165856289647,129.0,Nashik,1,"{""type"":""MultiPoint"",""coordinates"":[]}",-10.459187512500359,-18.70559635192834,-10.272827442887651,-17.716398906717117
1_1_1_1_1_1_1_1_1_1_1_2_130_0_1_1_1_1_1_1_1_1_1_1_1_2_130_0,0.0117,0.01245,0.0084,0.01075,0.05335,0.03725,0.0724,0.0485,0.0451,0.02845,0.02625,0.01775,0,0,0.7217598,0.5914684,-0.38339922,-0.17549668,-0.2641906,-0.23160173,0.46781552,0.46415094,20.03553002359554,73.67097119793458,130.0,Nashik,1,"{""type"":""MultiPoint"",""coordinates"":[]}",-21.181657595151563,-28.902258163951675,-21.25330906996521,-30.843368960331922
1_1_1_1_1_1_1_1_1_1_1_2_131_0_1_1_1_1_1_1_1_1_1_1_1_2_131_0,0.2026,0.1647,0.1512,0.1319,0.0544,0.0562,0.0736,0.0774,0.09,0.0932,0.1822,0.1852,4,4,-0.46705285,-0.3605948,0.053014554,-0.05858817,0.3387215,0.33045977,-0.42455044,-0.41051027,20.00346016795248,73.92770970613593,131.0,Nashik,1,"{""type"":""MultiPoint"",""coordinates"":[]}",-7.687526552926032,-16.072162184247162,-7.869461132462707,-17.577081522682768
1_1_1_1_1_1_1_1_1_1_1_2_132_0_1_1_1_1_1_1_1_1_1_1_1_2_132_0,0.2828,0.2472,0.2252,0.19835,0.0822,0.07895,0.1064,0.0982,0.1438,0.1211,0.2032,0.1784,4,6,-0.4532374,-0.4313839,0.16378601,0.16165413,0.17118156,0.19131887,-0.3126615,-0.2899494,19.851644884936277,73.6561489957466,132.0,Nashik,1,"{""type"":""MultiPoint"",""coordinates"":[]}",-12.593555119915587,-20.365014541430174,-11.4150461644881,-16.47445872395544
1_1_1_1_1_1_1_1_1_1_1_2_133_0_1_1_1_1_1_1_1_1_1_1_1_2_133_0,0.24855,0.2414,0.1855,0.1765,0.0596,0.0594,0.0742,0.0876,0.09705,0.1007,0.2295,0.2786,4,4,-0.54020137,-0.4674772,0.03984939,-0.07153846,0.40560403,0.4690219,-0.5113599,-0.5215729,19.94731546269501,73.78056566259716,133.0,Nashik,1,"{""type"":""MultiPoint"",""coordinates"":[]}",-10.551749173796303,-17.138723923977068,-10.553405032684026,-18.44609068156042
1_1_1_1_1_1_1_1_1_1_1_2_134_0_1_1_1_1_1_1_1_1_1_1_1_2_134_0,0.1648,0.2047,0.1389,0.1476,0.0703,0.134,0.0922,0.1594,0.1074,0.17,0.21,0.2842,4,6,-0.28249028,-0.124416366,-0.12059765,-0.16260993,0.32325143,0.25143108,-0.3898081,-0.28133455,19.979295486809654,73.86105471205427,134.0,Nashik,1,"{""type"":""MultiPoint"",""coordinates"":[]}",-8.397482361453994,-17.60285775257442,-7.758600931923102,-17.027677421060798
1_1_1_1_1_1_1_1_1_1_1_2_135_0_1_1_1_1_1_1_1_1_1_1_1_2_135_0,0.1573,0.1528,0.0957,0.1082,0.0494,0.0478,0.0625,0.0728,0.0542,0.0784,0.3006,0.2496,4,4,-0.43130118,-0.35460994,-0.31295043,-0.24055666,0.69447577,0.5219512,-0.6557422,-0.5483871,19.981720938076784,73.8612343751111,135.0,Nashik,1,"{""type"":""MultiPoint"",""coordinates"":[]}",-6.625096147743487,-16.4640054444475,-6.705760070287424,-16.481854528946876
1_1_1_1_1_1_1_1_1_1_1_2_136_0_1_1_1_1_1_1_1_1_1_1_1_2_136_0,0.1808,0.1784,0.14575,0.1408,0.05225,0.0452,0.06515,0.0596,0.0659,0.0606,0.1932,0.1948,6,6,-0.47021753,-0.49915966,-0.03315508,-0.043944266,0.49131608,0.5254503,-0.49564543,-0.5314465,19.94156624487664,73.82116951343936,136.0,Nashik,1,"{""type"":""MultiPoint"",""coordinates"":[]}",-8.377177257909363,-15.980793864536437,-8.724334973578891,-15.089780951083892
1_1_1_1_1_1_1_1_1_1_1_2_137_0_1_1_1_1_1_1_1_1_1_1_1_2_137_0,0.1972,0.16905,0.1393,0.11645,0.0544,0.0422,0.07,0.06445,0.0808,0.07235,0.201,0.1999,4,4,-0.4760479,-0.44796574,-0.009542943,-0.08361567,0.42654365,0.4685032,-0.48339483,-0.5123889,19.886140191846465,73.84407655318441,137.0,Nashik,1,"{""type"":""MultiPoint"",""coordinates"":[]}",-9.22641152083156,-16.262145226927288,-9.133876905229174,-17.464385447722254
1_1_1_1_1_1_1_1_1_1_1_2_138_0_1_1_1_1_1_1_1_1_1_1_1_2_138_0,0.3207,0.294,0.2393,0.24,0.072,0.0728,0.0966,0.1021,0.1408,0.1412,0.2132,0.207,5,5,-0.5370237,-0.48447362,0.20134857,0.1736527,0.20451978,0.18897186,-0.37637186,-0.33937237,20.071642298017142,73.80886259404691,138.0,Nashik,1,"{""type"":""MultiPoint"",""coordinates"":[]}",-13.9565521171906,-22.90150199097749,-9.781445079420244,-16.00851821483689
1_1_1_1_1_1_1_1_1_1_1_2_139_0_1_1_1_1_1_1_1_1_1_1_1_2_139_0,0.2159,0.2022,0.122,0.1468,0.0454,0.0454,0.0789,0.0668,0.0547,0.0916,0.34,0.2174,4,6,-0.46472186,-0.5033457,-0.2232416,-0.036224976,0.72282743,0.40711975,-0.6232991,-0.52990854,20.05349632927793,73.90471283486248,139.0,Nashik,1,"{""type"":""MultiPoint"",""coordinates"":[]}",-7.575581147753674,-15.654741860590239,-7.705034268110376,-17.45901878172903
1_1_1_1_1_1_1_1_1_1_1_2_140_0_1_1_1_1_1_1_1_1_1_1_1_2_140_0,0.1607,0.1564,0.09875,0.099,0.03885,0.0311,0.05765,0.04785,0.05615,0.0421,0.2317,0.2137,4,6,-0.4719487,-0.53145653,-0.18093781,-0.15482302,0.60986626,0.67083657,-0.60152066,-0.6341044,20.09850192501232,73.69423756379327,140.0,Nashik,1,"{""type"":""MultiPoint"",""coordinates"":[]}",-9.200986524866359,-15.22025626152213,-7.17669192785952,-14.150924753551875
1_1_1_1_1_1_1_1_1_1_1_2_141_0_1_1_1_1_1_1_1_1_1_1_1_2_141_0,0.1476,0.15565,0.09575,0.0957,0.0468,0.03825,0.06265,0.0544,0.0589,0.0475,0.2539,0.2789,4,6,-0.4040428,-0.4820281,-0.26475716,-0.28362674,0.6234015,0.70894605,-0.60416996,-0.67356735,19.9668089043604,73.6952257106058,141.0,Nashik,1,"{""type"":""MultiPoint"",""coordinates"":[]}",-8.119571695770107,-14.877958869814758,-8.51636095393504,-14.397468985239506
1_1_1_1_1_1_1_1_1_1_1_2_142_0_1_1_1_1_1_1_1_1_1_1_1_2_142_0,0.15815,0.1943,0.11035,0.1324,0.0593,0.056,0.08135,0.0734,0.08835,0.0838,0.1549,0.1974,4,1,-0.32066807,-0.45162496,0.010381728,-0.00791422,0.27358684,0.40398294,-0.31132275,-0.45790252,19.89988441569349,73.81892372522906,142.0,Nashik,1,"{""type"":""MultiPoint"",""coordinates"":[]}",-10.82547944411492,-16.761279668846463,-9.498631757154477,-16.01477359127862
1_1_1_1_1_1_1_1_1_1_1_2_143_0_1_1_1_1_1_1_1_1_1_1_1_2_143_0,0.16905,0.1693,0.11265,0.137,0.05035,0.0531,0.06335,0.0716,0.06315,0.0874,0.2164,0.1448,4,4,-0.4548193,-0.40556246,-0.12284343,0.078000635,0.54820246,0.24720068,-0.5470956,-0.33826247,19.97740902471301,73.74238726302208,143.0,Nashik,1,"{""type"":""MultiPoint"",""coordinates"":[]}",-7.362015412198959,-15.554698037434475,-7.224179609389906,-16.12628913968357
1_1_1_1_1_1_1_1_1_1_1_2_144_0_1_1_1_1_1_1_1_1_1_1_1_2_144_0,0.1531,0.1831,0.1079,0.1296,0.0611,0.093,0.0744,0.1228,0.0626,0.1212,0.242,0.2322,4,6,-0.34593406,-0.19712324,-0.22500633,-0.11822779,0.5889691,0.31409168,-0.5297092,-0.308169,20.124553068251785,73.8500054340596,144.0,Nashik,1,"{""type"":""MultiPoint"",""coordinates"":[]}",-9.644873179720593,-16.4647383448131,-9.297636840329037,-16.46038218283389
1_1_1_1_1_1_1_1_1_1_1_2_145_0_1_1_1_1_1_1_1_1_1_1_1_2_145_0,0.218,0.1642,0.1421,0.113,0.06675,0.0464,0.0902,0.0598,0.0988,0.0691,0.2519,0.1848,4,4,-0.4146658,-0.46607143,-0.07214301,-0.059025787,0.43655547,0.45569122,-0.4726688,-0.5110384,19.93653567928557,73.78209279858017,145.0,Nashik,1,"{""type"":""MultiPoint"",""coordinates"":[]}",-12.338109876195066,-18.33232176438569,-8.850181862956475,-17.01398585860422
1_1_1_1_1_1_1_1_1_1_1_2_146_0_1_1_1_1_1_1_1_1_1_1_1_2_146_0,0.16045,0.1678,0.09305,0.0994,0.0352,0.03375,0.05315,0.0521,0.05195,0.04705,0.2161,0.2214,4,1,-0.50234085,-0.52614826,-0.14778914,-0.1377184,0.61238575,0.6494692,-0.60519964,-0.6190128,20.09904091418279,73.6936985746228,146.0,Nashik,1,"{""type"":""MultiPoint"",""coordinates"":[]}",-5.4175702167013124,-12.404028049896203,-6.527184505736247,-12.249586335033772
1_1_1_1_1_1_1_1_1_1_1_2_147_0_1_1_1_1_1_1_1_1_1_1_1_2_147_0,0.1224,0.1141,0.08585,0.073,0.0504,0.0335,0.0686,0.0526,0.0816,0.0604,0.1285,0.1146,4,1,-0.2816754,-0.36892623,-0.024312476,-0.0021862702,0.22322704,0.3097143,-0.30390665,-0.3708134,19.89880643735255,73.72478028345333,147.0,Nashik,1,"{""type"":""MultiPoint"",""coordinates"":[]}",-12.690989722356196,-19.59138304019754,-11.188562031217558,-16.539259885671342
1_1_1_1_1_1_1_1_1_1_1_2_148_0_1_1_1_1_1_1_1_1_1_1_1_2_148_0,0.18375,0.1662,0.1127,0.1182,0.0427,0.028,0.0599,0.0439,0.0596,0.0522,0.1926,0.14,1,1,-0.5083111,-0.5821038,-0.023515346,0.08556499,0.52735925,0.4568158,-0.5255446,-0.5225666,19.946417147410884,73.70528684178794,148.0,Nashik,1,"{""type"":""MultiPoint"",""coordinates"":[]}",-8.717775931838709,-13.365964130431285,-6.90539211096529,-13.039739249794541
1_1_1_1_1_1_1_1_1_1_1_2_149_0_1_1_1_1_1_1_1_1_1_1_1_2_149_0,0.2345,0.2923,0.1859,0.2184,0.0709,0.0746,0.0896,0.0984,0.114,0.1392,0.2244,0.2522,4,4,-0.44708425,-0.49628872,0.022009153,0.07364555,0.32624114,0.2887072,-0.42929935,-0.43867657,20.044782671021974,73.73160747961265,149.0,Nashik,1,"{""type"":""MultiPoint"",""coordinates"":[]}",-12.00853580344263,-19.64327193744225,-11.008540916481717,-18.797411804121214
1_1_1_1_1_1_1_1_1_1_1_2_150_0_1_1_1_1_1_1_1_1_1_1_1_2_150_0,0.23485,0.1721,0.18335,0.1213,0.0815,0.0483,0.1003,0.0698,0.1156,0.0678,0.2261,0.2374,4,4,-0.40146202,-0.42290202,0.018982535,-0.15946276,0.3233831,0.5557012,-0.38541666,-0.54557294,19.894943681630835,73.86680392987263,150.0,Nashik,1,"{""type"":""MultiPoint"",""coordinates"":[]}",-9.360157325533603,-16.620809608452436,-8.856747148973431,-16.959614673337875
1_1_1_1_1_1_1_1_1_1_1_2_151_0_1_1_1_1_1_1_1_1_1_1_1_2_151_0,0.2713,0.1461,0.1859,0.1134,0.1716,0.0409,0.201,0.0568,0.2208,0.0724,0.314,0.159,4,4,-0.14884607,-0.44011828,-0.072954044,-0.042281218,0.17427075,0.37424374,-0.21941748,-0.47358665,20.14395667838877,73.87830236550936,151.0,Nashik,1,"{""type"":""MultiPoint"",""coordinates"":[]}",-9.1991248759976,-16.705201727283445,-9.69478335416492,-16.081727057410504
1_1_1_1_1_1_1_1_1_1_1_2_152_0_1_1_1_1_1_1_1_1_1_1_1_2_152_0,0.1596,0.14045,0.0798,0.084,0.0509,0.0358,0.0771,0.0563,0.0522,0.0477,0.3552,0.2544,1,4,-0.34854245,-0.42770013,-0.37995338,-0.2885906,0.7437408,0.68421054,-0.6433033,-0.63759255,19.890721599795476,73.83796800925239,152.0,Nashik,1,"{""type"":""MultiPoint"",""coordinates"":[]}",-10.15608768647196,-17.72608197078485,-8.813177033446989,-17.300624396845638
1_1_1_1_1_1_1_1_1_1_1_2_153_0_1_1_1_1_1_1_1_1_1_1_1_2_153_0,0.2783,0.2775,0.2457,0.2489,0.1068,0.111,0.1338,0.1346,0.1618,0.1588,0.253,0.2408,6,6,-0.35064304,-0.34676048,0.04761905,0.07080841,0.219865,0.2052052,-0.3081696,-0.28289825,20.056460769715525,73.79430988644418,153.0,Nashik,1,"{""type"":""MultiPoint"",""coordinates"":[]}",-8.43138176870498,-15.357589336500507,-6.167096257692172,-11.989408665642538
1_1_1_1_1_1_1_1_1_1_1_2_154_0_1_1_1_1_1_1_1_1_1_1_1_2_154_0,0.19905,0.2036,0.13705,0.1595,0.0546,0.0461,0.0811,0.0732,0.0626,0.0906,0.3322,0.1866,4,6,-0.42102444,-0.47109827,-0.2506353,0.0435674,0.6828774,0.34632036,-0.607549,-0.4364896,19.942823886274407,73.89914328010093,154.0,Nashik,1,"{""type"":""MultiPoint"",""coordinates"":[]}",-6.850596185451057,-16.9799960668892,-6.905066835552521,-16.913337184660552
1_1_1_1_1_1_1_1_1_1_1_2_155_0_1_1_1_1_1_1_1_1_1_1_1_2_155_0,0.1881,0.2081,0.1151,0.1102,0.0472,0.039,0.063,0.0821,0.0656,0.0537,0.26,0.3668,4,4,-0.4982079,-0.43418333,-0.16045526,-0.276048,0.5970516,0.74458975,-0.60990715,-0.63421696,20.06238965059072,73.73385326782294,155.0,Nashik,1,"{""type"":""MultiPoint"",""coordinates"":[]}",-10.476783913457746,-17.34330059444297,-7.682694037798786,-16.91819078685889
1_1_1_1_1_1_1_1_1_1_1_2_156_0_1_1_1_1_1_1_1_1_1_1_1_2_156_0,0.17025,0.1929,0.11265,0.146,0.05125,0.0428,0.0708,0.0764,0.0576,0.0774,0.2925,0.2156,4,4,-0.41257,-0.43260303,-0.26418152,-0.055569157,0.6709511,0.47167236,-0.61023945,-0.47671232,19.92503724364884,73.90093991066917,156.0,Nashik,1,"{""type"":""MultiPoint"",""coordinates"":[]}",-10.04792070970722,-17.98630222705398,-8.43737922953709,-17.382193281036557
1_1_1_1_1_1_1_1_1_1_1_2_157_0_1_1_1_1_1_1_1_1_1_1_1_2_157_0,0.191,0.1964,0.1311,0.1474,0.0502,0.0608,0.074,0.0821,0.0917,0.1044,0.243,0.2754,4,4,-0.44150943,-0.41041294,-0.11981567,-0.16744383,0.4520466,0.45023698,-0.533123,-0.5406993,20.091944223438247,73.75711963368164,157.0,Nashik,1,"{""type"":""MultiPoint"",""coordinates"":[]}",-10.696308007803497,-20.329930373391907,-10.920512462140122,-21.049508334688916
1_1_1_1_1_1_1_1_1_1_1_2_158_0_1_1_1_1_1_1_1_1_1_1_1_2_158_0,0.2357,0.2887,0.1861,0.2151,0.0614,0.0656,0.084,0.0986,0.1282,0.1536,0.2148,0.2362,4,4,-0.47450736,-0.49083397,0.046392895,0.10001905,0.25247812,0.21190354,-0.437751,-0.41099164,20.077661010420748,73.8418307649741,158.0,Nashik,1,"{""type"":""MultiPoint"",""coordinates"":[]}",-11.003478217147553,-19.082937281140087,-10.105640157923046,-16.990101391486043
1_1_1_1_1_1_1_1_1_1_1_2_159_0_1_1_1_1_1_1_1_1_1_1_1_2_159_0,0.161,0.1724,0.1072,0.1159,0.0428,0.0274,0.05565,0.0454,0.047,0.0407,0.2183,0.1986,6,6,-0.48626816,-0.5831038,-0.15106776,-0.07061995,0.6456841,0.6598412,-0.5937215,-0.62786883,19.92153381404077,73.83545272645686,159.0,Nashik,1,"{""type"":""MultiPoint"",""coordinates"":[]}",-7.705305149858567,-13.918906894365632,-8.081816095862953,-14.235996332472086
1_1_1_1_1_1_1_1_1_1_1_2_160_0_1_1_1_1_1_1_1_1_1_1_1_2_160_0,0.21265,0.1972,0.1938,0.1657,0.1147,0.1238,0.1471,0.1522,0.1684,0.1694,0.212,0.211,6,6,-0.18220986,-0.12879221,0.0015306723,-0.033806957,0.11461619,0.10935857,-0.1807296,-0.16189428,19.985044704628024,73.77248082504008,160.0,Nashik,1,"{""type"":""MultiPoint"",""coordinates"":[]}",8.645919950376497,-12.295761103777348,7.677487163160819,-12.526915280406367
1_1_1_1_1_1_1_1_1_1_1_2_161_0_1_1_1_1_1_1_1_1_1_1_1_2_161_0,0.1942,0.2148,0.1486,0.1546,0.05545,0.0586,0.0739,0.0852,0.0944,0.0998,0.2043,0.2192,4,4,-0.44871315,-0.432,-0.025345044,-0.010138249,0.3679277,0.37429467,-0.46872753,-0.44021025,20.04280637739691,73.6997172870264,161.0,Nashik,1,"{""type"":""MultiPoint"",""coordinates"":[]}",-9.840501414146905,-17.052585338428713,-10.85594949116867,-19.589924681699618
1_1_1_1_1_1_1_1_1_1_1_2_162_0_1_1_1_1_1_1_1_1_1_1_1_2_162_0,0.204,0.2163,0.1313,0.1514,0.0582,0.0644,0.0808,0.0922,0.0748,0.0888,0.3022,0.303,4,6,-0.43258426,-0.40226904,-0.19399446,-0.16695552,0.60318303,0.5467075,-0.5780679,-0.53340083,20.006244945333243,73.90426367722041,162.0,Nashik,1,"{""type"":""MultiPoint"",""coordinates"":[]}",-9.419318959008622,-16.50554379582039,-8.148640484095285,-15.227096662449744
1_1_1_1_1_1_1_1_1_1_1_2_163_0_1_1_1_1_1_1_1_1_1_1_1_2_163_0,0.1922,0.1996,0.13675,0.1686,0.05255,0.0716,0.0788,0.0918,0.0689,0.1226,0.2489,0.1826,4,4,-0.41845018,-0.36993822,-0.12854227,0.04447933,0.566394,0.1965924,-0.5190723,-0.3309038,19.94228489710393,73.94873028378433,163.0,Nashik,1,"{""type"":""MultiPoint"",""coordinates"":[]}",-12.46778940655008,-18.000623011970795,-11.471219118744845,-19.04920541074063
1_1_1_1_1_1_1_1_1_1_1_2_164_0_1_1_1_1_1_1_1_1_1_1_1_2_164_0,0.16,0.1713,0.0827,0.1047,0.0472,0.0389,0.0748,0.067,0.0514,0.0566,0.3156,0.2626,4,4,-0.36286202,-0.43768358,-0.3271657,-0.21041715,0.719891,0.6453634,-0.6168033,-0.5934466,20.016755234157444,73.91558244980033,164.0,Nashik,1,"{""type"":""MultiPoint"",""coordinates"":[]}",-10.690684262191027,-18.093826917062096,-9.350959147643229,-15.617598929501932
1_1_1_1_1_1_1_1_1_1_1_2_165_0_1_1_1_1_1_1_1_1_1_1_1_2_165_0,0.0108,0.0138,0.0093,0.01145,0.04245,0.0349,0.06045,0.047,0.0312,0.03245,0.0181,0.0159,0,0,0.69684213,0.54605263,-0.25259516,-0.07070707,-0.26572007,-0.34229577,0.539147,0.4944356,20.049543742027804,73.6778882256223,165.0,Nashik,1,"{""type"":""MultiPoint"",""coordinates"":[]}",-21.15521116706763,-26.167831769622616,-19.68447742232788,-28.68536266468103
1_1_1_1_1_1_1_1_1_1_1_2_166_0_1_1_1_1_1_1_1_1_1_1_1_2_166_0,0.2398,0.20175,0.1577,0.1439,0.05535,0.05715,0.08415,0.07455,0.08125,0.09355,0.2741,0.1654,4,4,-0.4804754,-0.46036917,-0.06674451,0.099005856,0.5427044,0.27746668,-0.53021634,-0.37862054,20.104161311302278,73.69845964562863,166.0,Nashik,1,"{""type"":""MultiPoint"",""coordinates"":[]}",-9.733993923245395,-16.17791539421511,-10.02091462861661,-17.373122034745794
1_1_1_1_1_1_1_1_1_1_1_2_167_0_1_1_1_1_1_1_1_1_1_1_1_2_167_0,0.193,0.218,0.1664,0.1957,0.1658,0.1994,0.1938,0.2184,0.2198,0.2536,0.2713,0.2852,6,6,0.0020682523,0.0009165903,-0.16864097,-0.13354531,0.104866624,0.05864885,-0.16663083,-0.13264495,19.987380324366736,73.76484514512507,167.0,Nashik,1,"{""type"":""MultiPoint"",""coordinates"":[]}",-7.03927488582884,-13.552181466083905,-2.3851589131811375,-12.031352070148156
1_1_1_1_1_1_1_1_1_1_1_2_168_0_1_1_1_1_1_1_1_1_1_1_1_2_168_0,0.1339,0.1549,0.1057,0.116,0.0528,0.0466,0.0673,0.0624,0.0614,0.0632,0.2012,0.1846,4,4,-0.33101392,-0.4256788,-0.20083557,-0.08748159,0.5323686,0.48991123,-0.49869648,-0.49473685,19.987739650480385,73.90013142691346,168.0,Nashik,1,"{""type"":""MultiPoint"",""coordinates"":[]}",-8.081883086677614,-14.330600309957655,-7.269322233472537,-15.327615790724831
1_1_1_1_1_1_1_1_1_1_1_2_169_0_1_1_1_1_1_1_1_1_1_1_1_2_169_0,0.2082,0.2158,0.1494,0.1612,0.07,0.0593,0.0856,0.0792,0.1028,0.1172,0.211,0.2438,6,6,-0.4172907,-0.46305084,-0.006679389,-0.06092254,0.3448056,0.3506925,-0.42279163,-0.50959754,20.03777581180584,73.93750134273283,169.0,Nashik,1,"{""type"":""MultiPoint"",""coordinates"":[]}",-8.194631620067428,-16.886289028116373,-8.804262831530352,-16.042989612093674
1_1_1_1_1_1_1_1_1_1_1_2_170_0_1_1_1_1_1_1_1_1_1_1_1_2_170_0,0.30015,0.2457,0.22485,0.1972,0.07415,0.0575,0.09285,0.076,0.1301,0.1026,0.2052,0.1708,6,5,-0.5274809,-0.5275101,0.18788958,0.17983194,0.22397852,0.24945135,-0.37695017,-0.38411668,19.91677274303494,73.70932926056648,170.0,Nashik,1,"{""type"":""MultiPoint"",""coordinates"":[]}",-10.394106383362837,-17.796105389910885,-9.704594196393035,-16.615195314258123
1_1_1_1_1_1_1_1_1_1_1_2_171_0_1_1_1_1_1_1_1_1_1_1_1_2_171_0,0.2817,0.2623,0.2025,0.1805,0.0624,0.0472,0.086,0.0708,0.1244,0.103,0.2304,0.1784,4,4,-0.53222734,-0.5749024,0.100175746,0.19037895,0.29875988,0.26794598,-0.45638433,-0.4317817,20.14224987934894,73.77607408617656,171.0,Nashik,1,"{""type"":""MultiPoint"",""coordinates"":[]}",-11.0651648974196,-19.16636961061329,-11.650228404002103,-17.694883431794356
1_1_1_1_1_1_1_1_1_1_1_2_172_0_1_1_1_1_1_1_1_1_1_1_1_2_172_0,0.2788,0.2589,0.2072,0.1864,0.0816,0.0424,0.1066,0.0601,0.14,0.0892,0.2226,0.165,5,5,-0.44680852,-0.6231975,0.11208616,0.22151451,0.22779922,0.29819041,-0.35236937,-0.4660151,20.112695306501408,73.91414514534573,172.0,Nashik,1,"{""type"":""MultiPoint"",""coordinates"":[]}",-13.241865926647161,-19.835045852813035,-11.039652930398027,-18.02024870176259
1_1_1_1_1_1_1_1_1_1_1_2_173_0_1_1_1_1_1_1_1_1_1_1_1_2_173_0,0.1574,0.1575,0.0823,0.1174,0.0428,0.0502,0.0665,0.0689,0.0517,0.0814,0.3008,0.1716,4,4,-0.40598482,-0.39134276,-0.31296378,-0.04284412,0.70666665,0.35652173,-0.63789815,-0.42702702,19.973636100519705,73.93974713094313,173.0,Nashik,1,"{""type"":""MultiPoint"",""coordinates"":[]}",-11.643827169226153,-19.31458950944164,-11.18800134741862,-17.410788948929007
1_1_1_1_1_1_1_1_1_1_1_2_174_0_1_1_1_1_1_1_1_1_1_1_1_2_174_0,0.1649,0.1843,0.1074,0.1216,0.0538,0.0508,0.0701,0.07,0.0678,0.0736,0.2454,0.289,4,6,-0.40340427,-0.44946912,-0.1961979,-0.22121276,0.5670498,0.594043,-0.555626,-0.61002785,19.999417749173936,73.86904971808293,174.0,Nashik,1,"{""type"":""MultiPoint"",""coordinates"":[]}",-10.163312506197242,-16.905306426297933,-10.021642670536748,-16.759401261019075
1_1_1_1_1_1_1_1_1_1_1_2_175_0_1_1_1_1_1_1_1_1_1_1_1_2_175_0,0.1608,0.1668,0.0927,0.0991,0.0383,0.0348,0.0557,0.0534,0.0422,0.0535,0.3272,0.2514,4,4,-0.48545036,-0.5149864,-0.3409836,-0.20229556,0.7715214,0.64906526,-0.7090624,-0.6496063,20.03229608857271,73.77634358076179,175.0,Nashik,1,"{""type"":""MultiPoint"",""coordinates"":[]}",-9.693240868007608,-16.029199910787714,-10.235451996307654,-17.242747484162333
1_1_1_1_1_1_1_1_1_1_1_2_176_0_1_1_1_1_1_1_1_1_1_1_1_2_176_0,0.2489,0.2649,0.1873,0.191,0.0686,0.0623,0.0866,0.0797,0.126,0.1094,0.1914,0.181,5,5,-0.4837556,-0.5374347,0.13059278,0.18815878,0.20604914,0.24655648,-0.37697843,-0.38856924,20.109820697592227,73.91881638482315,176.0,Nashik,1,"{""type"":""MultiPoint"",""coordinates"":[]}",-10.558827555047008,-16.679646379805877,-12.82949715295117,-20.58076822418017
1_1_1_1_1_1_1_1_1_1_1_2_177_0_1_1_1_1_1_1_1_1_1_1_1_2_177_0,0.2466,0.273,0.1893,0.219,0.0768,0.0654,0.1062,0.0938,0.1466,0.1394,0.2496,0.205,4,4,-0.39795917,-0.48854962,-0.006045949,0.14225942,0.2599697,0.1904762,-0.4030354,-0.37215528,20.04711829076068,73.89429237756669,177.0,Nashik,1,"{""type"":""MultiPoint"",""coordinates"":[]}",-11.518464007438194,-20.702195114423894,-12.337208316672596,-20.288576321506838
1_1_1_1_1_1_1_1_1_1_1_2_178_0_1_1_1_1_1_1_1_1_1_1_1_2_178_0,0.2395,0.25965,0.2059,0.2035,0.0785,0.07925,0.1044,0.1027,0.1476,0.1359,0.1906,0.2111,6,5,-0.39284676,-0.43314475,0.11369449,0.1031333,0.1271437,0.2167147,-0.2922034,-0.34544295,19.925845727404543,73.66719827374128,178.0,Nashik,1,"{""type"":""MultiPoint"",""coordinates"":[]}",-12.427568215726241,-20.570286233150807,-10.439785134014421,-19.67310551607495
1_1_1_1_1_1_1_1_1_1_1_2_179_0_1_1_1_1_1_1_1_1_1_1_1_2_179_0,0.1766,0.2182,0.1326,0.1624,0.0551,0.0612,0.0685,0.0858,0.0786,0.1176,0.1552,0.2044,4,4,-0.44104448,-0.4355263,0.06449668,0.032654993,0.32763046,0.26956522,-0.38757265,-0.40868366,19.92449825447837,73.82907468793961,179.0,Nashik,1,"{""type"":""MultiPoint"",""coordinates"":[]}",-10.775002846201886,-18.63291094345463,-9.937664642416532,-18.352593777576956
1_1_1_1_1_1_1_1_1_1_1_2_180_0_1_1_1_1_1_1_1_1_1_1_1_2_180_0,0.2048,0.12695,0.1339,0.0978,0.0524,0.04245,0.0704,0.06225,0.0802,0.07225,0.2254,0.189,4,4,-0.4883721,-0.34196618,-0.047884706,-0.19639184,0.4751309,0.44688997,-0.52400273,-0.5044776,19.850297412010097,73.6606405721672,180.0,Nashik,1,"{""type"":""MultiPoint"",""coordinates"":[]}",-10.775807056096587,-15.28317087360474,-9.377308495153418,-17.471732862304
1_1_1_1_1_1_1_1_1_1_1_2_181_0_1_1_1_1_1_1_1_1_1_1_1_2_181_0,0.344,0.2786,0.2498,0.2131,0.0766,0.0552,0.1086,0.0811,0.188,0.129,0.264,0.2098,4,4,-0.5201061,-0.5490687,0.13157895,0.14086814,0.16814159,0.23848878,-0.41706926,-0.44242007,20.13659049305899,73.75361620407357,181.0,Nashik,1,"{""type"":""MultiPoint"",""coordinates"":[]}",-11.737646362308862,-21.644775069239742,-9.451535538041616,-18.177634234817706
1_1_1_1_1_1_1_1_1_1_1_2_182_0_1_1_1_1_1_1_1_1_1_1_1_2_182_0,0.3056,0.287,0.2699,0.2491,0.09005,0.0746,0.1263,0.1166,0.1851,0.173,0.2578,0.2448,4,4,-0.4151424,-0.4222002,0.08484203,0.07935314,0.16414541,0.17185256,-0.34235877,-0.3547316,19.95755625693397,73.8131745074107,182.0,Nashik,1,"{""type"":""MultiPoint"",""coordinates"":[]}",-16.788281979044186,-22.60700784289199,-15.427861211377046,-23.282313553332415
1_1_1_1_1_1_1_1_1_1_1_2_183_0_1_1_1_1_1_1_1_1_1_1_1_2_183_0,0.3391,0.3313,0.2348,0.2494,0.0586,0.0602,0.0842,0.0884,0.1324,0.117,0.2496,0.2438,5,5,-0.6021734,-0.57874674,0.1520299,0.15214746,0.3068063,0.35144123,-0.4955063,-0.46779048,20.069845667448902,73.848568129605,183.0,Nashik,1,"{""type"":""MultiPoint"",""coordinates"":[]}",-13.912241252802037,-19.834028096696468,-12.001174092922787,-17.861225222020767
1_1_1_1_1_1_1_1_1_1_1_2_184_0_1_1_1_1_1_1_1_1_1_1_1_2_184_0,0.16245,0.1537,0.0947,0.1233,0.03555,0.0564,0.06275,0.0707,0.048,0.0897,0.2734,0.1324,1,4,-0.44271758,-0.36987522,-0.25456005,0.074449494,0.70130676,0.19225574,-0.62665474,-0.30379122,20.105598615756865,73.704208863447,184.0,Nashik,1,"{""type"":""MultiPoint"",""coordinates"":[]}",-8.865636274720586,-16.077987302963145,-8.337976324869455,-15.679823772814077
1_1_1_1_1_1_1_1_1_1_1_2_185_0_1_1_1_1_1_1_1_1_1_1_1_2_185_0,0.1412,0.2141,0.1117,0.1265,0.0505,0.0469,0.0666,0.093,0.0722,0.0602,0.1372,0.3668,4,4,-0.35899904,-0.3943341,0.014367816,-0.26286796,0.3104107,0.7180328,-0.34641805,-0.59547627,19.99142274314527,73.83653070479781,185.0,Nashik,1,"{""type"":""MultiPoint"",""coordinates"":[]}",-8.987585705948925,-16.665386548755674,-7.048359460679413,-16.111686915641
1_1_1_1_1_1_1_1_1_1_1_2_186_0_1_1_1_1_1_1_1_1_1_1_1_2_186_0,0.14135,0.1428,0.1098,0.1031,0.04625,0.05275,0.06045,0.07225,0.0698,0.08415,0.1311,0.1447,4,4,-0.40089196,-0.32806325,0.037621584,-0.0066086957,0.30512694,0.2645838,-0.3688332,-0.33394793,20.06310830281801,73.70223256982193,186.0,Nashik,1,"{""type"":""MultiPoint"",""coordinates"":[]}",-8.557873967366255,-16.415523415484326,-7.723601252700268,-15.751531325842755
1_1_1_1_1_1_1_1_1_1_1_2_187_0_1_1_1_1_1_1_1_1_1_1_1_2_187_0,0.2404,0.2046,0.1865,0.1715,0.0712,0.0686,0.0886,0.0847,0.104,0.097,0.1936,0.1724,6,6,-0.46139818,-0.41444868,0.1078341,0.08541114,0.30107528,0.2798812,-0.37207654,-0.3411124,19.97740902471301,73.85880892384397,187.0,Nashik,1,"{""type"":""MultiPoint"",""coordinates"":[]}",-8.492265587880057,-15.396886361501119,-7.870606396548618,-16.736258435074753
1_1_1_1_1_1_1_1_1_1_1_2_188_0_1_1_1_1_1_1_1_1_1_1_1_2_188_0,0.14295,0.1545,0.077,0.1002,0.0387,0.0435,0.05455,0.0638,0.0355,0.0564,0.3466,0.2808,4,4,-0.44759494,-0.41548327,-0.4159943,-0.29014474,0.8141848,0.66548043,-0.72803193,-0.6297156,19.94219506557552,73.9206130153914,188.0,Nashik,1,"{""type"":""MultiPoint"",""coordinates"":[]}",-10.96288153286465,-18.05665458743291,-9.861841383286778,-18.05932315894459
1_1_1_1_1_1_1_1_1_1_1_2_189_0_1_1_1_1_1_1_1_1_1_1_1_2_189_0,0.2027,0.2628,0.1361,0.2053,0.0521,0.0667,0.0706,0.0916,0.07275,0.1336,0.2855,0.2072,4,4,-0.48335162,-0.48307,-0.16960262,0.118297875,0.593859,0.21596244,-0.6034822,-0.38688084,19.92036600417142,73.74678900791426,189.0,Nashik,1,"{""type"":""MultiPoint"",""coordinates"":[]}",-10.6255588046971,-16.897020063225767,-9.40127854471608,-16.807825473564726
1_1_1_1_1_1_1_1_1_1_1_2_190_0_1_1_1_1_1_1_1_1_1_1_1_2_190_0,0.3001,0.32285,0.2047,0.22575,0.0865,0.0777,0.112,0.0929,0.1312,0.1237,0.2448,0.2343,1,5,-0.45644262,-0.55309683,0.10148651,0.15893386,0.30212766,0.30893853,-0.3721973,-0.4321516,19.88137912084063,73.73538040380595,190.0,Nashik,1,"{""type"":""MultiPoint"",""coordinates"":[]}",-17.146867650607902,-23.42217681603824,-15.803148215569953,-23.816529501362005
1_1_1_1_1_1_1_1_1_1_1_2_191_0_1_1_1_1_1_1_1_1_1_1_1_2_191_0,0.3468,0.3274,0.2509,0.2389,0.0925,0.0818,0.127,0.106,0.1908,0.1533,0.3156,0.2618,1,1,-0.46390882,-0.51084447,0.04710145,0.11133741,0.24644549,0.2613828,-0.4261184,-0.42359978,19.877785859704154,73.93534538605095,191.0,Nashik,1,"{""type"":""MultiPoint"",""coordinates"":[]}",-6.218814241572278,-12.772027605108056,-6.001531777639821,-12.36108160324369
1_1_1_1_1_1_1_1_1_1_1_2_192_0_1_1_1_1_1_1_1_1_1_1_1_2_192_0,0.23365,0.1755,0.17415,0.1484,0.0619,0.0394,0.07885,0.0571,0.1027,0.0668,0.1928,0.137,5,1,-0.49536,-0.5090284,0.09579083,0.1232,0.30490693,0.34445536,-0.4194736,-0.41164348,19.908687905477866,73.77625374923338,192.0,Nashik,1,"{""type"":""MultiPoint"",""coordinates"":[]}",-11.5819904778764,-16.644629781349284,-9.493725148776504,-15.86697163245189
1_1_1_1_1_1_1_1_1_1_1_2_193_0_1_1_1_1_1_1_1_1_1_1_1_2_193_0,0.16715,0.1365,0.10285,0.09675,0.0418,0.04585,0.0585,0.0677,0.0623,0.06965,0.2242,0.1974,4,4,-0.48149788,-0.33692458,-0.14577743,-0.18238993,0.56509596,0.47837484,-0.5861337,-0.48924935,20.0795474725174,73.66459315941732,193.0,Nashik,1,"{""type"":""MultiPoint"",""coordinates"":[]}",-9.385237103395992,-17.029171033572755,-8.683538630572139,-17.37452232766414
1_1_1_1_1_1_1_1_1_1_1_2_194_0_1_1_1_1_1_1_1_1_1_1_1_2_194_0,0.3024,0.3366,0.1999,0.2366,0.0594,0.0564,0.0845,0.086,0.1106,0.1232,0.2512,0.2376,1,1,-0.56319463,-0.59299576,0.09248555,0.1724138,0.38861248,0.31707317,-0.4965743,-0.4684796,20.126798856462084,73.75936542189194,194.0,Nashik,1,"{""type"":""MultiPoint"",""coordinates"":[]}",-8.888781202459825,-15.328803495645609,-7.807160709168511,-14.028982375028793
1_1_1_1_1_1_1_1_1_1_1_2_195_0_1_1_1_1_1_1_1_1_1_1_1_2_195_0,0.2697,0.216,0.2246,0.2093,0.07135,0.0772,0.0907,0.0996,0.1316,0.1252,0.1915,0.1564,6,6,-0.49667037,-0.3688213,0.16955768,0.16004297,0.18539152,0.11079545,-0.35719347,-0.221875,19.98154127501996,73.7943997179726,195.0,Nashik,1,"{""type"":""MultiPoint"",""coordinates"":[]}",-11.472399335101457,-19.233909168153495,-3.323606769581544,-12.230156255270934
1_1_1_1_1_1_1_1_1_1_1_2_196_0_1_1_1_1_1_1_1_1_1_1_1_2_196_0,0.3117,0.23755,0.2326,0.21525,0.072,0.05085,0.0934,0.0677,0.1354,0.089,0.2364,0.1546,4,5,-0.5388793,-0.55642915,0.13738368,0.2115262,0.27165142,0.26929393,-0.4335961,-0.3909132,19.87670788136321,73.70555633637318,196.0,Nashik,1,"{""type"":""MultiPoint"",""coordinates"":[]}",-13.212690855171571,-19.604270027256383,-11.199716292243982,-18.201866239243348
1_1_1_1_1_1_1_1_1_1_1_2_197_0_1_1_1_1_1_1_1_1_1_1_1_2_197_0,0.012,0.0136,0.0095,0.01055,0.0512,0.0375,0.0688,0.04805,0.0401,0.0279,0.0224,0.01675,0,0,0.7029703,0.5587997,-0.30232558,-0.10378913,-0.2832,-0.24972005,0.50877196,0.4830247,20.05107087801081,73.66189821356497,197.0,Nashik,1,"{""type"":""MultiPoint"",""coordinates"":[]}",-21.693767795386563,-28.728654468184413,-22.831681305088352,-30.136650375867124
1_1_1_1_1_1_1_1_1_1_1_2_198_0_1_1_1_1_1_1_1_1_1_1_1_2_198_0,0.2599,0.288,0.2266,0.2468,0.112,0.1154,0.14,0.1384,0.162,0.1644,0.2164,0.2338,6,6,-0.29982495,-0.35084426,0.09132899,0.10387121,0.14376321,0.17428428,-0.21436588,-0.2563138,20.01846203319727,73.80895242557533,198.0,Nashik,1,"{""type"":""MultiPoint"",""coordinates"":[]}",-8.211054097804851,-16.02687395981951,-8.164016883246017,-14.876014316540807
1_1_1_1_1_1_1_1_1_1_1_2_199_0_1_1_1_1_1_1_1_1_1_1_1_2_199_0,0.2123,0.181,0.1533,0.1324,0.074,0.0565,0.1002,0.074,0.1078,0.0894,0.2166,0.2052,4,6,-0.35872,-0.41960785,-0.0100256475,-0.062661834,0.33538842,0.39307535,-0.36742425,-0.46991405,20.090147592870007,73.90597047626024,199.0,Nashik,1,"{""type"":""MultiPoint"",""coordinates"":[]}",-10.876580503830375,-19.31333099317498,-9.420508333098104,-17.023852687762417
1_1_1_1_1_1_1_1_1_1_1_2_200_0_1_1_1_1_1_1_1_1_1_1_1_2_200_0,0.17445,0.1776,0.12625,0.1449,0.05725,0.0766,0.06925,0.0948,0.0658,0.1084,0.2042,0.1674,6,6,-0.4316783,-0.30396476,-0.0785686,0.029565217,0.5125926,0.21392313,-0.49350888,-0.27688786,19.983607400173437,73.74876530153932,200.0,Nashik,1,"{""type"":""MultiPoint"",""coordinates"":[]}",-7.395807219421049,-13.794801516908493,-5.468131463027702,-12.102910874229194
1_1_1_1_1_1_1_1_1_1_1_2_201_0_1_1_1_1_1_1_1_1_1_1_1_2_201_0,0.1788,0.1952,0.1494,0.1446,0.1022,0.1554,0.131,0.1946,0.1344,0.1966,0.2122,0.2862,6,6,-0.15429309,-0.001539251,-0.085421994,-0.18903199,0.22446625,0.1855841,-0.23659673,-0.1905158,20.01262298385049,73.75352637254515,201.0,Nashik,1,"{""type"":""MultiPoint"",""coordinates"":[]}",-2.8520673346615917,-13.71486526052444,-4.437804328503002,-15.476827866810028
1_1_1_1_1_1_1_1_1_1_1_2_202_0_1_1_1_1_1_1_1_1_1_1_1_2_202_0,0.2826,0.2777,0.2127,0.2111,0.0494,0.0514,0.0808,0.076,0.099,0.0998,0.2234,0.2232,4,4,-0.55531096,-0.5702573,0.11699605,0.10880415,0.3858561,0.38204333,-0.46877053,-0.49197862,20.119881828774364,73.83733918855351,202.0,Nashik,1,"{""type"":""MultiPoint"",""coordinates"":[]}",-10.631294870542185,-17.411839471624976,-10.016014333961254,-16.414561740016843
1_1_1_1_1_1_1_1_1_1_1_2_203_0_1_1_1_1_1_1_1_1_1_1_1_2_203_0,0.1994,0.2027,0.171,0.1714,0.096,0.1298,0.1158,0.1538,0.1336,0.1536,0.1792,0.209,6,6,-0.26522842,-0.1371669,0.053354464,-0.015302405,0.14578006,0.15278544,-0.21491526,-0.15214995,19.990883753974803,73.76601295499442,203.0,Nashik,1,"{""type"":""MultiPoint"",""coordinates"":[]}",-2.1843406979809634,-11.344844226706803,-1.8199002573805203,-11.273640913693804
1_1_1_1_1_1_1_1_1_1_1_2_204_0_1_1_1_1_1_1_1_1_1_1_1_2_204_0,0.14025,0.1738,0.11135,0.1099,0.05075,0.0453,0.0601,0.0737,0.0794,0.059,0.1442,0.284,4,4,-0.40004992,-0.40444446,-0.013886448,-0.24071647,0.2898032,0.65597665,-0.41164953,-0.5879228,19.94489001142788,73.86635477223057,204.0,Nashik,1,"{""type"":""MultiPoint"",""coordinates"":[]}",-10.495050220209798,-18.69577276295143,-8.297430889274125,-15.968974827860116
1_1_1_1_1_1_1_1_1_1_1_2_205_0_1_1_1_1_1_1_1_1_1_1_1_2_205_0,0.24595,0.2214,0.1656,0.1304,0.0569,0.0318,0.0733,0.0583,0.0767,0.0436,0.2344,0.2584,1,1,-0.5407987,-0.58312476,0.024044966,-0.07711546,0.506911,0.7112583,-0.5235619,-0.63182825,19.895303007744484,73.8072456265355,205.0,Nashik,1,"{""type"":""MultiPoint"",""coordinates"":[]}",-9.562395108773652,-14.931461379370859,-7.77679876885496,-12.744190097652268
1_1_1_1_1_1_1_1_1_1_1_2_206_0_1_1_1_1_1_1_1_1_1_1_1_2_206_0,0.369,0.26535,0.2603,0.2089,0.08,0.0681,0.1104,0.09295,0.173,0.1328,0.275,0.1934,5,5,-0.5394243,-0.48116103,0.14596273,0.15683924,0.22767857,0.1857756,-0.42708874,-0.3507945,19.875629903022265,73.65345404989425,206.0,Nashik,1,"{""type"":""MultiPoint"",""coordinates"":[]}",-13.126853919863146,-21.8748780322166,-8.436162370498966,-18.478247477242423
1_1_1_1_1_1_1_1_1_1_1_2_207_0_1_1_1_1_1_1_1_1_1_1_1_2_207_0,0.3463,0.3491,0.259,0.2554,0.0852,0.067,0.1148,0.0926,0.172,0.1498,0.2586,0.2338,4,5,-0.5020603,-0.5807109,0.14498264,0.19780408,0.20111473,0.2189781,-0.3851098,-0.43259802,20.091495065796188,73.81910338828588,207.0,Nashik,1,"{""type"":""MultiPoint"",""coordinates"":[]}",-13.87156787023091,-21.667190256551017,-13.715863221463957,-21.470820317627357
1_1_1_1_1_1_1_1_1_1_1_2_208_0_1_1_1_1_1_1_1_1_1_1_1_2_208_0,0.1715,0.1373,0.1101,0.0958,0.0383,0.032,0.0619,0.0487,0.0476,0.0566,0.2666,0.1876,4,4,-0.4695801,-0.47634408,-0.21707372,-0.15481687,0.69700825,0.53644556,-0.62313545,-0.5878121,20.04145890447073,73.92393678194263,208.0,Nashik,1,"{""type"":""MultiPoint"",""coordinates"":[]}",-8.882536577252836,-15.391809127240116,-9.39297903113674,-16.555923954157702
1_1_1_1_1_1_1_1_1_1_1_2_209_0_1_1_1_1_1_1_1_1_1_1_1_2_209_0,0.12775,0.1902,0.0849,0.1125,0.0401,0.0432,0.05835,0.0688,0.05045,0.05655,0.131,0.3156,4,4,-0.37291777,-0.46872586,-0.012560386,-0.24792407,0.44392395,0.6960903,-0.383681,-0.64203954,20.12374458449608,73.70142408606623,209.0,Nashik,1,"{""type"":""MultiPoint"",""coordinates"":[]}",-12.39796385269405,-17.79898546225637,-9.922633378000798,-16.841143423673095
1_1_1_1_1_1_1_1_1_1_1_2_210_0_1_1_1_1_1_1_1_1_1_1_1_2_210_0,0.2324,0.2661,0.1527,0.1937,0.0553,0.0691,0.0766,0.102,0.079,0.1304,0.2768,0.2496,4,4,-0.50420713,-0.44580278,-0.0871956,0.031995345,0.5559303,0.31368423,-0.5664969,-0.41979522,20.091495065796188,73.83545272645686,210.0,Nashik,1,"{""type"":""MultiPoint"",""coordinates"":[]}",-10.934729385208362,-16.863796063061624,-10.184722050925028,-18.182908846337963
1_1_1_1_1_1_1_1_1_1_1_2_211_0_1_1_1_1_1_1_1_1_1_1_1_2_211_0,0.3489,0.3429,0.2435,0.2526,0.117,0.0942,0.1516,0.1288,0.2174,0.1806,0.3054,0.2592,5,1,-0.3942058,-0.45389017,0.06648327,0.13901345,0.16832441,0.1787176,-0.33654267,-0.3360825,20.077930505005984,73.76331800914207,211.0,Nashik,1,"{""type"":""MultiPoint"",""coordinates"":[]}",-10.419888759300678,-17.32657242403729,-9.660943445880065,-16.840605233442705
1_1_1_1_1_1_1_1_1_1_1_2_212_0_1_1_1_1_1_1_1_1_1_1_1_2_212_0,0.2624,0.2406,0.2088,0.202,0.0796,0.0592,0.1036,0.085,0.1456,0.12,0.2216,0.1776,5,4,-0.4338798,-0.47788697,0.08429752,0.15064563,0.20697168,0.19354838,-0.36285362,-0.35262758,20.060233693908827,73.88728551835055,212.0,Nashik,1,"{""type"":""MultiPoint"",""coordinates"":[]}",-12.647242540202244,-20.64945511106961,-13.58849177077402,-22.589128162276616
1_1_1_1_1_1_1_1_1_1_1_2_213_0_1_1_1_1_1_1_1_1_1_1_1_2_213_0,0.2005,0.2138,0.1343,0.1367,0.0398,0.036,0.05775,0.0621,0.0497,0.0616,0.2391,0.2836,4,4,-0.55275893,-0.5498369,-0.0878071,-0.14032972,0.65581715,0.64310545,-0.6109146,-0.64072895,19.93384073343321,73.80005910426254,213.0,Nashik,1,"{""type"":""MultiPoint"",""coordinates"":[]}",-10.056289790600456,-15.364552306552973,-9.657919139780109,-17.567546338595083
1_1_1_1_1_1_1_1_1_1_1_2_214_0_1_1_1_1_1_1_1_1_1_1_1_2_214_0,0.2024,0.2488,0.1823,0.2063,0.0512,0.0513,0.0657,0.0778,0.097,0.1146,0.1454,0.1998,6,6,-0.50988436,-0.52357626,0.16388729,0.10922871,0.19966997,0.27099237,-0.3775462,-0.43948126,20.054664139147288,73.8823447842879,214.0,Nashik,1,"{""type"":""MultiPoint"",""coordinates"":[]}",-5.942101025935206,-15.66624690916679,-7.3714871488500755,-15.682089268974103
1_1_1_1_1_1_1_1_1_1_1_2_215_0_1_1_1_1_1_1_1_1_1_1_1_2_215_0,0.2036,0.2525,0.1638,0.1855,0.0513,0.0604,0.0709,0.0846,0.0915,0.1094,0.2004,0.216,4,4,-0.4834244,-0.4980718,0.007920792,0.07790822,0.37307298,0.3275968,-0.47733137,-0.43712574,20.137758302928344,73.79008780460882,215.0,Nashik,1,"{""type"":""MultiPoint"",""coordinates"":[]}",-11.255882091100283,-18.9877840154749,-11.134535586867118,-18.74649648754607
1_1_1_1_1_1_1_1_1_1_1_2_216_0_1_1_1_1_1_1_1_1_1_1_1_2_216_0,0.2273,0.2363,0.165,0.1863,0.0538,0.0501,0.0756,0.0793,0.0922,0.1149,0.1898,0.1931,4,4,-0.50082535,-0.49746513,0.0899065,0.100605495,0.3460993,0.25389612,-0.4302939,-0.417768,19.854878819959104,73.93076397810194,216.0,Nashik,1,"{""type"":""MultiPoint"",""coordinates"":[]}",-9.800763159550854,-19.05775750853792,-9.119514749236878,-17.100418412770527
1_1_1_1_1_1_1_1_1_1_1_2_217_0_1_1_1_1_1_1_1_1_1_1_1_2_217_0,0.16725,0.1609,0.106,0.1101,0.0532,0.0444,0.072,0.06565,0.07345,0.07055,0.3181,0.2177,4,4,-0.39811912,-0.42043698,-0.31080663,-0.15002641,0.6248244,0.51049435,-0.6308639,-0.5366155,20.076313537494567,73.67097119793458,217.0,Nashik,1,"{""type"":""MultiPoint"",""coordinates"":[]}",-9.575367527802848,-16.23767035128982,-10.433919100527959,-16.170952763129463
1_1_1_1_1_1_1_1_1_1_1_2_218_0_1_1_1_1_1_1_1_1_1_1_1_2_218_0,0.3318,0.3286,0.2531,0.26795,0.08545,0.0908,0.1191,0.1163,0.1754,0.1644,0.2541,0.2319,4,5,-0.47172323,-0.47718588,0.13261649,0.17252453,0.18323632,0.17032552,-0.36173633,-0.3319931,20.11503092624012,73.67258816544599,218.0,Nashik,1,"{""type"":""MultiPoint"",""coordinates"":[]}",-13.658155153878093,-22.763711253863008,-13.489782282567614,-23.134298792045133
1_1_1_1_1_1_1_1_1_1_1_2_219_0_1_1_1_1_1_1_1_1_1_1_1_2_219_0,0.2449,0.25075,0.22355,0.2314,0.1785,0.1713,0.1902,0.1713,0.2126,0.1949,0.2872,0.2685,6,6,-0.12571822,-0.18824784,-0.07949634,-0.03418392,0.1492597,0.15882607,-0.20318392,-0.22100955,19.99025493327592,73.71040723890742,219.0,Nashik,1,"{""type"":""MultiPoint"",""coordinates"":[]}",-7.400292962070605,-12.10862961025783,-5.346059851052694,-10.571832535399565
1_1_1_1_1_1_1_1_1_1_1_2_220_0_1_1_1_1_1_1_1_1_1_1_1_2_220_0,0.1819,0.1888,0.1132,0.0986,0.0405,0.0402,0.0576,0.0744,0.0584,0.0605,0.2462,0.342,4,4,-0.5189979,-0.43465045,-0.15019855,-0.28862095,0.6165463,0.6993789,-0.6208032,-0.6426513,20.07245078177285,73.94046578317042,220.0,Nashik,1,"{""type"":""MultiPoint"",""coordinates"":[]}",-8.418039747162783,-17.85423082233803,-8.995602187234654,-16.79868269602298
1_1_1_1_1_1_1_1_1_1_1_2_221_0_1_1_1_1_1_1_1_1_1_1_1_2_221_0,0.2926,0.2651,0.2146,0.2157,0.0684,0.0438,0.0855,0.0636,0.1198,0.0858,0.2024,0.162,4,5,-0.5477387,-0.613021,0.18222222,0.24139546,0.2563625,0.30750605,-0.40604377,-0.43617022,20.09850192501232,73.8553054942359,221.0,Nashik,1,"{""type"":""MultiPoint"",""coordinates"":[]}",-10.549116019782808,-17.057806298324536,-10.220963937464873,-16.464311491467033
1_1_1_1_1_1_1_1_1_1_1_2_222_0_1_1_1_1_1_1_1_1_1_1_1_2_222_0,0.1638,0.1543,0.1129,0.1109,0.0425,0.0445,0.061,0.0663,0.0562,0.0656,0.2598,0.2397,6,4,-0.4572954,-0.39891207,-0.2266289,-0.21675126,0.6443038,0.57025874,-0.61970073,-0.56666666,19.869611190618667,73.8575512824462,222.0,Nashik,1,"{""type"":""MultiPoint"",""coordinates"":[]}",-9.286775311473738,-16.11086950186518,-8.378218215194742,-16.19110552902944
1_1_1_1_1_1_1_1_1_1_1_2_223_0_1_1_1_1_1_1_1_1_1_1_1_2_223_0,0.2252,0.1953,0.15395,0.1261,0.0649,0.0335,0.0877,0.05585,0.1123,0.0461,0.2221,0.2661,4,4,-0.4394375,-0.5552459,0.006930472,-0.15344603,0.3283493,0.7046765,-0.43382826,-0.65305173,20.131020938297446,73.70052577078211,223.0,Nashik,1,"{""type"":""MultiPoint"",""coordinates"":[]}",-7.5033515682527705,-14.016076073444756,-6.90231962698678,-12.05710192147012
1_1_1_1_1_1_1_1_1_1_1_2_224_0_1_1_1_1_1_1_1_1_1_1_1_2_224_0,0.2165,0.2238,0.1751,0.1884,0.073,0.0698,0.0928,0.096,0.0991,0.1084,0.1718,0.214,6,6,-0.39993533,-0.39962476,0.11511718,0.022384651,0.2683647,0.32754344,-0.29856387,-0.38064516,20.02789434368053,73.78757252181329,224.0,Nashik,1,"{""type"":""MultiPoint"",""coordinates"":[]}",-8.414879889687953,-14.431002146397239,-6.253299679614116,-11.3298059125715
1_1_1_1_1_1_1_1_1_1_1_2_225_0_1_1_1_1_1_1_1_1_1_1_1_2_225_0,0.18805,0.18105,0.1292,0.1354,0.0443,0.0602,0.05675,0.0796,0.0693,0.1021,0.1931,0.2019,6,6,-0.5363562,-0.38921925,-0.013249377,-0.05444575,0.47179878,0.32828948,-0.54572743,-0.43445826,20.0179230440268,73.69037480807155,225.0,Nashik,1,"{""type"":""MultiPoint"",""coordinates"":[]}",-7.502163711301854,-14.069677851985888,-7.759108875727004,-14.556121025553509
1_1_1_1_1_1_1_1_1_1_1_2_226_0_1_1_1_1_1_1_1_1_1_1_1_2_226_0,0.2958,0.33,0.2258,0.2486,0.0748,0.0702,0.0965,0.094,0.137,0.1428,0.2164,0.23,4,4,-0.5080296,-0.5566038,0.15501757,0.17857143,0.22467458,0.23390558,-0.38318953,-0.41975307,20.03409271914095,73.90022125844187,226.0,Nashik,1,"{""type"":""MultiPoint"",""coordinates"":[]}",-13.29439133442163,-21.406670302632396,-13.21970115096562,-19.987882162029425
1_1_1_1_1_1_1_1_1_1_1_2_227_0_1_1_1_1_1_1_1_1_1_1_1_2_227_0,0.1678,0.2198,0.1111,0.1581,0.0492,0.0378,0.0669,0.056,0.0676,0.0728,0.2036,0.1952,1,4,-0.4299105,-0.5939086,-0.09639203,0.05927711,0.5014749,0.45671642,-0.5053604,-0.55414015,20.016755234157444,73.72361247358398,227.0,Nashik,1,"{""type"":""MultiPoint"",""coordinates"":[]}",-9.241623166527614,-15.347667619279504,-9.689745990439224,-15.96808697007743
1_1_1_1_1_1_1_1_1_1_1_2_228_0_1_1_1_1_1_1_1_1_1_1_1_2_228_0,0.17665,0.17115,0.1016,0.0978,0.0447,0.04795,0.0661,0.07085,0.0704,0.0747,0.2357,0.2544,1,4,-0.45540679,-0.4144628,-0.14320359,-0.19562918,0.5400196,0.54603463,-0.5619616,-0.5643351,20.08233224989817,73.69028497654314,228.0,Nashik,1,"{""type"":""MultiPoint"",""coordinates"":[]}",-9.495966420011404,-15.737207063233447,-9.416159541131513,-15.986194578220953
1_1_1_1_1_1_1_1_1_1_1_2_229_0_1_1_1_1_1_1_1_1_1_1_1_2_229_0,0.1311,0.15535,0.0711,0.10415,0.0397,0.04175,0.0506,0.06015,0.0394,0.0626,0.1982,0.2043,0,0,-0.443038,-0.44176334,-0.20376556,-0.13610454,0.66835016,0.53091043,-0.5932476,-0.5450936,19.886589349488524,73.85494616812225,229.0,Nashik,1,"{""type"":""MultiPoint"",""coordinates"":[]}",-8.70657146586618,-15.53623455025207,-8.602030451616647,-15.35533338123898
1_1_1_1_1_1_1_1_1_1_1_2_230_0_1_1_1_1_1_1_1_1_1_1_1_2_230_0,0.21,0.2628,0.1552,0.2108,0.054,0.0733,0.0733,0.1028,0.0922,0.143,0.1998,0.207,4,4,-0.48252735,-0.43763676,0.02489019,0.118773945,0.36849314,0.18285714,-0.4632003,-0.33634603,20.14790926563889,73.83859682995127,230.0,Nashik,1,"{""type"":""MultiPoint"",""coordinates"":[]}",-8.53922951578268,-17.891840873224552,-9.918939810533919,-19.083569353911024
1_1_1_1_1_1_1_1_1_1_1_2_231_0_1_1_1_1_1_1_1_1_1_1_1_2_231_0,0.1726,0.1678,0.1251,0.0909,0.0612,0.0424,0.0794,0.0708,0.0768,0.0496,0.236,0.3196,4,4,-0.36984128,-0.40653813,-0.15516397,-0.3114485,0.5089514,0.73131096,-0.49651235,-0.63729507,19.99321937371351,73.88746518140738,231.0,Nashik,1,"{""type"":""MultiPoint"",""coordinates"":[]}",-11.130656183431517,-16.290704511304767,-9.432786312837578,-15.334478613224121
1_1_1_1_1_1_1_1_1_1_1_2_232_0_1_1_1_1_1_1_1_1_1_1_1_2_232_0,0.1462,0.1861,0.0833,0.1546,0.0424,0.0532,0.0566,0.0798,0.0396,0.1078,0.3152,0.1866,4,4,-0.4418146,-0.39977434,-0.36627656,-0.0013415616,0.77677566,0.26766303,-0.69553524,-0.4009009,20.03687749652172,73.88135663747536,232.0,Nashik,1,"{""type"":""MultiPoint"",""coordinates"":[]}",-11.344157611951067,-18.271124941647493,-9.345217032899075,-18.379518091724997
1_1_1_1_1_1_1_1_1_1_1_2_233_0_1_1_1_1_1_1_1_1_1_1_1_2_233_0,0.0125,0.01195,0.0091,0.009,0.05105,0.04015,0.0661,0.0484,0.0443,0.0282,0.02715,0.0176,0,0,0.6819338,0.6039768,-0.36948296,-0.19120136,-0.240028,-0.23144105,0.41769436,0.46666667,20.03966227390249,73.6704322087641,233.0,Nashik,1,"{""type"":""MultiPoint"",""coordinates"":[]}",-21.851220708784076,-28.095531942514764,-23.21193924854413,-31.49487392941396
1_1_1_1_1_1_1_1_1_1_1_2_234_0_1_1_1_1_1_1_1_1_1_1_1_2_234_0,0.1815,0.2031,0.1064,0.1142,0.0424,0.0406,0.0584,0.0607,0.0572,0.06,0.2722,0.3256,4,4,-0.5131305,-0.5398029,-0.19991183,-0.23170039,0.65270185,0.6887967,-0.64670295,-0.6857365,20.06544392255672,73.91234851477749,234.0,Nashik,1,"{""type"":""MultiPoint"",""coordinates"":[]}",-8.603944076688013,-16.916566616110185,-7.503862570490258,-15.985865543818418
1_1_1_1_1_1_1_1_1_1_1_2_235_0_1_1_1_1_1_1_1_1_1_1_1_2_235_0,0.2852,0.2903,0.2287,0.2502,0.0826,0.1908,0.1018,0.2156,0.1426,0.2452,0.2154,0.3008,6,6,-0.4739018,-0.14765763,0.13943268,-0.017763492,0.20335196,0.1018315,-0.35813367,-0.16498838,20.03274524621477,73.78586572277347,235.0,Nashik,1,"{""type"":""MultiPoint"",""coordinates"":[]}",-1.5908689658045605,-13.021279378559994,1.6582611385143828,-13.140472758312157
1_1_1_1_1_1_1_1_1_1_1_2_236_0_1_1_1_1_1_1_1_1_1_1_1_2_236_0,0.1668,0.2196,0.0909,0.142,0.0398,0.0578,0.0666,0.0898,0.0449,0.099,0.2558,0.2844,4,4,-0.4293059,-0.41952166,-0.21060105,-0.12857144,0.7013635,0.48356807,-0.5868486,-0.5200428,20.101017207807853,73.91010272656719,236.0,Nashik,1,"{""type"":""MultiPoint"",""coordinates"":[]}",-6.925410836417393,-15.868942247577726,-7.457906058141503,-16.636107198129
1_1_1_1_1_1_1_1_1_1_1_2_237_0_1_1_1_1_1_1_1_1_1_1_1_2_237_0,0.214,0.1913,0.1537,0.11585,0.0444,0.0364,0.0648,0.05955,0.086,0.05895,0.2264,0.2509,4,4,-0.53515065,-0.52521425,-0.02815622,-0.13478065,0.44942382,0.6194933,-0.55494505,-0.61636335,19.914347291767815,73.6614490559229,237.0,Nashik,1,"{""type"":""MultiPoint"",""coordinates"":[]}",-7.583999355487263,-15.07023602264345,-6.693369913875244,-14.853168723190338
1_1_1_1_1_1_1_1_1_1_1_2_238_0_1_1_1_1_1_1_1_1_1_1_1_2_238_0,0.31275,0.2997,0.2377,0.2262,0.0766,0.0576,0.0932,0.078,0.1285,0.1142,0.2293,0.1964,5,5,-0.54083014,-0.5869738,0.15395258,0.20822415,0.28172162,0.26464906,-0.42201552,-0.43148687,19.91021504146087,73.75442468782929,238.0,Nashik,1,"{""type"":""MultiPoint"",""coordinates"":[]}",-12.19296984310332,-18.739695608056582,-11.861259593300826,-17.975387500316614
1_1_1_1_1_1_1_1_1_1_1_2_239_0_1_1_1_1_1_1_1_1_1_1_1_2_239_0,0.2898,0.2737,0.2233,0.2221,0.0878,0.092,0.1088,0.127,0.149,0.1744,0.2088,0.2252,4,4,-0.4540893,-0.3661093,0.16245487,0.09721387,0.16713248,0.12712713,-0.31486145,-0.27881885,20.10371215366021,73.78712336417122,239.0,Nashik,1,"{""type"":""MultiPoint"",""coordinates"":[]}",-10.542816742392604,-20.45758228311399,-9.131339592316095,-18.158650272665305
1_1_1_1_1_1_1_1_1_1_1_2_240_0_1_1_1_1_1_1_1_1_1_1_1_2_240_0,0.1976,0.2297,0.1437,0.167,0.0615,0.0428,0.0772,0.0612,0.0819,0.0782,0.2128,0.1686,6,6,-0.43813682,-0.57923687,-0.037037037,0.15340196,0.44418052,0.36628848,-0.46758622,-0.4673629,20.015767087344912,73.80715579500709,240.0,Nashik,1,"{""type"":""MultiPoint"",""coordinates"":[]}",-9.683147271974352,-15.738827315370425,-9.760804864193915,-15.417313720075867
1_1_1_1_1_1_1_1_1_1_1_2_241_0_1_1_1_1_1_1_1_1_1_1_1_2_241_0,0.1688,0.105,0.16115,0.0927,0.0551,0.0323,0.0693,0.0413,0.0932,0.0511,0.1216,0.0642,4,6,-0.41789165,-0.43540668,0.16253443,0.24113475,0.13221602,0.11361665,-0.27396542,-0.21706161,19.93285258662068,73.6922612701682,241.0,Nashik,1,"{""type"":""MultiPoint"",""coordinates"":[]}",-8.003826112945452,-18.05034943456225,-8.81756016853982,-17.64561800577949
1_1_1_1_1_1_1_1_1_1_1_2_242_0_1_1_1_1_1_1_1_1_1_1_1_2_242_0,0.26775,0.1617,0.2113,0.11095,0.0771,0.04245,0.1032,0.06135,0.1385,0.0631,0.2151,0.2142,4,6,-0.4435908,-0.44989914,0.109040074,-0.1396648,0.21662895,0.5448972,-0.35155514,-0.5547088,20.087901804659708,73.69378840615121,242.0,Nashik,1,"{""type"":""MultiPoint"",""coordinates"":[]}",-11.946012808426145,-20.028451572864235,-8.239813830463177,-15.09445389770077
1_1_1_1_1_1_1_1_1_1_1_2_243_0_1_1_1_1_1_1_1_1_1_1_1_2_243_0,0.39355,0.38585,0.29615,0.2881,0.1025,0.0921,0.1361,0.1236,0.1993,0.1786,0.3041,0.2729,5,5,-0.4860757,-0.5147708,0.12821615,0.1714611,0.20818435,0.20885935,-0.3816447,-0.37654477,20.12113947017213,73.65552017504771,243.0,Nashik,1,"{""type"":""MultiPoint"",""coordinates"":[]}",-17.54923873996121,-23.404378438073337,-16.454726054282,-23.032891638583703
1_1_1_1_1_1_1_1_1_1_1_2_244_0_1_1_1_1_1_1_1_1_1_1_1_2_244_0,0.2022,0.20295,0.1375,0.1455,0.0487,0.039,0.067,0.0592,0.0654,0.0575,0.2244,0.2088,6,6,-0.5022288,-0.54835016,-0.05203938,-0.01420765,0.54865426,0.56815624,-0.540151,-0.55820894,19.87374344092561,73.8883634966915,244.0,Nashik,1,"{""type"":""MultiPoint"",""coordinates"":[]}",-9.589404031633437,-16.427537840946865,-9.788396214502535,-16.264358028421682
1_1_1_1_1_1_1_1_1_1_1_2_245_0_1_1_1_1_1_1_1_1_1_1_1_2_245_0,0.1592,0.1821,0.129,0.1184,0.0546,0.0412,0.0642,0.0626,0.0726,0.0546,0.136,0.2336,4,4,-0.4252462,-0.48835307,0.07859079,-0.12388742,0.30393097,0.62109643,-0.35864136,-0.57731265,20.127607340217796,73.9432505605512,245.0,Nashik,1,"{""type"":""MultiPoint"",""coordinates"":[]}",-8.699110974139744,-18.072414558579606,-7.904765153954668,-15.592681044645087
1_1_1_1_1_1_1_1_1_1_1_2_246_0_1_1_1_1_1_1_1_1_1_1_1_2_246_0,0.2984,0.3293,0.2293,0.2441,0.0824,0.0698,0.1044,0.0896,0.1524,0.141,0.207,0.2166,4,5,-0.4816286,-0.57221293,0.18084686,0.20644806,0.15191987,0.21140939,-0.32947975,-0.4147616,20.033913056084128,73.89878395398729,246.0,Nashik,1,"{""type"":""MultiPoint"",""coordinates"":[]}",-12.683728181335034,-22.163067412486917,-12.485504136522525,-20.438520658536735
1_1_1_1_1_1_1_1_1_1_1_2_247_0_1_1_1_1_1_1_1_1_1_1_1_2_247_0,0.2629,0.1854,0.1915,0.1164,0.0624,0.04005,0.079,0.06185,0.1086,0.05045,0.2102,0.252,5,4,-0.53787655,-0.49969667,0.11139294,-0.15226337,0.3186951,0.66639113,-0.4536653,-0.6058627,19.99402785746922,73.66405417024686,247.0,Nashik,1,"{""type"":""MultiPoint"",""coordinates"":[]}",-10.79087199565347,-19.170715874860413,-10.36566525011705,-18.88722001809051
1_1_1_1_1_1_1_1_1_1_1_2_248_0_1_1_1_1_1_1_1_1_1_1_1_2_248_0,0.1933,0.21585,0.1523,0.17935,0.0786,0.0825,0.1072,0.1103,0.1318,0.1347,0.2164,0.2116,4,5,-0.28652245,-0.3236241,-0.05638272,0.009942683,0.24296382,0.2220618,-0.33745363,-0.31469402,19.87751636511892,73.94926927295481,248.0,Nashik,1,"{""type"":""MultiPoint"",""coordinates"":[]}",-4.941414555350993,-16.64054218373172,-11.740134298913436,-17.59393380002127
1_1_1_1_1_1_1_1_1_1_1_2_249_0_1_1_1_1_1_1_1_1_1_1_1_2_249_0,0.2988,0.2453,0.2142,0.1751,0.0794,0.0498,0.0974,0.068,0.1297,0.0898,0.2357,0.1876,5,1,-0.50832915,-0.5659113,0.118054256,0.13328713,0.29009303,0.35255948,-0.41519064,-0.46791863,19.94740529422341,73.69621385741833,249.0,Nashik,1,"{""type"":""MultiPoint"",""coordinates"":[]}",-11.749525184373034,-17.513050101387904,-9.444726078023017,-16.494929980240055
1_1_1_1_1_1_1_1_1_1_1_2_250_0_1_1_1_1_1_1_1_1_1_1_1_2_250_0,0.2466,0.2399,0.1984,0.2104,0.0656,0.0675,0.0804,0.0936,0.0982,0.1184,0.2192,0.1924,6,6,-0.50825685,-0.43868065,0.05882353,0.1098774,0.38122243,0.23809524,-0.46328437,-0.34545454,19.97624121484365,73.8861177084812,250.0,Nashik,1,"{""type"":""MultiPoint"",""coordinates"":[]}",-8.910539674020026,-15.169124395417196,-8.008327641030128,-13.978036126575974
1_1_1_1_1_1_1_1_1_1_1_2_251_0_1_1_1_1_1_1_1_1_1_1_1_2_251_0,0.295,0.2944,0.2074,0.2039,0.0676,0.05135,0.0848,0.07305,0.117,0.1063,0.2414,0.2213,4,5,-0.5534492,-0.6023949,0.09992543,0.14174908,0.3470982,0.35103786,-0.48007357,-0.5036521,20.046848796175446,73.72406163122604,251.0,Nashik,1,"{""type"":""MultiPoint"",""coordinates"":[]}",-10.733862894886737,-16.618408693952894,-10.014593373070007,-17.408485552442137
1_1_1_1_1_1_1_1_1_1_1_2_252_0_1_1_1_1_1_1_1_1_1_1_1_2_252_0,0.1181,0.15535,0.0851,0.10445,0.0502,0.054,0.066,0.07695,0.0742,0.0783,0.1318,0.219,0,0,-0.28299838,-0.3374946,-0.054821927,-0.17002805,0.27961165,0.47325933,-0.33265924,-0.47997972,19.902669193074264,73.66342534954796,252.0,Nashik,1,"{""type"":""MultiPoint"",""coordinates"":[]}",-15.959273235188537,-22.598235552650078,-15.089145093721152,-22.84293963309161
1_1_1_1_1_1_1_1_1_1_1_2_253_0_1_1_1_1_1_1_1_1_1_1_1_2_253_0,0.1591,0.1725,0.1019,0.1225,0.0433,0.0333,0.0643,0.0549,0.0629,0.0677,0.2508,0.203,4,4,-0.42435095,-0.5171504,-0.2237131,-0.08122503,0.5989799,0.4998153,-0.5918756,-0.57425356,20.11044951829111,73.84677149903676,253.0,Nashik,1,"{""type"":""MultiPoint"",""coordinates"":[]}",-9.796310261755606,-16.338639256445372,-8.94963947559898,-15.797106544660675
1_1_1_1_1_1_1_1_1_1_1_2_254_0_1_1_1_1_1_1_1_1_1_1_1_2_254_0,0.2452,0.2468,0.2145,0.2052,0.0756,0.0653,0.0941,0.0926,0.1192,0.1162,0.2428,0.2314,4,6,-0.44532862,-0.45433116,0.004918033,0.0322041,0.34143648,0.3314154,-0.44137725,-0.42839506,20.100478218637384,73.80922192016057,254.0,Nashik,1,"{""type"":""MultiPoint"",""coordinates"":[]}",-9.381165622552686,-14.888880944364328,-8.370478254200762,-15.877541499764995
1_1_1_1_1_1_1_1_1_1_1_2_255_0_1_1_1_1_1_1_1_1_1_1_1_2_255_0,0.2999,0.2595,0.23535,0.20015,0.0812,0.0726,0.1082,0.0983,0.1489,0.1219,0.2355,0.2313,4,4,-0.4697378,-0.45053104,0.1202839,0.057457212,0.22528616,0.30973953,-0.37038115,-0.40351942,20.14135156406482,73.66612029540033,255.0,Nashik,1,"{""type"":""MultiPoint"",""coordinates"":[]}",-12.781332243160781,-21.92142147987067,-9.191705859945094,-18.071671433781272
1_1_1_1_1_1_1_1_1_1_1_2_256_0_1_1_1_1_1_1_1_1_1_1_1_2_256_0,0.1853,0.1686,0.14,0.13,0.0592,0.0364,0.0756,0.0583,0.0739,0.0698,0.181,0.1638,6,6,-0.42046762,-0.48611724,0.011739012,0.014440433,0.42016476,0.40239727,-0.41075605,-0.47501126,20.0134314676062,73.81272534976864,256.0,Nashik,1,"{""type"":""MultiPoint"",""coordinates"":[]}",-10.345947819363461,-16.892426558713474,-9.473730850685227,-16.540863780336693
1_1_1_1_1_1_1_1_1_1_1_2_257_0_1_1_1_1_1_1_1_1_1_1_1_2_257_0,0.1638,0.1811,0.10155,0.1264,0.0503,0.0494,0.066,0.0766,0.0604,0.0808,0.2865,0.2176,4,4,-0.42558748,-0.40551028,-0.27248502,-0.09154753,0.65177286,0.45844504,-0.6255319,-0.4792658,19.929079662427377,73.89051945337339,257.0,Nashik,1,"{""type"":""MultiPoint"",""coordinates"":[]}",-8.748996453027292,-16.19564635823394,-9.573302826629885,-17.67887408168236
1_1_1_1_1_1_1_1_1_1_1_2_258_0_1_1_1_1_1_1_1_1_1_1_1_2_258_0,0.19005,0.1903,0.1211,0.1324,0.0481,0.0417,0.07095,0.067,0.06155,0.0715,0.2709,0.2384,4,4,-0.45632184,-0.47920716,-0.17539863,-0.11219967,0.6297188,0.5385608,-0.5849057,-0.5612312,19.893236882591008,73.86401915249186,258.0,Nashik,1,"{""type"":""MultiPoint"",""coordinates"":[]}",-9.298346510430076,-17.68645135169318,-9.35981023406828,-18.754104594398743
1_1_1_1_1_1_1_1_1_1_1_2_259_0_1_1_1_1_1_1_1_1_1_1_1_2_259_0,0.3164,0.28685,0.2376,0.19165,0.0808,0.06465,0.1082,0.0948,0.1562,0.1147,0.2372,0.269,4,4,-0.49034384,-0.50320977,0.14306359,0.03211298,0.2058973,0.4021371,-0.37348002,-0.4788345,19.988727797292917,73.66998305112205,259.0,Nashik,1,"{""type"":""MultiPoint"",""coordinates"":[]}",-10.184736569226658,-20.39986820615629,-10.845861295984632,-18.230280920874662
1_1_1_1_1_1_1_1_1_1_1_2_260_0_1_1_1_1_1_1_1_1_1_1_1_2_260_0,0.2223,0.2076,0.1817,0.1741,0.0766,0.054,0.0959,0.083,0.1344,0.1158,0.1954,0.204,4,4,-0.39723444,-0.42876807,0.064400285,0.008746356,0.18496059,0.27579737,-0.34157225,-0.4216028,19.993488868298748,73.7553230031134,260.0,Nashik,1,"{""type"":""MultiPoint"",""coordinates"":[]}",-11.580910952314458,-19.748210775000757,-10.791674490456685,-16.840215605013938
1_1_1_1_1_1_1_1_1_1_1_2_261_0_1_1_1_1_1_1_1_1_1_1_1_2_261_0,0.3308,0.283,0.24175,0.2095,0.084,0.0729,0.1105,0.0974,0.1626,0.1364,0.2502,0.2131,5,5,-0.4992069,-0.48790747,0.13872634,0.14089902,0.2122093,0.21945636,-0.38730246,-0.37262478,20.004358483236597,73.67896620396324,261.0,Nashik,1,"{""type"":""MultiPoint"",""coordinates"":[]}",-13.454153456221178,-19.245740460449277,-11.575038341576395,-18.111664832228037
1_1_1_1_1_1_1_1_1_1_1_2_262_0_1_1_1_1_1_1_1_1_1_1_1_2_262_0,0.3036,0.3014,0.216,0.2252,0.0694,0.0628,0.092,0.0839,0.131,0.1144,0.1962,0.1836,5,5,-0.53488374,-0.5644952,0.21488595,0.2428866,0.19926651,0.23221476,-0.36155447,-0.3727103,20.0953578215179,73.85413768436655,262.0,Nashik,1,"{""type"":""MultiPoint"",""coordinates"":[]}",-13.469798227241919,-19.95354628766097,-10.830010060683657,-18.161828596767222
1_1_1_1_1_1_1_1_1_1_1_2_263_0_1_1_1_1_1_1_1_1_1_1_1_2_263_0,0.1707,0.19,0.0975,0.1142,0.0388,0.0396,0.0584,0.0654,0.0452,0.069,0.3144,0.2618,6,6,-0.49017897,-0.48786217,-0.29622757,-0.15891987,0.74860954,0.5828295,-0.6866953,-0.6002445,20.044782671021974,73.9454065172331,263.0,Nashik,1,"{""type"":""MultiPoint"",""coordinates"":[]}",-8.893039723880893,-17.05853440529587,-8.586537671146367,-16.640863167562443
1_1_1_1_1_1_1_1_1_1_1_2_264_0_1_1_1_1_1_1_1_1_1_1_1_2_264_0,0.1868,0.1988,0.1151,0.1336,0.0398,0.0308,0.0551,0.051,0.05175,0.0568,0.1843,0.171,1,1,-0.54443985,-0.5916733,0.006736729,0.07517577,0.5615336,0.50131696,-0.53968257,-0.5405405,19.902309866960618,73.78029616801192,264.0,Nashik,1,"{""type"":""MultiPoint"",""coordinates"":[]}",-8.890014465793703,-13.456598386019918,-8.09528077633567,-13.430660643006266
1_1_1_1_1_1_1_1_1_1_1_2_265_0_1_1_1_1_1_1_1_1_1_1_1_2_265_0,0.2199,0.169,0.1377,0.1179,0.0724,0.0376,0.1084,0.0645,0.0848,0.0706,0.348,0.2294,4,4,-0.3396284,-0.44753748,-0.22556788,-0.15160643,0.6081331,0.52933335,-0.5249781,-0.5610752,20.119073345018656,73.84964610794594,265.0,Nashik,1,"{""type"":""MultiPoint"",""coordinates"":[]}",-8.731794499329128,-16.016341753525523,-9.608130398311,-17.22633866878984
1_1_1_1_1_1_1_1_1_1_1_2_266_0_1_1_1_1_1_1_1_1_1_1_1_2_266_0,0.1741,0.1881,0.12035,0.1287,0.08745,0.0774,0.0854,0.0788,0.083,0.0824,0.0904,0.0969,6,6,-0.34181118,-0.40951666,0.31644613,0.32,0.042675894,0.08087005,-0.02844141,-0.1030165,19.99303971065669,73.7207378646748,266.0,Nashik,1,"{""type"":""MultiPoint"",""coordinates"":[]}",-13.369144608317704,-20.280829839793274,-13.394052604439871,-20.356004840436302
1_1_1_1_1_1_1_1_1_1_1_2_267_0_1_1_1_1_1_1_1_1_1_1_1_2_267_0,0.2116,0.2018,0.1575,0.14785,0.064,0.0512,0.0858,0.0804,0.1076,0.0966,0.2248,0.2153,4,4,-0.42299932,-0.43019137,-0.03024748,-0.03236634,0.35258725,0.3805707,-0.44752094,-0.4562056,19.87401293551085,73.6862425577646,267.0,Nashik,1,"{""type"":""MultiPoint"",""coordinates"":[]}",-9.792583100786945,-17.053707017677226,-9.018894000927794,-16.50093473692721
1_1_1_1_1_1_1_1_1_1_1_2_268_0_1_1_1_1_1_1_1_1_1_1_1_2_268_0,0.2142,0.2118,0.1495,0.1391,0.04585,0.0456,0.07245,0.0749,0.0817,0.0785,0.264,0.3212,4,6,-0.4945055,-0.4775026,-0.10414053,-0.20525329,0.5273358,0.6072054,-0.5693268,-0.6218127,20.14862791786619,73.73115832197058,268.0,Nashik,1,"{""type"":""MultiPoint"",""coordinates"":[]}",-10.284920879329423,-17.701180611969896,-9.762671461742856,-17.62859951415041
1_1_1_1_1_1_1_1_1_1_1_2_269_0_1_1_1_1_1_1_1_1_1_1_1_2_269_0,0.2092,0.1784,0.1571,0.1173,0.0524,0.038,0.0661,0.07,0.0921,0.052,0.2004,0.2696,4,4,-0.5197966,-0.4363929,0.021484375,-0.20357142,0.37025642,0.6766169,-0.50394,-0.5877503,20.02259428350422,73.91405531381731,269.0,Nashik,1,"{""type"":""MultiPoint"",""coordinates"":[]}",-7.25189929896371,-16.732506463955758,-7.135768024119129,-14.985798497170961
1_1_1_1_1_1_1_1_1_1_1_2_270_0_1_1_1_1_1_1_1_1_1_1_1_2_270_0,0.3467,0.3583,0.2638,0.2798,0.1058,0.0946,0.138,0.1228,0.1964,0.1672,0.2878,0.2668,4,5,-0.4305756,-0.48950323,0.092829,0.14637658,0.18876497,0.22949308,-0.35180837,-0.36960986,20.129493802314443,73.74292625219255,270.0,Nashik,1,"{""type"":""MultiPoint"",""coordinates"":[]}",-12.619885228716118,-19.982947263076962,-10.705985050284053,-19.288602611247647
1_1_1_1_1_1_1_1_1_1_1_2_271_0_1_1_1_1_1_1_1_1_1_1_1_2_271_0,0.3357,0.2861,0.2397,0.22615,0.0736,0.0815,0.0972,0.11,0.1378,0.1475,0.2536,0.232,5,4,-0.55093557,-0.4445847,0.13931784,0.10442,0.295861,0.22266139,-0.4458381,-0.35672516,19.949561250905305,73.6636948441332,271.0,Nashik,1,"{""type"":""MultiPoint"",""coordinates"":[]}",-13.126621595163607,-20.08914019837942,-12.738401699190558,-20.807984473119067
1_1_1_1_1_1_1_1_1_1_1_2_272_0_1_1_1_1_1_1_1_1_1_1_1_2_272_0,0.1981,0.1861,0.1311,0.1266,0.0477,0.0578,0.0705,0.0791,0.0767,0.0875,0.22,0.236,4,4,-0.47505584,-0.4034691,-0.052379813,-0.11821843,0.48297945,0.45904174,-0.51462996,-0.49793717,19.96743772505928,73.69064430265679,272.0,Nashik,1,"{""type"":""MultiPoint"",""coordinates"":[]}",-12.268039101148444,-18.49720288435347,-11.087704423892113,-19.338170420954494
1_1_1_1_1_1_1_1_1_1_1_2_273_0_1_1_1_1_1_1_1_1_1_1_1_2_273_0,0.2554,0.2739,0.2209,0.2472,0.1104,0.1188,0.142,0.155,0.1798,0.2066,0.2272,0.2502,6,6,-0.2853548,-0.2772208,0.058433484,0.04522038,0.11646192,0.09544659,-0.23076923,-0.2349457,19.99303971065669,73.91055188420926,273.0,Nashik,1,"{""type"":""MultiPoint"",""coordinates"":[]}",-13.40312852695958,-21.34341384666824,-12.616454045164359,-20.46233244651017
1_1_1_1_1_1_1_1_1_1_1_2_274_0_1_1_1_1_1_1_1_1_1_1_1_2_274_0,0.21735,0.219,0.1502,0.15675,0.0613,0.06575,0.08085,0.0843,0.0959,0.101,0.2065,0.1963,4,4,-0.45774648,-0.44411474,0.025598679,0.05465928,0.36574075,0.32055163,-0.43727162,-0.39914468,20.11467160012647,73.6914527864125,274.0,Nashik,1,"{""type"":""MultiPoint"",""coordinates"":[]}",-10.625238176609113,-16.41564142496864,-10.880894859418838,-17.06352143782931
1_1_1_1_1_1_1_1_1_1_1_2_275_0_1_1_1_1_1_1_1_1_1_1_1_2_275_0,0.1926,0.2202,0.1698,0.189,0.0496,0.0625,0.0643,0.0826,0.075,0.093,0.1956,0.2138,6,6,-0.4994161,-0.45442536,-0.0077279755,0.014746544,0.44567627,0.39374185,-0.5051943,-0.44264507,20.08987809828477,73.92465543416992,275.0,Nashik,1,"{""type"":""MultiPoint"",""coordinates"":[]}",-5.824160152147348,-13.324866752079318,-4.453387295988752,-13.486264924746209
1_1_1_1_1_1_1_1_1_1_1_2_276_0_1_1_1_1_1_1_1_1_1_1_1_2_276_0,0.2321,0.2175,0.16255,0.1326,0.06345,0.0374,0.0746,0.0552,0.08195,0.0602,0.1908,0.2294,4,1,-0.51353115,-0.59515953,0.09765902,-0.026627881,0.3990834,0.58425415,-0.4378297,-0.61208713,19.89602165997178,73.84272908025822,276.0,Nashik,1,"{""type"":""MultiPoint"",""coordinates"":[]}",-8.260035852400273,-14.222043448155002,-7.691404046719733,-14.216094665023821
1_1_1_1_1_1_1_1_1_1_1_2_277_0_1_1_1_1_1_1_1_1_1_1_1_2_277_0,0.2104,0.2111,0.1365,0.1514,0.0636,0.061,0.08,0.087,0.0905,0.1108,0.2526,0.261,4,6,-0.44903582,-0.41630325,-0.09114471,-0.105697945,0.47245702,0.40398064,-0.5189417,-0.5,20.1081138985524,73.80886259404691,277.0,Nashik,1,"{""type"":""MultiPoint"",""coordinates"":[]}",-9.494802289390329,-15.755910046915298,-8.802003984991467,-15.269293254509208
1_1_1_1_1_1_1_1_1_1_1_2_278_0_1_1_1_1_1_1_1_1_1_1_1_2_278_0,0.1826,0.2102,0.1142,0.1364,0.0558,0.037,0.0835,0.0674,0.0771,0.054,0.2558,0.2944,4,4,-0.37241638,-0.51440924,-0.1669708,-0.16686484,0.5367978,0.6900115,-0.5078102,-0.62741846,20.042626714340084,73.88351259415725,278.0,Nashik,1,"{""type"":""MultiPoint"",""coordinates"":[]}",-10.150186371493973,-16.31975580664582,-10.63391206618297,-17.500066364085015
1_1_1_1_1_1_1_1_1_1_1_2_279_0_1_1_1_1_1_1_1_1_1_1_1_2_279_0,0.274,0.27665,0.2162,0.21305,0.0686,0.066,0.0869,0.0892,0.1138,0.1134,0.2014,0.2036,5,5,-0.5184262,-0.51236844,0.1527135,0.15210828,0.2779188,0.2845426,-0.39715573,-0.39071038,20.122666606155136,73.7424770945505,279.0,Nashik,1,"{""type"":""MultiPoint"",""coordinates"":[]}",-3.4186136997547574,-12.255246287059824,-5.009636877615112,-12.122332261274424
1_1_1_1_1_1_1_1_1_1_1_2_280_0_1_1_1_1_1_1_1_1_1_1_1_2_280_0,0.2025,0.2399,0.1331,0.1931,0.0654,0.068,0.0856,0.0886,0.0872,0.124,0.2552,0.2134,4,4,-0.4057619,-0.46057838,-0.11514092,0.05846018,0.4906542,0.2649674,-0.4976526,-0.41324502,20.02897232202147,73.84820880349136,280.0,Nashik,1,"{""type"":""MultiPoint"",""coordinates"":[]}",-10.659921017277597,-18.351373046955015,-12.395809227072023,-19.45880158928961
1_1_1_1_1_1_1_1_1_1_1_2_281_0_1_1_1_1_1_1_1_1_1_1_1_2_281_0,0.1395,0.2071,0.0866,0.1607,0.05055,0.0582,0.0666,0.0916,0.06425,0.1312,0.2699,0.2444,4,4,-0.35371178,-0.3866756,-0.3185149,-0.08261351,0.61544216,0.30138445,-0.6041605,-0.4547619,19.95090872383148,73.93597420674983,281.0,Nashik,1,"{""type"":""MultiPoint"",""coordinates"":[]}",-11.472022848029312,-17.60272080930392,-11.703052681318075,-18.770333199880437
1_1_1_1_1_1_1_1_1_1_1_2_282_0_1_1_1_1_1_1_1_1_1_1_1_2_282_0,0.204,0.2291,0.1508,0.1682,0.059,0.0418,0.0783,0.0643,0.098,0.0824,0.2284,0.2354,1,4,-0.445271,-0.5616905,-0.056429233,-0.013562971,0.39950982,0.48143485,-0.48940334,-0.57090425,20.033463898442065,73.74526187193126,282.0,Nashik,1,"{""type"":""MultiPoint"",""coordinates"":[]}",-9.842260611736467,-16.017554138367668,-9.446045189627123,-16.23947152444128
1_1_1_1_1_1_1_1_1_1_1_2_283_0_1_1_1_1_1_1_1_1_1_1_1_2_283_0,0.1489,0.1555,0.09155,0.0999,0.0468,0.0426,0.0599,0.0642,0.05045,0.0616,0.2701,0.3356,4,4,-0.4262452,-0.41556668,-0.28926015,-0.36672774,0.6852285,0.6898288,-0.6369697,-0.67883945,19.94704596810977,73.86644460375898,283.0,Nashik,1,"{""type"":""MultiPoint"",""coordinates"":[]}",-11.089139541231463,-18.94622604406397,-10.259740694207213,-19.46859445057426
1_1_1_1_1_1_1_1_1_1_1_2_284_0_1_1_1_1_1_1_1_1_1_1_1_2_284_0,0.2492,0.235,0.202,0.2036,0.0582,0.0542,0.0754,0.077,0.1122,0.126,0.1814,0.1914,4,6,-0.5354282,-0.50641024,0.15745471,0.10225141,0.23569483,0.20604914,-0.4127726,-0.4262295,20.02807400673735,73.82637974208725,284.0,Nashik,1,"{""type"":""MultiPoint"",""coordinates"":[]}",-11.56046700803068,-20.149006718540594,-12.191615785767825,-19.65348200391933
1_1_1_1_1_1_1_1_1_1_1_2_285_0_1_1_1_1_1_1_1_1_1_1_1_2_285_0,0.1771,0.193,0.1171,0.1375,0.0496,0.0525,0.0704,0.0789,0.0714,0.0932,0.2438,0.2264,4,4,-0.4311111,-0.4196396,-0.15846995,-0.07963758,0.54695433,0.41677096,-0.5518778,-0.48313135,19.941027255706167,73.76969604765931,285.0,Nashik,1,"{""type"":""MultiPoint"",""coordinates"":[]}",-9.657379061037204,-17.42963395287123,-9.632925320816145,-17.702955812963697
1_1_1_1_1_1_1_1_1_1_1_2_286_0_1_1_1_1_1_1_1_1_1_1_1_2_286_0,0.26,0.2533,0.19935,0.2063,0.07465,0.0651,0.0986,0.09,0.1398,0.1258,0.2112,0.1948,4,5,-0.45008367,-0.47567725,0.103565365,0.13055122,0.2034188,0.21522146,-0.3634603,-0.36797753,19.90698110643804,73.78909965779629,286.0,Nashik,1,"{""type"":""MultiPoint"",""coordinates"":[]}",-13.885832922097652,-20.92259579716763,-13.535360441685079,-21.299650880005217
1_1_1_1_1_1_1_1_1_1_1_2_287_0_1_1_1_1_1_1_1_1_1_1_1_2_287_0,0.23795,0.1735,0.19195,0.1297,0.1644,0.043,0.1832,0.0687,0.2082,0.0768,0.2502,0.2018,6,6,-0.13000119,-0.43270025,-0.025094746,-0.07540634,0.09162304,0.44867194,-0.1545916,-0.49205175,19.950100240075773,73.8906092849018,287.0,Nashik,1,"{""type"":""MultiPoint"",""coordinates"":[]}",-10.369306794068232,-17.427205575208614,-10.369871205549758,-17.606285069328244
1_1_1_1_1_1_1_1_1_1_1_2_288_0_1_1_1_1_1_1_1_1_1_1_1_2_288_0,0.1602,0.267,0.11545,0.2248,0.0533,0.1366,0.0779,0.1598,0.08355,0.1882,0.244,0.271,4,6,-0.3456531,-0.2511715,-0.2073231,-0.007434944,0.48984888,0.18031359,-0.5159988,-0.2581244,19.89665048067066,73.91270784089114,288.0,Nashik,1,"{""type"":""MultiPoint"",""coordinates"":[]}",-10.685021568500929,-19.40988862001491,-8.6945117428134,-16.711381670135943
1_1_1_1_1_1_1_1_1_1_1_2_289_0_1_1_1_1_1_1_1_1_1_1_1_2_289_0,0.31875,0.28055,0.2284,0.19095,0.0799,0.06725,0.107,0.08535,0.1543,0.1176,0.2559,0.2094,5,5,-0.4973576,-0.5334791,0.109370925,0.1452189,0.24768406,0.28073394,-0.41030586,-0.42086515,20.0103771956402,73.67429496448581,289.0,Nashik,1,"{""type"":""MultiPoint"",""coordinates"":[]}",-14.668020498368687,-20.832874182260586,-14.049783931241567,-19.092365033171532
1_1_1_1_1_1_1_1_1_1_1_2_290_0_1_1_1_1_1_1_1_1_1_1_1_2_290_0,0.1371,0.1622,0.0889,0.087,0.046,0.0372,0.0634,0.0648,0.05735,0.0533,0.2276,0.3232,4,4,-0.36758104,-0.42907488,-0.24814916,-0.33168522,0.59747326,0.7168659,-0.5642612,-0.6659794,19.90159121473332,73.86671409834422,290.0,Nashik,1,"{""type"":""MultiPoint"",""coordinates"":[]}",-10.303335024554535,-16.995670553794394,-9.613970287102603,-17.132842560114497
1_1_1_1_1_1_1_1_1_1_1_2_291_0_1_1_1_1_1_1_1_1_1_1_1_2_291_0,0.4008,0.3856,0.2794,0.2692,0.0848,0.0693,0.117,0.1062,0.1752,0.1576,0.3108,0.3008,5,1,-0.5480881,-0.56811714,0.12647554,0.12354312,0.27901235,0.31239092,-0.45301542,-0.47813267,20.132009085109978,73.75289755184627,291.0,Nashik,1,"{""type"":""MultiPoint"",""coordinates"":[]}",-12.542434249244529,-18.666292701599993,-10.629554066346149,-17.481210586981895
1_1_1_1_1_1_1_1_1_1_1_2_292_0_1_1_1_1_1_1_1_1_1_1_1_2_292_0,0.2463,0.2727,0.1837,0.1911,0.0726,0.0683,0.1005,0.0944,0.1302,0.1302,0.2294,0.2338,4,4,-0.42041522,-0.48569873,0.035526592,0.07680158,0.27586207,0.2846154,-0.39072445,-0.424741,20.100747713222617,73.78451824984728,292.0,Nashik,1,"{""type"":""MultiPoint"",""coordinates"":[]}",-10.382946816285262,-18.48080872733441,-8.582752245283308,-17.459035454925697
1_1_1_1_1_1_1_1_1_1_1_2_293_0_1_1_1_1_1_1_1_1_1_1_1_2_293_0,0.1668,0.1849,0.10815,0.1316,0.0587,0.0628,0.06895,0.0781,0.0754,0.0983,0.1399,0.1634,4,4,-0.4150583,-0.40608364,0.087707855,0.061728396,0.29958197,0.24875812,-0.3397175,-0.3532091,19.917401563733826,73.83689003091145,293.0,Nashik,1,"{""type"":""MultiPoint"",""coordinates"":[]}",-7.578875541769692,-14.161769126088082,-6.426623028121554,-15.021158424560742
1_1_1_1_1_1_1_1_1_1_1_2_294_0_1_1_1_1_1_1_1_1_1_1_1_2_294_0,0.138,0.1776,0.1143,0.1149,0.04695,0.0456,0.0581,0.0774,0.082,0.0714,0.131,0.2634,4,6,-0.4074452,-0.39294118,0.026022306,-0.19455782,0.23004694,0.57347673,-0.38551033,-0.54577464,19.90347767682997,73.86626494070215,294.0,Nashik,1,"{""type"":""MultiPoint"",""coordinates"":[]}",-10.41618249337963,-17.428737975366822,-8.834627857238917,-15.349789556284001
1_1_1_1_1_1_1_1_1_1_1_2_295_0_1_1_1_1_1_1_1_1_1_1_1_2_295_0,0.30295,0.3154,0.25005,0.2551,0.0858,0.0828,0.1092,0.1106,0.1505,0.1582,0.2228,0.2212,4,4,-0.47009584,-0.4807512,0.15244888,0.17554976,0.193678,0.16605166,-0.3421687,-0.33333334,19.897728459011606,73.71660561436785,295.0,Nashik,1,"{""type"":""MultiPoint"",""coordinates"":[]}",-15.055210309388979,-21.68206329900119,-11.80638826859953,-18.63525371598611
1_1_1_1_1_1_1_1_1_1_1_2_296_0_1_1_1_1_1_1_1_1_1_1_1_2_296_0,0.3321,0.2704,0.2542,0.2158,0.08,0.0593,0.1024,0.07635,0.1478,0.1067,0.229,0.1643,5,5,-0.5286536,-0.5596251,0.18374622,0.24407637,0.21549894,0.21254613,-0.3820157,-0.36546853,20.00319067336724,73.67959502466212,296.0,Nashik,1,"{""type"":""MultiPoint"",""coordinates"":[]}",-12.42379791966596,-19.662302137222227,-10.877619186062152,-16.82873589973219
1_1_1_1_1_1_1_1_1_1_1_2_297_0_1_1_1_1_1_1_1_1_1_1_1_2_297_0,0.16195,0.15485,0.1132,0.11145,0.0425,0.04515,0.05835,0.06595,0.06405,0.069,0.1675,0.1979,4,4,-0.4702678,-0.4026268,-0.016846258,-0.122041106,0.44677174,0.48295242,-0.48328537,-0.5000948,20.084847532693704,73.68642222082143,297.0,Nashik,1,"{""type"":""MultiPoint"",""coordinates"":[]}",-9.476238589877436,-16.20863069044526,-8.28628874345728,-16.184920458476498
1_1_1_1_1_1_1_1_1_1_1_2_298_0_1_1_1_1_1_1_1_1_1_1_1_2_298_0,0.2087,0.2184,0.1222,0.1362,0.0614,0.0528,0.0885,0.0818,0.0717,0.0799,0.348,0.3308,4,4,-0.40444145,-0.45503,-0.25022453,-0.20466132,0.6583274,0.6109082,-0.59450173,-0.60349005,19.988817628821327,73.81928305134271,298.0,Nashik,1,"{""type"":""MultiPoint"",""coordinates"":[]}",-8.643044299981202,-16.608332579635974,-8.984321275891547,-15.787333245581252
1_1_1_1_1_1_1_1_1_1_1_2_299_0_1_1_1_1_1_1_1_1_1_1_1_2_299_0,0.2094,0.2256,0.1596,0.1617,0.0708,0.088,0.102,0.1066,0.1382,0.122,0.2204,0.1878,4,6,-0.34489402,-0.35821795,-0.0255933,0.09143686,0.22922476,0.21239509,-0.36724564,-0.27581522,19.89458435551719,73.67249833391757,299.0,Nashik,1,"{""type"":""MultiPoint"",""coordinates"":[]}",-11.131281939718797,-20.40729325748046,-9.870120403203035,-19.305203977292727
1_1_1_1_1_1_1_1_1_1_1_2_300_0_1_1_1_1_1_1_1_1_1_1_1_2_300_0,0.3573,0.32635,0.282,0.2445,0.0849,0.07805,0.114,0.1012,0.1688,0.1481,0.2486,0.2215,5,5,-0.5162317,-0.52660507,0.17940255,0.19138451,0.19118352,0.19859308,-0.37120795,-0.37279207,20.005795787691184,73.67025254570729,300.0,Nashik,1,"{""type"":""MultiPoint"",""coordinates"":[]}",-11.762251198467023,-19.191356528320018,-10.739847876708378,-17.538604477405567
1_1_1_1_1_1_1_1_1_1_1_2_301_0_1_1_1_1_1_1_1_1_1_1_1_2_301_0,0.21875,0.1968,0.1704,0.1379,0.07385,0.0488,0.0924,0.0669,0.1173,0.0772,0.1962,0.1826,6,6,-0.40607423,-0.49260524,0.054343898,0.03742752,0.25167465,0.4056967,-0.35966736,-0.46372744,19.910484536046106,73.83635104174098,301.0,Nashik,1,"{""type"":""MultiPoint"",""coordinates"":[]}",-10.394585793081175,-17.814917805937085,-10.597453807567842,-18.273605198018494
1_1_1_1_1_1_1_1_1_1_1_2_302_0_1_1_1_1_1_1_1_1_1_1_1_2_302_0,0.015,0.0292,0.0178,0.0264,0.0543,0.0367,0.072,0.0588,0.0624,0.0477,0.0237,0.0311,0,0,0.6551724,0.33636364,-0.2248062,-0.03150912,-0.44947734,-0.21065989,0.5047022,0.30812013,20.099490071824853,73.76116205246018,302.0,Nashik,1,"{""type"":""MultiPoint"",""coordinates"":[]}",-16.27357138286111,-27.780699190291223,-16.61346210843532,-26.52793216538418
1_1_1_1_1_1_1_1_1_1_1_2_303_0_1_1_1_1_1_1_1_1_1_1_1_2_303_0,0.2978,0.2743,0.2303,0.2114,0.0736,0.068,0.0955,0.0907,0.1402,0.1244,0.2014,0.1777,4,4,-0.5143656,-0.5030137,0.19310898,0.21371682,0.17915691,0.17643164,-0.35668576,-0.32414308,19.973995426633355,73.65731680561596,303.0,Nashik,1,"{""type"":""MultiPoint"",""coordinates"":[]}",-10.815533144151361,-20.656402981868016,-10.44459328618062,-20.03409312623001
1_1_1_1_1_1_1_1_1_1_1_2_304_0_1_1_1_1_1_1_1_1_1_1_1_2_304_0,0.2393,0.3018,0.1971,0.23925,0.0686,0.0947,0.0852,0.119,0.1166,0.1591,0.1706,0.2377,4,4,-0.47488445,-0.43441063,0.16760185,0.118813716,0.18802229,0.19808468,-0.3338546,-0.33277264,19.96555126296263,73.68678154693508,304.0,Nashik,1,"{""type"":""MultiPoint"",""coordinates"":[]}",-11.471915221415179,-22.883621618056544,-12.164471917449731,-21.248445693510103
1_1_1_1_1_1_1_1_1_1_1_2_305_0_1_1_1_1_1_1_1_1_1_1_1_2_305_0,0.1982,0.226,0.1555,0.1742,0.0657,0.0762,0.0759,0.103,0.0938,0.131,0.2158,0.2566,4,6,-0.44618753,-0.37386018,-0.042512078,-0.06340655,0.39405686,0.32404542,-0.47960234,-0.42714128,19.99672280332158,73.8936635568678,305.0,Nashik,1,"{""type"":""MultiPoint"",""coordinates"":[]}",-11.785646327004468,-17.540486621395722,-10.372155319525284,-18.448148888822576
1_1_1_1_1_1_1_1_1_1_1_2_306_0_1_1_1_1_1_1_1_1_1_1_1_2_306_0,0.16135,0.17,0.09535,0.0937,0.03185,0.0345,0.05675,0.0667,0.0459,0.0466,0.255,0.3032,4,4,-0.47959653,-0.4364174,-0.22493094,-0.28148773,0.69491524,0.73356205,-0.63592625,-0.639362,20.10479013200116,73.7162462882542,306.0,Nashik,1,"{""type"":""MultiPoint"",""coordinates"":[]}",-8.207770113140976,-15.477835207011196,-7.803298716111502,-16.543640450527946
1_1_1_1_1_1_1_1_1_1_1_2_307_0_1_1_1_1_1_1_1_1_1_1_1_2_307_0,0.3205,0.32875,0.2485,0.24595,0.0879,0.07995,0.1202,0.1105,0.1636,0.1546,0.2456,0.2422,4,5,-0.4545042,-0.49686965,0.13230878,0.15158945,0.20039101,0.22076613,-0.34281027,-0.37340516,19.872755294113084,73.69468672143533,307.0,Nashik,1,"{""type"":""MultiPoint"",""coordinates"":[]}",-14.032618860978808,-20.464753592701488,-12.047153018172473,-19.98362980086415
1_1_1_1_1_1_1_1_1_1_1_2_308_0_1_1_1_1_1_1_1_1_1_1_1_2_308_0,0.1271,0.2084,0.1076,0.1528,0.0592,0.0526,0.077,0.078,0.087,0.0817,0.13,0.2624,4,4,-0.2454679,-0.45530728,-0.0112796575,-0.11469839,0.19815668,0.525138,-0.25603864,-0.5417156,20.012263657736845,73.86635477223057,308.0,Nashik,1,"{""type"":""MultiPoint"",""coordinates"":[]}",-9.723624313314081,-17.973438553252688,-10.243482266094254,-19.11065988144155
1_1_1_1_1_1_1_1_1_1_1_2_309_0_1_1_1_1_1_1_1_1_1_1_1_2_309_0,0.3099,0.21905,0.2276,0.13935,0.105,0.04515,0.1574,0.0764,0.1746,0.06695,0.35,0.388,4,4,-0.32634282,-0.4828228,-0.060766783,-0.27831316,0.33435,0.7056819,-0.3795822,-0.6709733,19.863592478215065,73.88701602376533,309.0,Nashik,1,"{""type"":""MultiPoint"",""coordinates"":[]}",-10.60398497894132,-17.34459123126445,-11.156746741390691,-18.098480082920734
1_1_1_1_1_1_1_1_1_1_1_2_310_0_1_1_1_1_1_1_1_1_1_1_1_2_310_0,0.2066,0.1725,0.1521,0.1125,0.1318,0.0551,0.145,0.0872,0.1584,0.0938,0.2416,0.2434,6,4,-0.17519909,-0.32845592,-0.07809014,-0.17047366,0.208,0.4436536,-0.24987067,-0.47247428,20.000675390571704,73.92824869530641,310.0,Nashik,1,"{""type"":""MultiPoint"",""coordinates"":[]}",-9.54545302833051,-17.410613366612452,-9.430135244792607,-17.442657664976906
1_1_1_1_1_1_1_1_1_1_1_2_311_0_1_1_1_1_1_1_1_1_1_1_1_2_311_0,0.2933,0.2912,0.2228,0.221,0.0741,0.0624,0.1026,0.087,0.1426,0.1282,0.226,0.1976,5,5,-0.4816873,-0.539926,0.12959753,0.19148937,0.22626153,0.21301413,-0.37553257,-0.3886156,20.142878700047824,73.79547769631354,311.0,Nashik,1,"{""type"":""MultiPoint"",""coordinates"":[]}",-12.289326426397079,-20.965641075773853,-11.719384499880967,-20.432528627165944
1_1_1_1_1_1_1_1_1_1_1_2_312_0_1_1_1_1_1_1_1_1_1_1_1_2_312_0,0.2295,0.2065,0.1906,0.1757,0.095,0.113,0.1165,0.1432,0.1495,0.1714,0.2027,0.2194,6,6,-0.32658958,-0.1810123,0.06200833,-0.0302888,0.15105054,0.122824974,-0.27005014,-0.21014893,19.96734789353087,73.78200296705175,312.0,Nashik,1,"{""type"":""MultiPoint"",""coordinates"":[]}",-0.11627876450847424,-15.716967336036491,-1.5455652711774643,-15.185740480199996
1_1_1_1_1_1_1_1_1_1_1_2_313_0_1_1_1_1_1_1_1_1_1_1_1_2_313_0,0.3107,0.2433,0.249,0.21355,0.0927,0.0844,0.124,0.1095,0.1722,0.1429,0.2482,0.1744,4,6,-0.4294916,-0.3792517,0.1118268,0.16495092,0.1807802,0.099275135,-0.33369157,-0.22860162,19.99357869982716,73.66881524125269,313.0,Nashik,1,"{""type"":""MultiPoint"",""coordinates"":[]}",-14.318379756289358,-23.454899336547278,-11.367303398665518,-21.28303358853367
1_1_1_1_1_1_1_1_1_1_1_2_314_0_1_1_1_1_1_1_1_1_1_1_1_2_314_0,0.2153,0.2141,0.1478,0.1555,0.0624,0.062,0.0809,0.083,0.1116,0.1122,0.209,0.2074,4,4,-0.45374748,-0.44126555,0.014847985,0.01589561,0.30380535,0.29787233,-0.4418765,-0.42837465,20.066791395482905,73.77544526547767,314.0,Nashik,1,"{""type"":""MultiPoint"",""coordinates"":[]}",-10.46209454497892,-18.71753671120628,-9.864208522881933,-17.935483898463936
1_1_1_1_1_1_1_1_1_1_1_2_315_0_1_1_1_1_1_1_1_1_1_1_1_2_315_0,0.1965,0.1433,0.1177,0.104,0.0517,0.0425,0.0732,0.0656,0.053,0.0748,0.3488,0.2178,4,4,-0.45717463,-0.3719483,-0.2792958,-0.20631404,0.73618716,0.48872182,-0.6530806,-0.5370501,20.02205529433375,73.94486752806262,315.0,Nashik,1,"{""type"":""MultiPoint"",""coordinates"":[]}",-8.76621420486521,-16.094770026230087,-10.78507219858025,-17.121074073507682
1_1_1_1_1_1_1_1_1_1_1_2_316_0_1_1_1_1_1_1_1_1_1_1_1_2_316_0,0.1844,0.2213,0.1116,0.1137,0.0493,0.037,0.0644,0.0899,0.0496,0.0473,0.2856,0.4208,4,4,-0.48231512,-0.4222365,-0.21531914,-0.31069925,0.7040573,0.79790646,-0.632,-0.6479342,20.13120060135427,73.9019280574817,316.0,Nashik,1,"{""type"":""MultiPoint"",""coordinates"":[]}",-8.503301282986559,-16.458689617303165,-8.48817896883488,-15.792228044368366
1_1_1_1_1_1_1_1_1_1_1_2_317_0_1_1_1_1_1_1_1_1_1_1_1_2_317_0,0.2276,0.2745,0.1907,0.2511,0.0731,0.2192,0.0937,0.252,0.1244,0.29,0.2136,0.314,6,6,-0.41674447,-0.042735044,0.031731643,-0.0671198,0.26390532,0.0397351,-0.39017248,-0.109540634,20.02151630516328,73.82646957361567,317.0,Nashik,1,"{""type"":""MultiPoint"",""coordinates"":[]}",-5.971922333374858,-12.872527205393238,-4.05042007786345,-9.597964330211811
1_1_1_1_1_1_1_1_1_1_1_2_318_0_1_1_1_1_1_1_1_1_1_1_1_2_318_0,0.1598,0.1455,0.0832,0.07455,0.0354,0.0244,0.0562,0.0428,0.043,0.03095,0.2348,0.2585,1,1,-0.47962964,-0.5454063,-0.19006589,-0.27970296,0.69042474,0.78614616,-0.6137457,-0.7158978,19.86853321227772,73.82997300322373,318.0,Nashik,1,"{""type"":""MultiPoint"",""coordinates"":[]}",-8.510616307974939,-13.874367310103903,-10.126385135009638,-16.06726743567117
1_1_1_1_1_1_1_1_1_1_1_2_319_0_1_1_1_1_1_1_1_1_1_1_1_2_319_0,0.0175,0.0165,0.0118,0.01325,0.0524,0.03295,0.0634,0.0455,0.0418,0.0233,0.0235,0.0151,0,0,0.56736714,0.46774194,-0.14634146,0.044303797,-0.28024504,-0.21354167,0.45914844,0.50165015,19.90455565517092,73.66046090911037,319.0,Nashik,1,"{""type"":""MultiPoint"",""coordinates"":[]}",-20.914582481374993,-27.65312299317145,-22.4762615273765,-29.181853032749537
1_1_1_1_1_1_1_1_1_1_1_2_320_0_1_1_1_1_1_1_1_1_1_1_1_2_320_0,0.32195,0.332,0.25365,0.2579,0.09065,0.0825,0.1212,0.1192,0.1758,0.175,0.2366,0.2568,4,4,-0.4530069,-0.4716312,0.15280637,0.12771739,0.14742967,0.18943955,-0.32252654,-0.36595744,19.91021504146087,73.91710958578332,320.0,Nashik,1,"{""type"":""MultiPoint"",""coordinates"":[]}",-14.543963519493143,-22.339934215132622,-13.249338881979236,-21.44462786248168
1_1_1_1_1_1_1_1_1_1_1_2_321_0_1_1_1_1_1_1_1_1_1_1_1_2_321_0,0.1786,0.1923,0.1624,0.1679,0.0736,0.0606,0.08465,0.0696,0.0983,0.0844,0.1364,0.1282,4,6,-0.35688508,-0.46849942,0.13396825,0.2,0.16233489,0.2060207,-0.23410992,-0.29625884,19.931235619109263,73.7237023051124,321.0,Nashik,1,"{""type"":""MultiPoint"",""coordinates"":[]}",-12.292118004219708,-17.873419222071327,-11.37219361254715,-16.60622662385349
1_1_1_1_1_1_1_1_1_1_1_2_322_0_1_1_1_1_1_1_1_1_1_1_1_2_322_0,0.2009,0.1872,0.1517,0.1296,0.0498,0.0428,0.0764,0.0686,0.109,0.0814,0.1888,0.2304,4,4,-0.44897223,-0.46364346,0.031049525,-0.10344828,0.26796508,0.47787043,-0.42383108,-0.5411371,19.914347291767815,73.67474412212788,322.0,Nashik,1,"{""type"":""MultiPoint"",""coordinates"":[]}",-10.527645109957145,-18.413965023157978,-9.372205424433492,-17.20577512126113
1_1_1_1_1_1_1_1_1_1_1_2_323_0_1_1_1_1_1_1_1_1_1_1_1_2_323_0,0.2313,0.2016,0.1722,0.15,0.0686,0.0682,0.0882,0.0894,0.1126,0.1244,0.2276,0.259,4,4,-0.44788733,-0.385567,0.0080627585,-0.12462006,0.33803645,0.3510694,-0.44141862,-0.4867968,20.04936407897098,73.82557125833155,323.0,Nashik,1,"{""type"":""MultiPoint"",""coordinates"":[]}",-12.19734285695013,-18.420371677802066,-10.451533843900766,-19.74348807882217
1_1_1_1_1_1_1_1_1_1_1_2_324_0_1_1_1_1_1_1_1_1_1_1_1_2_324_0,0.01275,0.0121,0.0099,0.00975,0.0538,0.0408,0.0675,0.0514,0.0444,0.0309,0.0277,0.0179,0,0,0.682243,0.6188976,-0.3695921,-0.19333333,-0.23162274,-0.26639345,0.41806722,0.48340547,20.039752105430903,73.66360501260479,324.0,Nashik,1,"{""type"":""MultiPoint"",""coordinates"":[]}",-22.296518271387804,-28.857241375851075,-22.322317563828754,-32.870382164429394
1_1_1_1_1_1_1_1_1_1_1_2_325_0_1_1_1_1_1_1_1_1_1_1_1_2_325_0,0.1867,0.2148,0.1272,0.1294,0.0572,0.0359,0.0653,0.0943,0.0784,0.0544,0.1652,0.3556,4,4,-0.48174602,-0.38984147,0.061096903,-0.24684432,0.35632184,0.73463416,-0.43340564,-0.5807957,20.071642298017142,73.8914177686575,325.0,Nashik,1,"{""type"":""MultiPoint"",""coordinates"":[]}",-7.833784262499806,-16.11479806309538,-7.37995853902266,-17.596345618678285
1_1_1_1_1_1_1_1_1_1_1_2_326_0_1_1_1_1_1_1_1_1_1_1_1_2_326_0,0.1741,0.1951,0.1009,0.1238,0.0497,0.0368,0.06105,0.0553,0.05065,0.0535,0.2629,0.2132,6,6,-0.48075697,-0.5583067,-0.20320366,-0.04433015,0.67692554,0.5988001,-0.62308997,-0.58808196,19.931684776751325,73.83841716689446,326.0,Nashik,1,"{""type"":""MultiPoint"",""coordinates"":[]}",-4.266204429463082,-12.649398769679854,-2.524995564896953,-12.906001024091747
1_1_1_1_1_1_1_1_1_1_1_2_327_0_1_1_1_1_1_1_1_1_1_1_1_2_327_0,0.2053,0.2415,0.1542,0.1726,0.0566,0.0594,0.0751,0.0938,0.1034,0.131,0.187,0.2432,4,4,-0.46433666,-0.44050103,0.046647973,-0.003507324,0.28787878,0.29983965,-0.4269363,-0.44332343,20.025918050055463,73.90695862307277,327.0,Nashik,1,"{""type"":""MultiPoint"",""coordinates"":[]}",-9.059921604172246,-18.691735877815717,-9.295985338110464,-16.086153580898007
1_1_1_1_1_1_1_1_1_1_1_2_328_0_1_1_1_1_1_1_1_1_1_1_1_2_328_0,0.1699,0.1704,0.133,0.1431,0.0548,0.0437,0.0616,0.0588,0.0824,0.088,0.135,0.1176,4,4,-0.4678186,-0.486911,0.11446376,0.18333334,0.24195032,0.14396887,-0.3733469,-0.33333334,20.139554933496584,73.84829863501977,328.0,Nashik,1,"{""type"":""MultiPoint"",""coordinates"":[]}",-11.552143661910645,-20.674534283249827,-11.874356626973794,-21.59663526252158
1_1_1_1_1_1_1_1_1_1_1_2_329_0_1_1_1_1_1_1_1_1_1_1_1_2_329_0,0.21565,0.2006,0.19675,0.1757,0.1084,0.079,0.1362,0.105,0.1341,0.1152,0.2029,0.1852,6,6,-0.22580644,-0.31282723,0.03046231,0.039917056,0.2041543,0.23302263,-0.19669715,-0.27636114,19.94569849518359,73.72648708249316,329.0,Nashik,1,"{""type"":""MultiPoint"",""coordinates"":[]}",-6.774220381433279,-11.128087361627781,-7.599357645742499,-12.951319156816368
1_1_1_1_1_1_1_1_1_1_1_2_330_0_1_1_1_1_1_1_1_1_1_1_1_2_330_0,0.1445,0.1451,0.1195,0.1157,0.0612,0.0471,0.0782,0.0608,0.09,0.0766,0.1614,0.1528,6,6,-0.2977099,-0.40942204,-0.05524681,-0.0258476,0.28400955,0.33217087,-0.3472454,-0.4307116,20.007951744373077,73.75640098145435,330.0,Nashik,1,"{""type"":""MultiPoint"",""coordinates"":[]}",-2.2891689429824447,-15.384621796116898,-5.290770963143936,-15.581518726107479
1_1_1_1_1_1_1_1_1_1_1_2_331_0_1_1_1_1_1_1_1_1_1_1_1_2_331_0,0.1752,0.1678,0.1123,0.1094,0.1156,0.1186,0.1436,0.1368,0.1512,0.1362,0.2182,0.2144,6,6,-0.099121705,-0.101772815,-0.109303504,-0.1219257,0.1813752,0.22304621,-0.20619127,-0.22095671,20.002651684196767,73.87668539799795,331.0,Nashik,1,"{""type"":""MultiPoint"",""coordinates"":[]}",-8.297887858181937,-17.44588848055149,-9.314456733273028,-17.025619852219624
1_1_1_1_1_1_1_1_1_1_1_2_332_0_1_1_1_1_1_1_1_1_1_1_1_2_332_0,0.2299,0.2832,0.1521,0.1954,0.0499,0.0608,0.0682,0.0882,0.0774,0.1262,0.217,0.2494,4,4,-0.5424354,-0.5250404,0.028865518,0.06346226,0.47418478,0.32800853,-0.5217391,-0.47748816,20.013611130663023,73.73142781655582,332.0,Nashik,1,"{""type"":""MultiPoint"",""coordinates"":[]}",-9.876605794988368,-16.041801647024542,-9.178745568249047,-15.656575622460046
1_1_1_1_1_1_1_1_1_1_1_2_333_0_1_1_1_1_1_1_1_1_1_1_1_2_333_0,0.2078,0.2294,0.1698,0.1815,0.0629,0.0584,0.0814,0.0811,0.1076,0.1163,0.1672,0.1827,1,5,-0.43706778,-0.47761676,0.10826667,0.11332201,0.216885,0.22207358,-0.34513274,-0.38514027,19.871767147300552,73.74373473594825,333.0,Nashik,1,"{""type"":""MultiPoint"",""coordinates"":[]}",-11.33878574467229,-18.247940897216118,-10.899281722429501,-16.420801538366504
1_1_1_1_1_1_1_1_1_1_1_2_334_0_1_1_1_1_1_1_1_1_1_1_1_2_334_0,0.2034,0.2225,0.1133,0.1592,0.0442,0.035,0.068,0.0544,0.0412,0.055,0.312,0.1694,1,1,-0.49889463,-0.6070784,-0.21071012,0.13549376,0.76670444,0.50980395,-0.6421053,-0.51385164,20.094549337762192,73.85997673371332,334.0,Nashik,1,"{""type"":""MultiPoint"",""coordinates"":[]}",-8.505024190202418,-13.189866353655663,-8.500559890122895,-13.287063643811285
1_1_1_1_1_1_1_1_1_1_1_2_335_0_1_1_1_1_1_1_1_1_1_1_1_2_335_0,0.231,0.2823,0.2045,0.2285,0.0696,0.0748,0.0854,0.0993,0.1278,0.143,0.1888,0.2058,4,6,-0.460177,-0.47955975,0.10052406,0.15673018,0.19267215,0.18004587,-0.377097,-0.34906587,20.128146329388265,73.81236602365499,335.0,Nashik,1,"{""type"":""MultiPoint"",""coordinates"":[]}",-12.926728029954727,-20.540091710373005,-10.032615787882229,-19.479154158369177
1_1_1_1_1_1_1_1_1_1_1_2_336_0_1_1_1_1_1_1_1_1_1_1_1_2_336_0,0.1796,0.18345,0.1229,0.1365,0.0494,0.05245,0.0728,0.07405,0.0784,0.093,0.2036,0.1815,1,4,-0.42313787,-0.42485437,-0.06263048,0.005343198,0.44397163,0.32240438,-0.4732272,-0.42046565,19.857214439697817,73.65004045181459,336.0,Nashik,1,"{""type"":""MultiPoint"",""coordinates"":[]}",-9.474458708596298,-16.57442323656656,-8.367586542736543,-16.518781960556723
1_1_1_1_1_1_1_1_1_1_1_2_337_0_1_1_1_1_1_1_1_1_1_1_1_2_337_0,0.203,0.2117,0.1578,0.16215,0.04575,0.04715,0.0618,0.06535,0.0757,0.08745,0.1765,0.1908,6,4,-0.5332326,-0.528244,0.06982872,0.051925465,0.3996828,0.37142858,-0.48132607,-0.48975208,20.06041335696565,73.66782709444016,337.0,Nashik,1,"{""type"":""MultiPoint"",""coordinates"":[]}",-9.985064205012133,-17.520361549897412,-10.26597141100121,-17.965420594607618
1_1_1_1_1_1_1_1_1_1_1_2_338_0_1_1_1_1_1_1_1_1_1_1_1_2_338_0,0.2097,0.2067,0.14425,0.14275,0.0525,0.05055,0.07345,0.0731,0.08735,0.0833,0.1869,0.194,4,4,-0.48119372,-0.47748393,0.057488654,0.031694535,0.36298996,0.39920664,-0.43575954,-0.45263946,20.10218501767721,73.69504604754898,338.0,Nashik,1,"{""type"":""MultiPoint"",""coordinates"":[]}",-10.121674908820697,-16.104939435656718,-9.737718637996212,-15.826582927650318
1_1_1_1_1_1_1_1_1_1_1_2_339_0_1_1_1_1_1_1_1_1_1_1_1_2_339_0,0.21005,0.2217,0.1599,0.1554,0.0564,0.0556,0.07145,0.0807,0.0733,0.0824,0.2261,0.2812,6,6,-0.49236235,-0.46626985,-0.036799267,-0.11831378,0.51035404,0.54675466,-0.5197446,-0.55402046,19.96096985501362,73.87695489258319,339.0,Nashik,1,"{""type"":""MultiPoint"",""coordinates"":[]}",-7.680195012820855,-15.635571867776939,-7.270213701201089,-14.220421021845713
1_1_1_1_1_1_1_1_1_1_1_2_340_0_1_1_1_1_1_1_1_1_1_1_1_2_340_0,0.2982,0.3021,0.2408,0.2389,0.093,0.1338,0.124,0.1678,0.1714,0.1982,0.245,0.292,4,6,-0.41260067,-0.2858055,0.09793814,0.017000506,0.17675312,0.19135047,-0.32791328,-0.27011743,20.075325390682035,73.9229486351301,340.0,Nashik,1,"{""type"":""MultiPoint"",""coordinates"":[]}",-11.578821123882651,-20.637991477246036,-9.517090115936536,-17.30435259239142
1_1_1_1_1_1_1_1_1_1_1_2_341_0_1_1_1_1_1_1_1_1_1_1_1_2_341_0,0.1862,0.1699,0.1656,0.1257,0.0593,0.0496,0.0662,0.0735,0.0766,0.0758,0.156,0.217,4,4,-0.47543582,-0.39605588,0.088252485,-0.121736884,0.34135854,0.48224044,-0.4041404,-0.4939759,19.97974464445172,73.92681139085181,341.0,Nashik,1,"{""type"":""MultiPoint"",""coordinates"":[]}",-10.354846682854607,-16.911613525001727,-10.15901685183997,-16.573013412674868
1_1_1_1_1_1_1_1_1_1_1_2_342_0_1_1_1_1_1_1_1_1_1_1_1_2_342_0,0.1874,0.2059,0.159,0.1701,0.1048,0.0908,0.13,0.1268,0.1412,0.141,0.2234,0.223,6,6,-0.18084437,-0.23775172,-0.087633885,-0.039869435,0.22545256,0.22527473,-0.26428977,-0.27501428,19.98827863965085,73.79916078897843,342.0,Nashik,1,"{""type"":""MultiPoint"",""coordinates"":[]}",-4.256686622721906,-13.179038135090508,-6.854498200368454,-14.13919334756962
1_1_1_1_1_1_1_1_1_1_1_2_343_0_1_1_1_1_1_1_1_1_1_1_1_2_343_0,0.2392,0.2401,0.18,0.1919,0.0706,0.0658,0.091,0.08265,0.1148,0.1067,0.1642,0.1677,6,6,-0.4488189,-0.4878389,0.18591969,0.17753801,0.17706093,0.22230321,-0.28683385,-0.3397244,19.88362490905093,73.82054069274048,343.0,Nashik,1,"{""type"":""MultiPoint"",""coordinates"":[]}",-11.636564108592651,-18.099783466345958,-11.68519963932745,-17.73059508504638
1_1_1_1_1_1_1_1_1_1_1_2_344_0_1_1_1_1_1_1_1_1_1_1_1_2_344_0,0.3315,0.3416,0.26775,0.2725,0.09445,0.0979,0.1246,0.1334,0.1743,0.1726,0.2508,0.2392,5,5,-0.4536286,-0.43831578,0.13858835,0.17630854,0.17995766,0.161729,-0.33617476,-0.28395063,19.89898610040937,73.74121945315272,344.0,Nashik,1,"{""type"":""MultiPoint"",""coordinates"":[]}",-13.659813124273013,-21.2476639614458,-12.127082460002423,-19.88037298276122
1_1_1_1_1_1_1_1_1_1_1_2_345_0_1_1_1_1_1_1_1_1_1_1_1_2_345_0,0.1807,0.1954,0.1685,0.1721,0.0996,0.1006,0.1156,0.1168,0.1362,0.128,0.1634,0.1668,6,6,-0.21970975,-0.2517617,0.050276082,0.0789619,0.090787716,0.13161466,-0.17132616,-0.17630465,19.99097358550321,73.78101482023922,345.0,Nashik,1,"{""type"":""MultiPoint"",""coordinates"":[]}",0.47047200642910936,-14.184993359751875,1.4238726901374246,-14.110436865668108
1_1_1_1_1_1_1_1_1_1_1_2_346_0_1_1_1_1_1_1_1_1_1_1_1_2_346_0,0.1809,0.2448,0.1315,0.1852,0.0396,0.0694,0.0516,0.097,0.0528,0.113,0.1008,0.1798,4,6,-0.55612904,-0.43241662,0.28434506,0.15308526,0.3125,0.22814208,-0.32283464,-0.29913294,20.068318531465906,73.80446084915474,346.0,Nashik,1,"{""type"":""MultiPoint"",""coordinates"":[]}",-12.192003037367837,-18.450576654430176,-9.736595985130718,-16.94265372713093
1_1_1_1_1_1_1_1_1_1_1_2_347_0_1_1_1_1_1_1_1_1_1_1_1_2_347_0,0.3193,0.3446,0.241,0.2737,0.0731,0.0778,0.0969,0.1118,0.1356,0.1636,0.2198,0.2292,4,4,-0.5343585,-0.5100789,0.18456687,0.20111537,0.23691615,0.1670061,-0.3880644,-0.34428152,20.074067749284268,73.8410222812184,347.0,Nashik,1,"{""type"":""MultiPoint"",""coordinates"":[]}",-13.835225730580763,-22.300848802640317,-13.352481163894423,-21.245806160294993
1_1_1_1_1_1_1_1_1_1_1_2_348_0_1_1_1_1_1_1_1_1_1_1_1_2_348_0,0.30245,0.1934,0.218,0.1525,0.06775,0.0483,0.0938,0.072,0.1293,0.0802,0.232,0.1766,5,4,-0.5265615,-0.45742276,0.13181776,0.045405407,0.2842513,0.3753894,-0.42418662,-0.42075622,20.023762093373577,73.70447835803223,348.0,Nashik,1,"{""type"":""MultiPoint"",""coordinates"":[]}",-9.130043286302591,-17.568775509196804,-9.14110052606161,-18.14538196435307
1_1_1_1_1_1_1_1_1_1_1_2_349_0_1_1_1_1_1_1_1_1_1_1_1_2_349_0,0.1895,0.2064,0.0972,0.1546,0.0402,0.056,0.0686,0.0798,0.04,0.101,0.3528,0.2334,4,4,-0.4684231,-0.442348,-0.30112484,-0.06139154,0.796334,0.395933,-0.6744186,-0.49042144,20.068318531465906,73.74696867097109,349.0,Nashik,1,"{""type"":""MultiPoint"",""coordinates"":[]}",-7.366755403886293,-15.97690613516853,-6.739933687522002,-16.71199589891908
1_1_1_1_1_1_1_1_1_1_1_2_350_0_1_1_1_1_1_1_1_1_1_1_1_2_350_0,0.217,0.2246,0.1516,0.1639,0.0568,0.0625,0.0806,0.088,0.086,0.1036,0.2544,0.2376,4,4,-0.45833334,-0.43698016,-0.07933814,-0.028126352,0.4947121,0.39273155,-0.518806,-0.45945945,19.96411395850804,73.68821885138966,350.0,Nashik,1,"{""type"":""MultiPoint"",""coordinates"":[]}",-8.107334752187917,-15.373670123916718,-9.426369361222443,-14.891538290235838
1_1_1_1_1_1_1_1_1_1_1_2_351_0_1_1_1_1_1_1_1_1_1_1_1_2_351_0,0.3201,0.3072,0.2315,0.2298,0.0805,0.0674,0.1076,0.0976,0.1702,0.1512,0.2564,0.2312,5,5,-0.49684358,-0.51778656,0.11049436,0.14115898,0.20206282,0.20920502,-0.4087912,-0.40632603,20.13946510196817,73.74921445918139,351.0,Nashik,1,"{""type"":""MultiPoint"",""coordinates"":[]}",-13.386385945872878,-20.82169222437976,-13.098945746975437,-21.130403997290067
1_1_1_1_1_1_1_1_1_1_1_2_352_0_1_1_1_1_1_1_1_1_1_1_1_2_352_0,0.194,0.22955,0.14245,0.1856,0.04365,0.0513,0.06175,0.0725,0.07575,0.1215,0.2058,0.1824,4,6,-0.51710653,-0.51994705,-0.029514758,0.11445564,0.4619073,0.20039487,-0.53840405,-0.43114948,20.10514945811481,73.66558130622985,352.0,Nashik,1,"{""type"":""MultiPoint"",""coordinates"":[]}",-10.480772882471985,-18.00539502549608,-10.241626729690047,-18.276063211866656
1_1_1_1_1_1_1_1_1_1_1_2_353_0_1_1_1_1_1_1_1_1_1_1_1_2_353_0,0.26905,0.2946,0.2135,0.2257,0.07815,0.0692,0.09405,0.0904,0.1278,0.1282,0.2073,0.202,4,4,-0.4819609,-0.5303896,0.12963158,0.18646798,0.23724261,0.2235009,-0.37580886,-0.38166896,19.921623645569188,73.77697240146068,353.0,Nashik,1,"{""type"":""MultiPoint"",""coordinates"":[]}",-11.629867900610478,-17.421153296297096,-10.673373676760356,-17.450632621248076
1_1_1_1_1_1_1_1_1_1_1_2_354_0_1_1_1_1_1_1_1_1_1_1_1_2_354_0,0.1718,0.1445,0.1009,0.1127,0.0506,0.0378,0.0749,0.065,0.0556,0.0698,0.3256,0.1976,4,4,-0.39278474,-0.37947494,-0.3092079,-0.15521777,0.7082896,0.47793567,-0.62596756,-0.5049505,20.114851263183294,73.84749015126405,354.0,Nashik,1,"{""type"":""MultiPoint"",""coordinates"":[]}",-10.73971743045477,-17.163562253443406,-10.444287535452085,-17.71489828713202
1_1_1_1_1_1_1_1_1_1_1_2_355_0_1_1_1_1_1_1_1_1_1_1_1_2_355_0,0.2042,0.23065,0.1474,0.17455,0.0424,0.06515,0.062,0.0922,0.0516,0.1255,0.2776,0.2014,4,6,-0.5341848,-0.4288369,-0.15234537,0.0677005,0.68651277,0.2321811,-0.63486457,-0.3719346,19.86655691865266,73.89402288298145,355.0,Nashik,1,"{""type"":""MultiPoint"",""coordinates"":[]}",-9.829041814462288,-18.242912494100672,-9.537758776571856,-18.977644999714613
1_1_1_1_1_1_1_1_1_1_1_2_356_0_1_1_1_1_1_1_1_1_1_1_1_2_356_0,0.2743,0.2597,0.1818,0.1848,0.0759,0.052,0.1042,0.07945,0.1356,0.1096,0.3212,0.2292,5,1,-0.44940555,-0.5314757,-0.078757346,0.062384944,0.40630472,0.35301062,-0.5101081,-0.4851774,20.13353622109298,73.73753636048784,356.0,Nashik,1,"{""type"":""MultiPoint"",""coordinates"":[]}",-10.211535843737057,-15.968482119509538,-9.415316663551582,-16.235474502343187
1_1_1_1_1_1_1_1_1_1_1_2_357_0_1_1_1_1_1_1_1_1_1_1_1_2_357_0,0.28175,0.2914,0.2202,0.2266,0.0638,0.0626,0.0848,0.085,0.116,0.1226,0.1916,0.1942,6,6,-0.5373073,-0.54835284,0.19045104,0.20016475,0.24577373,0.2260101,-0.38639653,-0.39111748,19.927193200330727,73.73043966974329,357.0,Nashik,1,"{""type"":""MultiPoint"",""coordinates"":[]}",-11.030834907055421,-19.19274475368681,-9.783025375259454,-18.17462179237021
1_1_1_1_1_1_1_1_1_1_1_2_358_0_1_1_1_1_1_1_1_1_1_1_1_2_358_0,0.3444,0.3332,0.2666,0.25445,0.101,0.09395,0.1388,0.1228,0.193,0.1755,0.2598,0.2437,5,5,-0.4254967,-0.46140352,0.14001986,0.15513954,0.1475265,0.16269083,-0.30356246,-0.32987723,19.93357123884797,73.66612029540033,358.0,Nashik,1,"{""type"":""MultiPoint"",""coordinates"":[]}",-14.893411930491073,-22.534448446806977,-13.326459296830908,-20.918336679230816
1_1_1_1_1_1_1_1_1_1_1_2_359_0_1_1_1_1_1_1_1_1_1_1_1_2_359_0,0.18085,0.204,0.14915,0.1564,0.0643,0.06,0.0762,0.0828,0.0913,0.1092,0.1446,0.2082,4,4,-0.40711924,-0.42259413,0.111384235,-0.010189229,0.2259432,0.31190926,-0.3097826,-0.43092784,19.93384073343321,73.87497859895812,359.0,Nashik,1,"{""type"":""MultiPoint"",""coordinates"":[]}",-11.487349377522424,-17.60641979412061,-10.64349707484099,-19.129045362504883
1_1_1_1_1_1_1_1_1_1_1_2_360_0_1_1_1_1_1_1_1_1_1_1_1_2_360_0,0.1746,0.16685,0.0914,0.0944,0.0345,0.0271,0.05,0.04625,0.0392,0.03805,0.2348,0.2205,1,1,-0.55476403,-0.5659315,-0.14704445,-0.13850522,0.7138686,0.70566624,-0.6488764,-0.65323335,19.87805535428939,73.82170850260984,360.0,Nashik,1,"{""type"":""MultiPoint"",""coordinates"":[]}",-7.445649298067027,-12.649578032309968,-7.9683647395684085,-14.120450073664044
1_1_1_1_1_1_1_1_1_1_1_2_361_0_1_1_1_1_1_1_1_1_1_1_1_2_361_0,0.1682,0.1852,0.0917,0.1032,0.0446,0.0341,0.0668,0.0692,0.0432,0.0439,0.2984,0.3168,4,4,-0.43148935,-0.45597485,-0.27903986,-0.2621514,0.7470726,0.7565844,-0.63417304,-0.64145076,20.04981323661304,73.74077029551066,361.0,Nashik,1,"{""type"":""MultiPoint"",""coordinates"":[]}",-7.5357438038516396,-15.968497146127959,-6.3808916398693105,-16.185035053719968
1_1_1_1_1_1_1_1_1_1_1_2_362_0_1_1_1_1_1_1_1_1_1_1_1_2_362_0,0.143,0.1423,0.1033,0.1059,0.055,0.043,0.0669,0.0587,0.0714,0.0584,0.1454,0.1736,1,1,-0.3625536,-0.4159204,-0.008321775,-0.099081986,0.3413284,0.49655172,-0.36975977,-0.49461904,20.10272400684768,73.93426740771001,362.0,Nashik,1,"{""type"":""MultiPoint"",""coordinates"":[]}",-12.55235489746079,-17.579237992480184,-12.367837050496773,-18.114959880518203
1_1_1_1_1_1_1_1_1_1_1_2_363_0_1_1_1_1_1_1_1_1_1_1_1_2_363_0,0.2061,0.22375,0.1308,0.15285,0.0342,0.03595,0.0517,0.04925,0.0482,0.0579,0.178,0.1608,1,1,-0.5989139,-0.63919413,0.07315803,0.16369782,0.57382846,0.47050753,-0.5498476,-0.53106403,19.871407821186907,73.78218263010857,363.0,Nashik,1,"{""type"":""MultiPoint"",""coordinates"":[]}",-8.35768308511424,-13.631028306329613,-8.513063517229467,-14.913139125831762
1_1_1_1_1_1_1_1_1_1_1_2_364_0_1_1_1_1_1_1_1_1_1_1_1_2_364_0,0.1428,0.1566,0.0839,0.1107,0.0417,0.04,0.0553,0.061,0.0521,0.0646,0.2214,0.1948,4,4,-0.4416961,-0.43933824,-0.21581548,-0.108708024,0.6190128,0.50192755,-0.6002891,-0.5230649,20.018102707083624,73.93821999496014,364.0,Nashik,1,"{""type"":""MultiPoint"",""coordinates"":[]}",-10.11551109215485,-16.78100744142617,-8.40158211991821,-17.746958859453915
1_1_1_1_1_1_1_1_1_1_1_2_365_0_1_1_1_1_1_1_1_1_1_1_1_2_365_0,0.1517,0.1457,0.0971,0.0848,0.0439,0.0367,0.0614,0.0615,0.0574,0.0497,0.2508,0.2604,4,4,-0.4237447,-0.40637067,-0.24621119,-0.28244275,0.6275146,0.67945826,-0.6066624,-0.61789376,20.000046569872826,73.94558618028991,365.0,Nashik,1,"{""type"":""MultiPoint"",""coordinates"":[]}",-11.589970892537902,-18.67235201947174,-10.372474366397807,-17.305659109041862
1_1_1_1_1_1_1_1_1_1_1_2_366_0_1_1_1_1_1_1_1_1_1_1_1_2_366_0,0.01035,0.0104,0.0081,0.00965,0.0509,0.0375,0.06725,0.04815,0.03765,0.02865,0.0182,0.01205,0,0,0.7332474,0.6447481,-0.27495623,-0.07349666,-0.34825426,-0.4078624,0.5740199,0.5996678,20.04550132324927,73.650130283343,366.0,Nashik,1,"{""type"":""MultiPoint"",""coordinates"":[]}",-20.868564026680808,-29.628652487905192,-22.659167448715415,-29.480786089801065
1_1_1_1_1_1_1_1_1_1_1_2_367_0_1_1_1_1_1_1_1_1_1_1_1_2_367_0,0.1968,0.1823,0.124,0.1065,0.0557,0.0486,0.0775,0.072,0.0787,0.0684,0.2614,0.2806,4,4,-0.43492526,-0.4337397,-0.14098647,-0.21235688,0.53719497,0.6080229,-0.54263794,-0.59160525,19.98899729187815,73.87021752795228,367.0,Nashik,1,"{""type"":""MultiPoint"",""coordinates"":[]}",-10.288394690897453,-18.05791495854932,-9.406319105299833,-16.292688350926294
1_1_1_1_1_1_1_1_1_1_1_2_368_0_1_1_1_1_1_1_1_1_1_1_1_2_368_0,0.2263,0.19615,0.19155,0.1706,0.07745,0.0708,0.0983,0.0942,0.1277,0.1207,0.1917,0.1688,5,5,-0.39433149,-0.35112795,0.082775116,0.07494177,0.2003757,0.16614853,-0.32206896,-0.2836502,19.918299879017944,73.69181211252615,368.0,Nashik,1,"{""type"":""MultiPoint"",""coordinates"":[]}",-8.776151377938621,-17.805311564255174,-10.174474118480783,-18.231084525664144
1_1_1_1_1_1_1_1_1_1_1_2_369_0_1_1_1_1_1_1_1_1_1_1_1_2_369_0,0.1699,0.1933,0.1188,0.14925,0.0659,0.0746,0.0814,0.0858,0.0932,0.1053,0.1628,0.1716,6,6,-0.3521687,-0.38516662,0.021340547,0.059468348,0.271875,0.23943663,-0.33333334,-0.33333334,19.871407821186907,73.82009153509841,369.0,Nashik,1,"{""type"":""MultiPoint"",""coordinates"":[]}",-11.67941922834803,-16.510266770380994,-10.426308367050009,-15.500358833820025
1_1_1_1_1_1_1_1_1_1_1_2_370_0_1_1_1_1_1_1_1_1_1_1_1_2_370_0,0.2161,0.2137,0.1724,0.1537,0.0708,0.0551,0.0893,0.0771,0.1068,0.0939,0.1694,0.184,4,4,-0.4151932,-0.46973866,0.121141374,0.074679404,0.22664736,0.32421735,-0.30962506,-0.40942168,19.96626991518993,73.89968226927141,370.0,Nashik,1,"{""type"":""MultiPoint"",""coordinates"":[]}",-9.37450979161475,-15.529555679069231,-8.069719779964345,-14.777381281235101
1_1_1_1_1_1_1_1_1_1_1_2_371_0_1_1_1_1_1_1_1_1_1_1_1_2_371_0,0.1449,0.195,0.1123,0.144,0.0512,0.073,0.0684,0.1004,0.0695,0.0941,0.2068,0.3088,4,4,-0.3586498,-0.32024375,-0.17600228,-0.22588329,0.49692363,0.53288656,-0.502907,-0.5092864,19.962856317110276,73.92115200456186,371.0,Nashik,1,"{""type"":""MultiPoint"",""coordinates"":[]}",-8.071380238265439,-15.940646987747527,-7.115261760596843,-15.091282048170223
1_1_1_1_1_1_1_1_1_1_1_2_372_0_1_1_1_1_1_1_1_1_1_1_1_2_372_0,0.14825,0.1614,0.08795,0.0971,0.0434,0.0223,0.05305,0.0402,0.0462,0.0335,0.1961,0.2036,1,1,-0.472926,-0.60119045,-0.13895746,-0.11561644,0.61865455,0.7174188,-0.5741521,-0.6702215,19.90006407875032,73.82566108985996,372.0,Nashik,1,"{""type"":""MultiPoint"",""coordinates"":[]}",-7.755014569713124,-14.026917666380287,-7.019155299541463,-13.136739392078521
1_1_1_1_1_1_1_1_1_1_1_2_373_0_1_1_1_1_1_1_1_1_1_1_1_2_373_0,0.2829,0.19615,0.1972,0.1637,0.0581,0.03935,0.078,0.05975,0.1008,0.06925,0.217,0.154,5,1,-0.5677473,-0.53302073,0.13182637,0.12037698,0.36563876,0.37961927,-0.47118643,-0.44093567,19.863592478215065,73.77248082504008,373.0,Nashik,1,"{""type"":""MultiPoint"",""coordinates"":[]}",-10.66295807758648,-15.863416603373784,-9.238136103866244,-15.584432896557768
1_1_1_1_1_1_1_1_1_1_1_2_374_0_1_1_1_1_1_1_1_1_1_1_1_2_374_0,0.2169,0.1976,0.1419,0.1239,0.048,0.0516,0.0688,0.0711,0.079,0.0772,0.202,0.1954,4,4,-0.51837593,-0.47078526,0.035569347,0.0055979644,0.4377224,0.43360233,-0.49187592,-0.4664165,20.10838339313764,73.72343281052716,374.0,Nashik,1,"{""type"":""MultiPoint"",""coordinates"":[]}",-10.65372048225475,-16.716088295156695,-9.901951464688448,-15.570704459027757
1_1_1_1_1_1_1_1_1_1_1_2_375_0_1_1_1_1_1_1_1_1_1_1_1_2_375_0,0.01115,0.01215,0.00895,0.0118,0.0454,0.0353,0.0602,0.04485,0.035,0.0287,0.0218,0.0152,0,0,0.6874562,0.5736842,-0.323217,-0.11151737,-0.23239437,-0.30751708,0.46829268,0.4937552,20.01477894053238,73.65282522919536,375.0,Nashik,1,"{""type"":""MultiPoint"",""coordinates"":[]}",-21.435726086087634,-29.319189182236705,-20.80650079872376,-29.30697215513547
1_1_1_1_1_1_1_1_1_1_1_2_376_0_1_1_1_1_1_1_1_1_1_1_1_2_376_0,0.30395,0.3046,0.23455,0.2336,0.0773,0.0818,0.0995,0.1104,0.1328,0.1576,0.225,0.2452,5,5,-0.5067542,-0.4679518,0.14925796,0.10803929,0.25768587,0.21747765,-0.38674885,-0.3790776,19.91677274303494,73.8026642185865,376.0,Nashik,1,"{""type"":""MultiPoint"",""coordinates"":[]}",-12.538845098327629,-20.233434284083582,-12.05299446139932,-18.68519435329645
1_1_1_1_1_1_1_1_1_1_1_2_377_0_1_1_1_1_1_1_1_1_1_1_1_2_377_0,0.2443,0.242,0.1754,0.1721,0.0755,0.0368,0.0906,0.0551,0.1014,0.0646,0.2534,0.212,6,6,-0.45894298,-0.62908113,-0.018284107,0.066079296,0.42841038,0.5328995,-0.4732558,-0.58742046,20.041189409885494,73.78954881543835,377.0,Nashik,1,"{""type"":""MultiPoint"",""coordinates"":[]}",-9.817750134080503,-15.52092400539985,-9.621794053276632,-14.982798500718584
1_1_1_1_1_1_1_1_1_1_1_2_378_0_1_1_1_1_1_1_1_1_1_1_1_2_378_0,0.2552,0.2801,0.1783,0.1906,0.0568,0.0574,0.0772,0.0897,0.1034,0.1168,0.2174,0.2576,4,4,-0.5354994,-0.5148729,0.07998307,0.041844893,0.3553616,0.37606838,-0.47589952,-0.4834437,20.10218501767721,73.90219755206694,378.0,Nashik,1,"{""type"":""MultiPoint"",""coordinates"":[]}",-8.770413649817879,-16.59260150507768,-8.582625700976191,-15.082579144158444
1_1_1_1_1_1_1_1_1_1_1_2_379_0_1_1_1_1_1_1_1_1_1_1_1_2_379_0,0.1965,0.1934,0.1128,0.1349,0.046,0.0423,0.0739,0.0661,0.0497,0.0679,0.3276,0.2142,4,4,-0.45340237,-0.49055877,-0.2501431,-0.051030423,0.73654914,0.5186104,-0.63188046,-0.52836245,20.049094584385745,73.84533419458218,379.0,Nashik,1,"{""type"":""MultiPoint"",""coordinates"":[]}",-8.950568422755115,-15.693836655798286,-8.529668973139831,-16.23121859530106
1_1_1_1_1_1_1_1_1_1_1_2_380_0_1_1_1_1_1_1_1_1_1_1_1_2_380_0,0.14575,0.1305,0.1242,0.1243,0.056,0.04445,0.06435,0.05735,0.06715,0.0614,0.1367,0.1002,6,6,-0.38743454,-0.38940644,0.03204107,0.1313394,0.34118223,0.24009901,-0.35986072,-0.27197716,19.922971118495365,73.69486638449216,380.0,Nashik,1,"{""type"":""MultiPoint"",""coordinates"":[]}",-5.480068577816003,-14.343701556359346,-5.62960577966426,-14.418905676231333
1_1_1_1_1_1_1_1_1_1_1_2_381_0_1_1_1_1_1_1_1_1_1_1_1_2_381_0,0.13695,0.1556,0.0925,0.1249,0.05875,0.0906,0.07565,0.1039,0.0729,0.1082,0.3284,0.151,4,6,-0.2883349,-0.19922929,-0.41141078,0.015003261,0.6366808,0.16512346,-0.6255414,-0.18477835,20.018102707083624,73.67824755173594,381.0,Nashik,1,"{""type"":""MultiPoint"",""coordinates"":[]}",-9.918604447214713,-16.99693198383863,-11.158642559809046,-16.791951068004412
1_1_1_1_1_1_1_1_1_1_1_2_382_0_1_1_1_1_1_1_1_1_1_1_1_2_382_0,0.24605,0.2866,0.1652,0.21485,0.0468,0.0654,0.0756,0.08945,0.08165,0.1331,0.2605,0.2018,1,5,-0.52992386,-0.5242654,-0.028526306,0.17362817,0.522724,0.20513587,-0.5501339,-0.38575107,20.14781943411048,73.67905603549166,382.0,Nashik,1,"{""type"":""MultiPoint"",""coordinates"":[]}",-11.536291261361775,-17.566276407045827,-11.62263518057366,-17.36051852934282
1_1_1_1_1_1_1_1_1_1_1_2_383_0_1_1_1_1_1_1_1_1_1_1_1_2_383_0,0.1628,0.1687,0.0991,0.10245,0.032,0.02455,0.0486,0.0435,0.0393,0.03545,0.2658,0.2406,4,4,-0.54020816,-0.59000945,-0.24031731,-0.17566577,0.74237955,0.74316245,-0.6908397,-0.6937698,19.881468952369044,73.91657059661286,383.0,Nashik,1,"{""type"":""MultiPoint"",""coordinates"":[]}",-8.830294207989404,-14.883551202288611,-8.968804017216492,-14.492782893764952
1_1_1_1_1_1_1_1_1_1_1_2_384_0_1_1_1_1_1_1_1_1_1_1_1_2_384_0,0.23405,0.2416,0.17125,0.1822,0.0844,0.084,0.1049,0.103,0.1245,0.1238,0.2224,0.2282,6,6,-0.38102964,-0.40220547,0.02552306,0.028522776,0.2822139,0.2965909,-0.35899785,-0.37801933,19.95126804994513,73.88369225721408,384.0,Nashik,1,"{""type"":""MultiPoint"",""coordinates"":[]}",-7.905175825476424,-15.082497018512399,-8.310608249008705,-14.555509962781352
1_1_1_1_1_1_1_1_1_1_1_2_385_0_1_1_1_1_1_1_1_1_1_1_1_2_385_0,0.2774,0.285,0.1943,0.2069,0.064,0.0535,0.0798,0.0753,0.1152,0.104,0.1964,0.1894,5,5,-0.5531915,-0.582015,0.1709582,0.2015177,0.2605905,0.29107022,-0.42215785,-0.43105403,20.08888995147224,73.87569725118541,385.0,Nashik,1,"{""type"":""MultiPoint"",""coordinates"":[]}",-9.027063711010383,-18.318006049990075,-9.552441368558862,-16.125089773101784
1_1_1_1_1_1_1_1_1_1_1_2_386_0_1_1_1_1_1_1_1_1_1_1_1_2_386_0,0.2227,0.1734,0.15395,0.1005,0.0591,0.025,0.07575,0.0428,0.09215,0.0319,0.2073,0.2286,1,1,-0.49237728,-0.6040703,0.035813954,-0.13731343,0.38453832,0.75508636,-0.46475887,-0.6845984,19.89898610040937,73.7230734844135,386.0,Nashik,1,"{""type"":""MultiPoint"",""coordinates"":[]}",-9.088829801540657,-14.508793502978264,-7.78416597889215,-12.952828324187102
1_1_1_1_1_1_1_1_1_1_1_2_387_0_1_1_1_1_1_1_1_1_1_1_1_2_387_0,0.2107,0.1922,0.1324,0.1047,0.0586,0.0366,0.0808,0.0664,0.092,0.0596,0.2446,0.2876,4,4,-0.44562608,-0.48646557,-0.0744564,-0.19883284,0.4533571,0.656682,-0.5033805,-0.62485874,20.131380264411096,73.91225868324908,387.0,Nashik,1,"{""type"":""MultiPoint"",""coordinates"":[]}",-9.823149514632624,-16.960716610444322,-8.691546446285463,-17.134365679753955
1_1_1_1_1_1_1_1_1_1_1_2_388_0_1_1_1_1_1_1_1_1_1_1_1_2_388_0,0.16265,0.1761,0.097,0.1187,0.0483,0.0345,0.0651,0.0651,0.0501,0.0552,0.2848,0.31,4,4,-0.42832053,-0.460199,-0.2729914,-0.2754577,0.7008062,0.6976999,-0.6278937,-0.6528926,19.91596425927923,73.88701602376533,388.0,Nashik,1,"{""type"":""MultiPoint"",""coordinates"":[]}",-10.514221899072009,-16.488089134702225,-9.538254796916926,-17.299128281038175
1_1_1_1_1_1_1_1_1_1_1_2_389_0_1_1_1_1_1_1_1_1_1_1_1_2_389_0,0.18535,0.1784,0.1254,0.12295,0.0525,0.04905,0.0728,0.07065,0.0839,0.0766,0.1994,0.2422,4,4,-0.43598682,-0.43264404,-0.036517218,-0.15168807,0.40769503,0.5194479,-0.4650992,-0.54834586,20.126888687990498,73.70142408606623,389.0,Nashik,1,"{""type"":""MultiPoint"",""coordinates"":[]}",-11.525377586953425,-16.967843969882956,-10.731943390354704,-17.15470778524732
1_1_1_1_1_1_1_1_1_1_1_2_390_0_1_1_1_1_1_1_1_1_1_1_1_2_390_0,0.2862,0.2782,0.2122,0.2045,0.0676,0.047,0.0912,0.071,0.1198,0.0933,0.227,0.2129,4,6,-0.5166932,-0.59335625,0.115354635,0.13296682,0.3091119,0.3905944,-0.4267756,-0.49982387,19.851644884936277,73.79925062050684,390.0,Nashik,1,"{""type"":""MultiPoint"",""coordinates"":[]}",-11.699542523579762,-17.437170698796393,-10.90023866287385,-17.76335214049855
1_1_1_1_1_1_1_1_1_1_1_2_391_0_1_1_1_1_1_1_1_1_1_1_1_2_391_0,0.299,0.3517,0.2238,0.2562,0.07,0.0791,0.0917,0.1084,0.1328,0.1616,0.2498,0.2624,5,5,-0.5305861,-0.5287981,0.08965015,0.14541605,0.3058024,0.23773585,-0.46295753,-0.41531822,20.116558062223124,73.78604538583029,391.0,Nashik,1,"{""type"":""MultiPoint"",""coordinates"":[]}",-10.999106390974775,-20.67364856650517,-11.724204698435287,-19.423457126061155
1_1_1_1_1_1_1_1_1_1_1_2_392_0_1_1_1_1_1_1_1_1_1_1_1_2_392_0,0.1898,0.2242,0.1324,0.202,0.0504,0.1462,0.06345,0.1784,0.07265,0.2008,0.178,0.2294,6,6,-0.49891412,-0.11376055,0.032082655,-0.011463845,0.4203072,0.0664807,-0.47442535,-0.1250613,19.983248074059784,73.77230116198325,392.0,Nashik,1,"{""type"":""MultiPoint"",""coordinates"":[]}",-9.233341145746438,-15.819252976180756,-0.966083456564118,-13.10328703266091
1_1_1_1_1_1_1_1_1_1_1_2_393_0_1_1_1_1_1_1_1_1_1_1_1_2_393_0,0.1455,0.2069,0.0841,0.1439,0.0472,0.0528,0.0593,0.0794,0.0612,0.0863,0.2824,0.2192,4,4,-0.42089844,-0.44533706,-0.31993458,-0.028866462,0.6437718,0.43502456,-0.6529119,-0.46818486,20.092842538722365,73.84596301528106,393.0,Nashik,1,"{""type"":""MultiPoint"",""coordinates"":[]}",-9.629098337532213,-16.79936514335595,-10.417341808860135,-17.734825741670928
1_1_1_1_1_1_1_1_1_1_1_2_394_0_1_1_1_1_1_1_1_1_1_1_1_2_394_0,0.2105,0.2014,0.1501,0.1469,0.0373,0.0508,0.0538,0.0788,0.0706,0.0944,0.167,0.2154,4,4,-0.59288687,-0.4375446,0.11523179,-0.03358925,0.4057239,0.39057457,-0.5126812,-0.46431,20.087093320904003,73.77445711866514,394.0,Nashik,1,"{""type"":""MultiPoint"",""coordinates"":[]}",-9.470321662242826,-15.654187481537733,-7.930726059214015,-17.14919873581263
1_1_1_1_1_1_1_1_1_1_1_2_395_0_1_1_1_1_1_1_1_1_1_1_1_2_395_0,0.3259,0.33745,0.2519,0.25895,0.0792,0.07945,0.104,0.1043,0.146,0.1434,0.2238,0.2215,4,5,-0.51616657,-0.5277872,0.18573767,0.20744252,0.210384,0.21403123,-0.36546674,-0.3597299,20.00229235808312,73.65947276229784,395.0,Nashik,1,"{""type"":""MultiPoint"",""coordinates"":[]}",-12.983394373421165,-22.75692893386133,-14.258381399413079,-21.795031501100333
1_1_1_1_1_1_1_1_1_1_1_2_396_0_1_1_1_1_1_1_1_1_1_1_1_2_396_0,0.1928,0.1907,0.1448,0.1293,0.0563,0.045,0.0745,0.0728,0.07285,0.057,0.2067,0.3284,4,4,-0.44257388,-0.44743833,-0.034793492,-0.2652668,0.4788052,0.7042034,-0.47012803,-0.6370887,19.931864439808148,73.8515325700426,396.0,Nashik,1,"{""type"":""MultiPoint"",""coordinates"":[]}",-9.652770191574076,-18.1441737809353,-7.874735816879729,-16.527756061685388
1_1_1_1_1_1_1_1_1_1_1_2_397_0_1_1_1_1_1_1_1_1_1_1_1_2_397_0,0.2505,0.29025,0.2222,0.24825,0.0698,0.0788,0.0932,0.1113,0.131,0.161,0.1834,0.206,5,5,-0.45766658,-0.4456481,0.15464392,0.1697733,0.16666667,0.12261581,-0.32610267,-0.29845572,19.87913333263033,73.7245107888681,397.0,Nashik,1,"{""type"":""MultiPoint"",""coordinates"":[]}",-13.365011810411806,-24.214872995488417,-13.026562097155956,-24.129807725925847
1_1_1_1_1_1_1_1_1_1_1_2_398_0_1_1_1_1_1_1_1_1_1_1_1_2_398_0,0.29175,0.28735,0.24335,0.2255,0.075,0.0749,0.10045,0.0973,0.1455,0.137,0.2144,0.2184,4,4,-0.48776135,-0.49408552,0.1528203,0.13633218,0.19144207,0.2290377,-0.36191836,-0.383592,20.045411491720856,73.68570356859414,398.0,Nashik,1,"{""type"":""MultiPoint"",""coordinates"":[]}",-15.248960670639251,-21.946515091207438,-12.740949140334628,-21.51141608673133
1_1_1_1_1_1_1_1_1_1_1_2_399_0_1_1_1_1_1_1_1_1_1_1_1_2_399_0,0.3154,0.3188,0.2507,0.2547,0.0938,0.0972,0.122,0.1316,0.1796,0.1842,0.2526,0.2624,5,5,-0.44215822,-0.41563055,0.11056338,0.09704061,0.16890329,0.17510076,-0.34863853,-0.3319797,20.04532166019244,73.84066295510475,399.0,Nashik,1,"{""type"":""MultiPoint"",""coordinates"":[]}",-12.201376475860709,-22.49518400676712,-13.04501578116228,-21.987938883369004
1_1_1_1_1_1_1_1_1_1_1_2_400_0_1_1_1_1_1_1_1_1_1_1_1_2_400_0,0.1627,0.2175,0.0889,0.172,0.037,0.0714,0.0502,0.0975,0.033,0.1116,0.374,0.1946,4,4,-0.5284171,-0.3809524,-0.39370227,0.055569038,0.8378378,0.27106467,-0.7633192,-0.3324204,20.100657881694207,73.90049075302711,400.0,Nashik,1,"{""type"":""MultiPoint"",""coordinates"":[]}",-12.522628578699763,-19.09469644061025,-8.475421396224084,-18.346937193175762
1_1_1_1_1_1_1_1_1_1_1_2_401_0_1_1_1_1_1_1_1_1_1_1_1_2_401_0,0.2839,0.3354,0.2135,0.2527,0.0696,0.068,0.0888,0.0992,0.1374,0.1482,0.207,0.2332,4,4,-0.5234773,-0.54348826,0.15665105,0.17973971,0.20209059,0.22286314,-0.3995943,-0.40312877,20.14683128729795,73.83545272645686,401.0,Nashik,1,"{""type"":""MultiPoint"",""coordinates"":[]}",-12.42156262886478,-21.730775906726187,-12.895749977059916,-20.284390633030604
1_1_1_1_1_1_1_1_1_1_1_2_402_0_1_1_1_1_1_1_1_1_1_1_1_2_402_0,0.1293,0.1269,0.1189,0.1122,0.0796,0.0605,0.0811,0.0742,0.0902,0.0876,0.1044,0.1036,6,6,-0.22908746,-0.26205868,0.10654686,0.1010846,0.0729702,0.08368201,-0.12560646,-0.16535433,19.990704090917976,73.79916078897843,402.0,Nashik,1,"{""type"":""MultiPoint"",""coordinates"":[]}",-10.339159142408512,-17.43247482374761,-8.638621808384116,-17.069006422589226
1_1_1_1_1_1_1_1_1_1_1_2_403_0_1_1_1_1_1_1_1_1_1_1_1_2_403_0,0.2616,0.274,0.1565,0.1762,0.0546,0.0542,0.0832,0.0778,0.0974,0.1216,0.33,0.2558,4,4,-0.5174014,-0.55770326,-0.11561866,0.034352586,0.54422086,0.35559088,-0.59728944,-0.53357315,20.12078014405848,73.75693997062481,403.0,Nashik,1,"{""type"":""MultiPoint"",""coordinates"":[]}",-9.819280068642033,-15.84230260119233,-9.783987683166036,-15.65268381701404
1_1_1_1_1_1_1_1_1_1_1_2_404_0_1_1_1_1_1_1_1_1_1_1_1_2_404_0,0.2218,0.2117,0.183,0.1795,0.1002,0.0938,0.1136,0.126,0.1403,0.14,0.1952,0.1994,4,4,-0.3225999,-0.25377554,0.063788965,0.029919727,0.16363636,0.17501473,-0.2642487,-0.22556853,19.91264049272799,73.94432853889215,404.0,Nashik,1,"{""type"":""MultiPoint"",""coordinates"":[]}",-2.3990437871236283,-12.347263270278708,-8.903147040350893,-15.650126077768622
1_1_1_1_1_1_1_1_1_1_1_2_405_0_1_1_1_1_1_1_1_1_1_1_1_2_405_0,0.25125,0.17055,0.1874,0.102,0.07055,0.04345,0.0963,0.0645,0.1251,0.05295,0.2209,0.2796,4,4,-0.44583514,-0.4511806,0.06428042,-0.24225259,0.27687863,0.68155164,-0.3928121,-0.62510896,20.03517069748189,73.6907341341852,405.0,Nashik,1,"{""type"":""MultiPoint"",""coordinates"":[]}",-10.960707939611893,-17.147844901295667,-9.367602592740038,-18.261725983607555
1_1_1_1_1_1_1_1_1_1_1_2_406_0_1_1_1_1_1_1_1_1_1_1_1_2_406_0,0.1564,0.1758,0.137,0.0999,0.0642,0.0297,0.0735,0.0672,0.095,0.0433,0.1468,0.2868,4,1,-0.36059156,-0.44691357,0.03166227,-0.23994812,0.21422663,0.7376553,-0.3327281,-0.620339,20.11916317654707,73.85135290698578,406.0,Nashik,1,"{""type"":""MultiPoint"",""coordinates"":[]}",-7.702121258977122,-16.608751966758426,-8.69930763104975,-15.516700310437015
1_1_1_1_1_1_1_1_1_1_1_2_407_0_1_1_1_1_1_1_1_1_1_1_1_2_407_0,0.2555,0.177,0.1933,0.1203,0.0728,0.0424,0.0988,0.071,0.143,0.0782,0.232,0.2176,4,4,-0.44228056,-0.42741936,0.04820513,-0.102889,0.23733333,0.47126436,-0.40266022,-0.5079695,19.89700980678431,73.67276782850281,407.0,Nashik,1,"{""type"":""MultiPoint"",""coordinates"":[]}",-8.8977728581398,-17.487926002332056,-8.11203290278342,-15.888235706200277
1_1_1_1_1_1_1_1_1_1_1_2_408_0_1_1_1_1_1_1_1_1_1_1_1_2_408_0,0.3364,0.3295,0.2416,0.2364,0.0755,0.068,0.1056,0.1021,0.169,0.1526,0.2586,0.2518,5,4,-0.522172,-0.52687675,0.1307563,0.13366592,0.20954163,0.24530168,-0.42009884,-0.42300084,20.10155619697833,73.75756879132369,408.0,Nashik,1,"{""type"":""MultiPoint"",""coordinates"":[]}",-12.31024461283395,-19.480544921477243,-9.775118579248716,-18.24511583879349
1_1_1_1_1_1_1_1_1_1_1_2_409_0_1_1_1_1_1_1_1_1_1_1_1_2_409_0,0.3544,0.2623,0.2588,0.2361,0.0898,0.0623,0.121,0.0792,0.1826,0.105,0.2584,0.1562,4,4,-0.490955,-0.536164,0.15665796,0.25352448,0.1718821,0.19601838,-0.36215076,-0.3271028,20.06858802605114,73.76825874320473,409.0,Nashik,1,"{""type"":""MultiPoint"",""coordinates"":[]}",-16.2544306304536,-25.231548788565252,-15.8061112248725,-24.1156560401922
1_1_1_1_1_1_1_1_1_1_1_2_410_0_1_1_1_1_1_1_1_1_1_1_1_2_410_0,0.1449,0.19115,0.1039,0.13625,0.04845,0.05165,0.0666,0.0695,0.0721,0.0824,0.1864,0.1683,4,4,-0.37021276,-0.4667178,-0.12526411,0.063569345,0.44216636,0.3426406,-0.47351778,-0.4154752,20.068318531465906,73.66962372500839,410.0,Nashik,1,"{""type"":""MultiPoint"",""coordinates"":[]}",-8.19751509064581,-16.174676578357122,-8.847925816045887,-17.91655763739964
1_1_1_1_1_1_1_1_1_1_1_2_411_0_1_1_1_1_1_1_1_1_1_1_1_2_411_0,0.3039,0.2783,0.24205,0.21325,0.08365,0.0771,0.1161,0.10165,0.1585,0.1377,0.2371,0.2141,4,4,-0.44714287,-0.4649296,0.123475045,0.13038181,0.19868554,0.21716885,-0.3425821,-0.35613617,20.14036341725229,73.66531181164463,411.0,Nashik,1,"{""type"":""MultiPoint"",""coordinates"":[]}",-11.897632359254448,-21.09110892230818,-12.154945986394537,-19.558618420891307
1_1_1_1_1_1_1_1_1_1_1_2_412_0_1_1_1_1_1_1_1_1_1_1_1_2_412_0,0.2197,0.2375,0.1501,0.1938,0.0634,0.0545,0.0901,0.08195,0.1002,0.1205,0.2286,0.1998,4,4,-0.4183344,-0.48693067,-0.019852778,0.08621084,0.39051095,0.2475804,-0.43457797,-0.4182786,19.85317202091928,73.93947763635789,412.0,Nashik,1,"{""type"":""MultiPoint"",""coordinates"":[]}",-12.285362574820066,-19.73341592428737,-12.402688721051325,-19.388008021521106
1_1_1_1_1_1_1_1_1_1_1_2_413_0_1_1_1_1_1_1_1_1_1_1_1_2_413_0,0.3367,0.3642,0.2568,0.2757,0.0903,0.0832,0.1256,0.1102,0.1816,0.1628,0.261,0.2332,5,4,-0.4566299,-0.53541315,0.12665217,0.21928357,0.17939448,0.17777778,-0.3502328,-0.35818288,20.114132610956,73.78891999473947,413.0,Nashik,1,"{""type"":""MultiPoint"",""coordinates"":[]}",-13.472956344493777,-21.204321380779902,-14.558990891096153,-23.673307130713827
1_1_1_1_1_1_1_1_1_1_1_2_414_0_1_1_1_1_1_1_1_1_1_1_1_2_414_0,0.224,0.2102,0.201,0.1873,0.1076,0.106,0.1487,0.1256,0.1874,0.1482,0.2267,0.1754,6,6,-0.20203917,-0.2519357,-0.0059906812,0.090248965,0.09490461,0.08405439,-0.20777836,-0.1654485,19.95719693082032,73.76933672154566,414.0,Nashik,1,"{""type"":""MultiPoint"",""coordinates"":[]}",-8.133307807490525,-14.652309513265056,-7.537271219546465,-16.0366187940228
1_1_1_1_1_1_1_1_1_1_1_2_415_0_1_1_1_1_1_1_1_1_1_1_1_2_415_0,0.3242,0.3257,0.25585,0.2451,0.0912,0.0616,0.1141,0.0878,0.1618,0.1364,0.2456,0.211,4,5,-0.47935203,-0.5753325,0.13794313,0.21371344,0.20569465,0.21473806,-0.36558244,-0.41231593,19.95315451204178,73.70591566248683,415.0,Nashik,1,"{""type"":""MultiPoint"",""coordinates"":[]}",-12.5333421149516,-19.845809564276383,-9.818471898119167,-17.620501278457322
1_1_1_1_1_1_1_1_1_1_1_2_416_0_1_1_1_1_1_1_1_1_1_1_1_2_416_0,0.1516,0.1348,0.0802,0.0921,0.0414,0.0452,0.0597,0.0657,0.0478,0.0668,0.2969,0.2118,4,4,-0.43492666,-0.3446384,-0.3239688,-0.2221581,0.7226574,0.5204594,-0.6651711,-0.5264865,19.939500119723164,73.78469791290411,416.0,Nashik,1,"{""type"":""MultiPoint"",""coordinates"":[]}",-8.90767732807552,-16.275908406259287,-8.989250377333578,-16.19510401049835
1_1_1_1_1_1_1_1_1_1_1_2_417_0_1_1_1_1_1_1_1_1_1_1_1_2_417_0,0.1662,0.1594,0.10425,0.0983,0.0511,0.04,0.07005,0.0642,0.05805,0.0558,0.2767,0.3022,4,4,-0.40698412,-0.4257603,-0.24949199,-0.30935875,0.653174,0.6882682,-0.5959625,-0.6495633,19.94695613658136,73.85404785283814,417.0,Nashik,1,"{""type"":""MultiPoint"",""coordinates"":[]}",-10.930967812134085,-17.445662955014317,-10.103206990438414,-18.73309056341632
1_1_1_1_1_1_1_1_1_1_1_2_418_0_1_1_1_1_1_1_1_1_1_1_1_2_418_0,0.2208,0.2352,0.1815,0.1963,0.0887,0.0893,0.1121,0.1112,0.1317,0.1288,0.2071,0.2008,6,6,-0.3265245,-0.35796767,0.032016825,0.078899086,0.22255018,0.2184466,-0.29761904,-0.2871795,19.950010408547364,73.89420254603827,418.0,Nashik,1,"{""type"":""MultiPoint"",""coordinates"":[]}",-8.466943485705336,-16.666761726286165,-7.716724627337229,-16.027055103295844
1_1_1_1_1_1_1_1_1_1_1_2_419_0_1_1_1_1_1_1_1_1_1_1_1_2_419_0,0.2448,0.24055,0.1818,0.16535,0.0691,0.06815,0.105,0.09505,0.1366,0.1179,0.2805,0.2858,6,6,-0.39965695,-0.43355185,-0.067961164,-0.08596941,0.3450012,0.4159029,-0.45525292,-0.50085336,20.1291344762008,73.71507847838484,419.0,Nashik,1,"{""type"":""MultiPoint"",""coordinates"":[]}",-9.328015034543169,-16.60274770105543,-8.586655916647064,-15.78922570922671
1_1_1_1_1_1_1_1_1_1_1_2_420_0_1_1_1_1_1_1_1_1_1_1_1_2_420_0,0.2563,0.2343,0.2076,0.1844,0.0849,0.054,0.0982,0.0744,0.1128,0.0808,0.2182,0.2088,6,6,-0.44598025,-0.5179786,0.08029505,0.057549085,0.318429,0.44198895,-0.37926674,-0.47457626,19.992141395372567,73.90210772053852,420.0,Nashik,1,"{""type"":""MultiPoint"",""coordinates"":[]}",-10.902845444361759,-15.90855138140408,-7.922115061812665,-14.28895515278211
1_1_1_1_1_1_1_1_1_1_1_2_421_0_1_1_1_1_1_1_1_1_1_1_1_2_421_0,0.1732,0.27165,0.1192,0.1978,0.054,0.1026,0.0722,0.1298,0.0776,0.1866,0.2218,0.268,4,4,-0.41157293,-0.35334414,-0.12303797,0.006763643,0.48162994,0.1790585,-0.50884354,-0.34741077,19.857124608169404,73.92528425486881,421.0,Nashik,1,"{""type"":""MultiPoint"",""coordinates"":[]}",-10.995388770289056,-19.25902932667999,-11.148706320864544,-19.39457080186546
1_1_1_1_1_1_1_1_1_1_1_2_422_0_1_1_1_1_1_1_1_1_1_1_1_2_422_0,0.2466,0.2174,0.1894,0.1629,0.0596,0.05,0.0777,0.0711,0.0965,0.0756,0.258,0.2608,6,6,-0.52081406,-0.5071057,-0.022592152,-0.090757005,0.45557123,0.5505351,-0.53708667,-0.5715577,20.05565228595982,73.81865423064383,422.0,Nashik,1,"{""type"":""MultiPoint"",""coordinates"":[]}",-10.400684192095449,-16.251975785651197,-10.319836914932882,-16.073644099379077
1_1_1_1_1_1_1_1_1_1_1_2_423_0_1_1_1_1_1_1_1_1_1_1_1_2_423_0,0.2652,0.19485,0.1885,0.1656,0.0558,0.035,0.0764,0.0477,0.1064,0.06735,0.2148,0.1172,1,5,-0.5526932,-0.606679,0.105,0.24883832,0.33748442,0.2701165,-0.4752747,-0.42146754,19.9540528273259,73.67555260588358,423.0,Nashik,1,"{""type"":""MultiPoint"",""coordinates"":[]}",-9.176287910143442,-15.812751157844536,-8.6730632454694,-15.083162672037059
1_1_1_1_1_1_1_1_1_1_1_2_424_0_1_1_1_1_1_1_1_1_1_1_1_2_424_0,0.3613,0.3581,0.2622,0.2799,0.0869,0.0892,0.1074,0.1204,0.1654,0.1716,0.2504,0.2492,5,5,-0.5417111,-0.4967607,0.18129802,0.1793183,0.2044252,0.18441065,-0.3996646,-0.34848484,20.06688122701131,73.8613242066395,424.0,Nashik,1,"{""type"":""MultiPoint"",""coordinates"":[]}",-14.331641517337552,-20.844799325539896,-13.059499741675133,-22.487593643266003
1_1_1_1_1_1_1_1_1_1_1_2_425_0_1_1_1_1_1_1_1_1_1_1_1_2_425_0,0.3032,0.2824,0.24,0.22615,0.0817,0.0727,0.114,0.1075,0.175,0.1659,0.2376,0.214,4,4,-0.45349953,-0.44857657,0.12130178,0.13779211,0.15172079,0.12661226,-0.35153583,-0.33125973,19.88596052878964,73.67959502466212,425.0,Nashik,1,"{""type"":""MultiPoint"",""coordinates"":[]}",-12.313414558010772,-20.881206985516737,-10.879093091802229,-21.269998110967478
1_1_1_1_1_1_1_1_1_1_1_2_426_0_1_1_1_1_1_1_1_1_1_1_1_2_426_0,0.1715,0.1586,0.0956,0.0899,0.0456,0.0382,0.0675,0.05525,0.0623,0.05155,0.268,0.2418,4,4,-0.43514645,-0.4832827,-0.21956769,-0.20779221,0.6227672,0.6485427,-0.5976155,-0.6280087,19.87302478869832,73.84308840637188,426.0,Nashik,1,"{""type"":""MultiPoint"",""coordinates"":[]}",-8.741658466175291,-14.171141401110429,-9.485450161980017,-14.709617566839183
1_1_1_1_1_1_1_1_1_1_1_2_427_0_1_1_1_1_1_1_1_1_1_1_1_2_427_0,0.13465,0.1501,0.079,0.0879,0.0412,0.0227,0.05075,0.0444,0.0418,0.0399,0.1871,0.2292,1,1,-0.45253506,-0.54344475,-0.16301477,-0.20854205,0.634775,0.703456,-0.5732605,-0.6754386,19.95126804994513,73.81892372522906,427.0,Nashik,1,"{""type"":""MultiPoint"",""coordinates"":[]}",-8.72521936517118,-14.29328430568463,-9.144916284604966,-15.533923228656668
1_1_1_1_1_1_1_1_1_1_1_2_428_0_1_1_1_1_1_1_1_1_1_1_1_2_428_0,0.1528,0.3134,0.0968,0.2209,0.0512,0.067,0.0654,0.0994,0.0597,0.1418,0.2692,0.273,4,4,-0.40054995,-0.51841086,-0.27582937,0.06889495,0.6369717,0.31629702,-0.6090855,-0.46616542,19.99878892847505,73.81964237745636,428.0,Nashik,1,"{""type"":""MultiPoint"",""coordinates"":[]}",-8.536322136551552,-15.28837245874615,-7.900541646066852,-14.267421857853769
1_1_1_1_1_1_1_1_1_1_1_2_429_0_1_1_1_1_1_1_1_1_1_1_1_2_429_0,0.2167,0.2168,0.1769,0.1521,0.0659,0.08225,0.0852,0.1141,0.1032,0.1251,0.2026,0.2828,4,6,-0.43557468,-0.31036568,0.033627473,-0.13210568,0.32504904,0.38661435,-0.40792218,-0.4250441,19.87032984284596,73.85656313563366,429.0,Nashik,1,"{""type"":""MultiPoint"",""coordinates"":[]}",-7.7021204964654295,-15.420645863769582,-9.167145026321048,-17.152626952509426
1_1_1_1_1_1_1_1_1_1_1_2_430_0_1_1_1_1_1_1_1_1_1_1_1_2_430_0,0.1996,0.1426,0.1167,0.0748,0.0425,0.0348,0.0698,0.0518,0.0459,0.0367,0.3072,0.346,4,4,-0.48181143,-0.46707818,-0.21231255,-0.41629145,0.740017,0.8082049,-0.62970823,-0.73956764,20.04604031241974,73.92052318386298,430.0,Nashik,1,"{""type"":""MultiPoint"",""coordinates"":[]}",-9.167574559238584,-16.731728101459005,-10.445122038413828,-16.619855992330066
1_1_1_1_1_1_1_1_1_1_1_2_431_0_1_1_1_1_1_1_1_1_1_1_1_2_431_0,0.21885,0.2281,0.1956,0.1916,0.0865,0.0952,0.1095,0.1242,0.1308,0.1472,0.2005,0.233,6,6,-0.3330288,-0.2949191,0.0437582,-0.010626762,0.21038334,0.2256707,-0.29354838,-0.30459127,19.98225992724725,73.75424502477246,431.0,Nashik,1,"{""type"":""MultiPoint"",""coordinates"":[]}",-8.721081210451922,-16.49745496816939,-8.661407046231389,-16.495543221653048
1_1_1_1_1_1_1_1_1_1_1_2_432_0_1_1_1_1_1_1_1_1_1_1_1_2_432_0,0.1619,0.1315,0.0846,0.1024,0.0349,0.0414,0.0585,0.0544,0.0388,0.0754,0.2736,0.1288,4,4,-0.469147,-0.4147391,-0.2564868,0.010372647,0.7516005,0.26150832,-0.6476965,-0.40611354,20.08287123906864,73.94630483251721,432.0,Nashik,1,"{""type"":""MultiPoint"",""coordinates"":[]}",-8.853093020950917,-16.277021782093723,-10.637033276745868,-16.726667193659445
1_1_1_1_1_1_1_1_1_1_1_2_433_0_1_1_1_1_1_1_1_1_1_1_1_2_433_0,0.23775,0.2415,0.2043,0.2106,0.1224,0.1356,0.1522,0.1558,0.1769,0.1796,0.2257,0.2182,6,6,-0.2193871,-0.21570602,0.026000647,0.05068523,0.121212125,0.09703369,-0.1944959,-0.16684492,19.96132918112727,73.78074532565398,433.0,Nashik,1,"{""type"":""MultiPoint"",""coordinates"":[]}",-5.742546175129926,-13.597691437731868,-5.2988563418036305,-11.561268884234117
1_1_1_1_1_1_1_1_1_1_1_2_434_0_1_1_1_1_1_1_1_1_1_1_1_2_434_0,0.2162,0.2151,0.1472,0.1472,0.0547,0.0495,0.0776,0.0797,0.0794,0.0918,0.273,0.2448,4,6,-0.47174948,-0.45929444,-0.11610793,-0.064579256,0.5493757,0.45454547,-0.5573303,-0.50878274,20.040740252243435,73.8589885869008,434.0,Nashik,1,"{""type"":""MultiPoint"",""coordinates"":[]}",-10.016344637578477,-18.036848107078708,-10.457968433297367,-17.595041201102152
1_1_1_1_1_1_1_1_1_1_1_2_435_0_1_1_1_1_1_1_1_1_1_1_1_2_435_0,0.3647,0.2545,0.2725,0.2208,0.0795,0.0497,0.1073,0.0731,0.1614,0.104,0.255,0.1496,5,5,-0.545339,-0.55372405,0.17702115,0.25958923,0.22478387,0.17981073,-0.4076732,-0.34351146,19.900333573335555,73.76098238940335,435.0,Nashik,1,"{""type"":""MultiPoint"",""coordinates"":[]}",-14.089136884633009,-21.14345387253867,-12.314583828570216,-20.74764493202279
1_1_1_1_1_1_1_1_1_1_1_2_436_0_1_1_1_1_1_1_1_1_1_1_1_2_436_0,0.0098,0.01035,0.0088,0.01015,0.0354,0.0285,0.0555,0.04215,0.03,0.0187,0.0121,0.00565,0,0,0.69984686,0.60571426,-0.10502283,0.29375,-0.42517814,-0.53593427,0.6420118,0.7635983,19.89521317621607,73.65956259382625,436.0,Nashik,1,"{""type"":""MultiPoint"",""coordinates"":[]}",-22.361109537580877,-29.27101321202183,-22.20528917413498,-31.984623741904386
1_1_1_1_1_1_1_1_1_1_1_2_437_0_1_1_1_1_1_1_1_1_1_1_1_2_437_0,0.1718,0.19275,0.0881,0.1449,0.0335,0.0571,0.0621,0.0736,0.0396,0.08415,0.3164,0.1807,1,6,-0.46900386,-0.4473437,-0.29619008,0.032266703,0.7775281,0.36454597,-0.6718626,-0.4211561,20.071462634960323,73.72478028345333,437.0,Nashik,1,"{""type"":""MultiPoint"",""coordinates"":[]}",-8.17319727747859,-15.88378711584256,-6.926772729995497,-15.99510113209301
1_1_1_1_1_1_1_1_1_1_1_2_438_0_1_1_1_1_1_1_1_1_1_1_1_2_438_0,0.1808,0.2146,0.126,0.1576,0.0459,0.05345,0.0616,0.06965,0.0611,0.0867,0.1454,0.1959,4,4,-0.49174917,-0.5099384,0.10852238,0.045554202,0.40823245,0.38641188,-0.40483093,-0.47542834,19.874731587738147,73.82772721501343,438.0,Nashik,1,"{""type"":""MultiPoint"",""coordinates"":[]}",-9.312126557542555,-14.640526253779251,-8.70271024589262,-14.774760794593199
1_1_1_1_1_1_1_1_1_1_1_2_439_0_1_1_1_1_1_1_1_1_1_1_1_2_439_0,0.1472,0.184,0.0985,0.107,0.0472,0.043,0.0666,0.0722,0.0552,0.0483,0.215,0.3196,4,4,-0.37698784,-0.43637782,-0.1871894,-0.26926133,0.5914138,0.73742867,-0.5269886,-0.63144463,20.006604271446893,73.8658157830601,439.0,Nashik,1,"{""type"":""MultiPoint"",""coordinates"":[]}",-9.316223085189419,-15.499147384923376,-8.06323592371582,-15.263965486936383
1_1_1_1_1_1_1_1_1_1_1_2_440_0_1_1_1_1_1_1_1_1_1_1_1_2_440_0,0.2091,0.2094,0.13045,0.1457,0.0421,0.04155,0.0686,0.0634,0.0538,0.0729,0.2841,0.2298,1,1,-0.5059417,-0.53519064,-0.15206812,-0.04644809,0.6815626,0.518335,-0.61100084,-0.5675307,20.14629229812748,73.67609159505406,440.0,Nashik,1,"{""type"":""MultiPoint"",""coordinates"":[]}",-9.993988522267438,-17.00613724840579,-9.484554361159228,-15.75181570214269
1_1_1_1_1_1_1_1_1_1_1_2_441_0_1_1_1_1_1_1_1_1_1_1_1_2_441_0,0.2507,0.2404,0.178,0.16235,0.0766,0.06035,0.0974,0.0852,0.121,0.1037,0.2662,0.2297,6,4,-0.4403907,-0.47665846,-0.029986458,0.022761114,0.375,0.3779244,-0.46424642,-0.45887583,19.98252942183249,73.67366614378693,441.0,Nashik,1,"{""type"":""MultiPoint"",""coordinates"":[]}",-9.206564134829325,-18.600443694868183,-8.753686806780589,-17.328147110594006
1_1_1_1_1_1_1_1_1_1_1_2_442_0_1_1_1_1_1_1_1_1_1_1_1_2_442_0,0.1504,0.1934,0.1101,0.1348,0.0426,0.051,0.0652,0.0702,0.0809,0.0796,0.2108,0.237,4,4,-0.39517626,-0.4673748,-0.16722038,-0.10130112,0.44532055,0.4971573,-0.5275362,-0.54296875,20.066342237840843,73.90992306351036,442.0,Nashik,1,"{""type"":""MultiPoint"",""coordinates"":[]}",-9.488485820220049,-16.682234385371324,-8.072574201699346,-16.94436573669951
1_1_1_1_1_1_1_1_1_1_1_2_443_0_1_1_1_1_1_1_1_1_1_1_1_2_443_0,0.2525,0.25635,0.1916,0.1837,0.0724,0.0632,0.0976,0.0904,0.1176,0.1216,0.238,0.2418,4,4,-0.442445,-0.47858688,0.029561672,0.02920807,0.33858266,0.330765,-0.4183552,-0.45574954,20.111078338989994,73.7320566372547,443.0,Nashik,1,"{""type"":""MultiPoint"",""coordinates"":[]}",-9.033820271114548,-17.277950887513725,-9.168036461376595,-16.65129348586664
1_1_1_1_1_1_1_1_1_1_1_2_444_0_1_1_1_1_1_1_1_1_1_1_1_2_444_0,0.1837,0.2121,0.1158,0.1291,0.0558,0.0427,0.0782,0.0832,0.0797,0.064,0.2438,0.3144,4,4,-0.4028255,-0.43650526,-0.1405848,-0.194302,0.5072643,0.6617336,-0.51428574,-0.5814889,20.002561852668357,73.83706969396827,444.0,Nashik,1,"{""type"":""MultiPoint"",""coordinates"":[]}",-9.871072366056984,-16.58392685522842,-8.625721774583365,-15.327308226721462
1_1_1_1_1_1_1_1_1_1_1_2_445_0_1_1_1_1_1_1_1_1_1_1_1_2_445_0,0.2589,0.2844,0.1695,0.224,0.0774,0.0836,0.107,0.113,0.1434,0.1433,0.2912,0.2357,4,6,-0.41514075,-0.43130347,-0.058716595,0.09363584,0.34008282,0.24379948,-0.4625816,-0.3518784,19.93491871177416,73.67133052404822,445.0,Nashik,1,"{""type"":""MultiPoint"",""coordinates"":[]}",-11.276501787848401,-18.22848989633601,-11.196473342480324,-17.872647419215696
1_1_1_1_1_1_1_1_1_1_1_2_446_0_1_1_1_1_1_1_1_1_1_1_1_2_446_0,0.1768,0.19235,0.1256,0.1439,0.0552,0.04265,0.0693,0.0635,0.0645,0.07285,0.2346,0.2027,4,4,-0.4368143,-0.5036154,-0.14049587,-0.026199216,0.5687061,0.47123933,-0.5439289,-0.5229151,20.052777677050635,73.72540910415222,446.0,Nashik,1,"{""type"":""MultiPoint"",""coordinates"":[]}",-9.096541181096338,-15.900060513705332,-8.987125432082163,-15.90521171150651
1_1_1_1_1_1_1_1_1_1_1_2_447_0_1_1_1_1_1_1_1_1_1_1_1_2_447_0,0.211,0.2213,0.1385,0.1473,0.05335,0.0479,0.06915,0.0695,0.07275,0.0715,0.2183,0.262,4,6,-0.5063359,-0.52200824,-0.017004427,-0.084212705,0.5000859,0.5712144,-0.51887286,-0.58069384,19.89521317621607,73.85332920061084,447.0,Nashik,1,"{""type"":""MultiPoint"",""coordinates"":[]}",-10.659905196966132,-17.244102927763635,-9.644518969999181,-17.562253790409084
1_1_1_1_1_1_1_1_1_1_1_2_448_0_1_1_1_1_1_1_1_1_1_1_1_2_448_0,0.1826,0.1858,0.1098,0.118,0.0365,0.0327,0.076,0.0518,0.0431,0.0448,0.354,0.2852,4,4,-0.41221964,-0.56397307,-0.31941855,-0.21104033,0.7829262,0.72848487,-0.6465116,-0.6925816,20.12176829087101,73.8342849165875,448.0,Nashik,1,"{""type"":""MultiPoint"",""coordinates"":[]}",-9.165868164710018,-15.964809191667166,-6.5644769276703885,-15.532432286206134
1_1_1_1_1_1_1_1_1_1_1_2_449_0_1_1_1_1_1_1_1_1_1_1_1_2_449_0,0.3042,0.2907,0.2281,0.2057,0.0581,0.0432,0.0839,0.0657,0.1128,0.0932,0.2114,0.1892,5,1,-0.5676372,-0.63131315,0.17998448,0.2115024,0.30413324,0.33994335,-0.4317643,-0.48450372,20.09616630527361,73.73780585507306,449.0,Nashik,1,"{""type"":""MultiPoint"",""coordinates"":[]}",-4.794070496940638,-14.896310327957101,-6.343778206686124,-13.502052102296041
1_1_1_1_1_1_1_1_1_1_1_2_450_0_1_1_1_1_1_1_1_1_1_1_1_2_450_0,0.1559,0.1893,0.1138,0.1208,0.0501,0.0597,0.0658,0.08245,0.0686,0.0824,0.1936,0.263,4,4,-0.40640506,-0.39319226,-0.10786838,-0.16294494,0.47673532,0.52287203,-0.4926754,-0.5226516,19.86467045655601,73.87722438716841,450.0,Nashik,1,"{""type"":""MultiPoint"",""coordinates"":[]}",-9.690580575343503,-17.65619863717185,-9.456733878643321,-17.181268466411872
1_1_1_1_1_1_1_1_1_1_1_2_451_0_1_1_1_1_1_1_1_1_1_1_1_2_451_0,0.1907,0.1737,0.1336,0.1175,0.0888,0.044,0.12,0.0712,0.1174,0.0638,0.3108,0.2632,4,4,-0.22755069,-0.41853818,-0.23948155,-0.20485237,0.4516581,0.6097859,-0.44289693,-0.57416266,20.049633573556218,73.74508220887444,451.0,Nashik,1,"{""type"":""MultiPoint"",""coordinates"":[]}",-10.394921375937098,-17.534708277923038,-9.697958106045885,-16.584259892012945
1_1_1_1_1_1_1_1_1_1_1_2_452_0_1_1_1_1_1_1_1_1_1_1_1_2_452_0,0.1434,0.1395,0.1081,0.1006,0.0478,0.0673,0.0612,0.088,0.0678,0.0925,0.1628,0.392,4,4,-0.40175954,-0.22637363,-0.063357286,-0.47507057,0.41196877,0.61816305,-0.45357144,-0.6333333,20.00920938577084,73.94217258221026,452.0,Nashik,1,"{""type"":""MultiPoint"",""coordinates"":[]}",-10.817653621276959,-19.741058159039746,-7.6634935512605145,-15.67436130364425
1_1_1_1_1_1_1_1_1_1_1_2_453_0_1_1_1_1_1_1_1_1_1_1_1_2_453_0,0.1517,0.16285,0.1055,0.12265,0.0465,0.06805,0.0613,0.08555,0.074,0.0907,0.1332,0.1532,4,4,-0.42441314,-0.31119162,0.064935066,0.030533144,0.2857143,0.25625256,-0.3696658,-0.2833508,19.95504097413843,73.6674677683265,453.0,Nashik,1,"{""type"":""MultiPoint"",""coordinates"":[]}",-10.57056039408636,-18.37866260221866,-10.04693801799765,-17.528671099727386
1_1_1_1_1_1_1_1_1_1_1_2_454_0_1_1_1_1_1_1_1_1_1_1_1_2_454_0,0.14385,0.141,0.09615,0.094,0.04265,0.0227,0.05635,0.0434,0.0531,0.0336,0.1707,0.2624,1,1,-0.43706295,-0.5292842,-0.085360035,-0.300942,0.5254692,0.772973,-0.50363356,-0.71615434,19.97291744829241,73.81784574688811,454.0,Nashik,1,"{""type"":""MultiPoint"",""coordinates"":[]}",-8.076165127039665,-14.903122981595642,-8.022842038146592,-15.556580464382943
1_1_1_1_1_1_1_1_1_1_1_2_455_0_1_1_1_1_1_1_1_1_1_1_1_2_455_0,0.1912,0.1771,0.10385,0.1011,0.05145,0.0372,0.07635,0.0753,0.05235,0.0558,0.3362,0.298,4,4,-0.42926556,-0.40332806,-0.27493364,-0.25447273,0.73053664,0.6845676,-0.629863,-0.59657115,19.911382851330224,73.86024622829856,455.0,Nashik,1,"{""type"":""MultiPoint"",""coordinates"":[]}",-8.929279552982695,-15.376744902004326,-8.779800435703645,-16.457216677101382
1_1_1_1_1_1_1_1_1_1_1_2_456_0_1_1_1_1_1_1_1_1_1_1_1_2_456_0,0.2311,0.2276,0.1561,0.16315,0.0434,0.0435,0.063,0.063,0.0642,0.06145,0.2144,0.2029,1,1,-0.5715743,-0.5664143,0.037485972,0.057375144,0.5391242,0.53508604,-0.54578227,-0.52613765,19.857573765811463,73.71480898379961,456.0,Nashik,1,"{""type"":""MultiPoint"",""coordinates"":[]}",-8.27373886993328,-13.982134845588664,-7.8916959017199115,-13.851818700988536
1_1_1_1_1_1_1_1_1_1_1_2_457_0_1_1_1_1_1_1_1_1_1_1_1_2_457_0,0.2367,0.2069,0.1682,0.1247,0.0976,0.0442,0.1148,0.0922,0.1414,0.0872,0.3108,0.2798,4,4,-0.34679943,-0.3834838,-0.13534246,-0.14978427,0.37461302,0.52479565,-0.46052632,-0.5043011,20.05888622098265,73.82269664942237,457.0,Nashik,1,"{""type"":""MultiPoint"",""coordinates"":[]}",-9.443355275845217,-16.043801504675386,-9.34305109277312,-15.998736998364114
1_1_1_1_1_1_1_1_1_1_1_2_458_0_1_1_1_1_1_1_1_1_1_1_1_2_458_0,0.2177,0.23155,0.1995,0.20395,0.071,0.07285,0.0824,0.0976,0.1144,0.134,0.1554,0.178,5,4,-0.4508497,-0.40695733,0.16697936,0.13075326,0.15196441,0.14102565,-0.30698067,-0.29172716,19.87904350110192,73.74687883944267,458.0,Nashik,1,"{""type"":""MultiPoint"",""coordinates"":[]}",-13.715230239472184,-23.871246521757683,-14.418341808357205,-22.941803169480185
1_1_1_1_1_1_1_1_1_1_1_2_459_0_1_1_1_1_1_1_1_1_1_1_1_2_459_0,0.1686,0.1843,0.1444,0.1571,0.0836,0.07,0.0992,0.0894,0.1084,0.1052,0.1288,0.1508,6,6,-0.25914863,-0.34673,0.1338265,0.099970154,0.08600337,0.178125,-0.12982456,-0.25562033,20.023402767259928,73.83859682995127,459.0,Nashik,1,"{""type"":""MultiPoint"",""coordinates"":[]}",-10.827149098967313,-12.101294829688031,-7.848324886877222,-16.11572105996663
1_1_1_1_1_1_1_1_1_1_1_2_460_0_1_1_1_1_1_1_1_1_1_1_1_2_460_0,0.2912,0.2196,0.2086,0.1673,0.0678,0.0483,0.0919,0.0744,0.1376,0.1066,0.2312,0.1898,4,4,-0.5202297,-0.49387756,0.114854515,0.072789446,0.2537961,0.28070176,-0.43113586,-0.43679032,20.09751377819979,73.77751139063115,460.0,Nashik,1,"{""type"":""MultiPoint"",""coordinates"":[]}",-12.246680551259583,-19.314232017820405,-10.548126933528199,-18.665282446900424
1_1_1_1_1_1_1_1_1_1_1_2_461_0_1_1_1_1_1_1_1_1_1_1_1_2_461_0,0.1602,0.14635,0.1205,0.11245,0.04895,0.0508,0.06365,0.0693,0.07525,0.0726,0.1463,0.2048,4,4,-0.4313156,-0.3572919,0.045350734,-0.16645308,0.3206951,0.47656813,-0.39366516,-0.49434513,20.08520685880735,73.6862425577646,461.0,Nashik,1,"{""type"":""MultiPoint"",""coordinates"":[]}",-10.108587239101347,-16.357389771995045,-5.955727878789392,-16.673988278941255
1_1_1_1_1_1_1_1_1_1_1_2_462_0_1_1_1_1_1_1_1_1_1_1_1_2_462_0,0.194,0.1845,0.1275,0.1227,0.0506,0.0542,0.0738,0.0827,0.0808,0.0859,0.2676,0.2598,4,4,-0.4488424,-0.38098803,-0.1594454,-0.16948009,0.53616536,0.50303733,-0.56766254,-0.5170803,19.86529927725489,73.67483395365629,462.0,Nashik,1,"{""type"":""MultiPoint"",""coordinates"":[]}",-9.506476723422857,-16.427373312504663,-8.145805739301766,-17.630602643798394
1_1_1_1_1_1_1_1_1_1_1_2_463_0_1_1_1_1_1_1_1_1_1_1_1_2_463_0,0.1506,0.2267,0.11615,0.1757,0.0537,0.0633,0.0668,0.09,0.07255,0.1042,0.1469,0.197,4,4,-0.38546458,-0.43163878,0.012436975,0.07009677,0.33880156,0.30810094,-0.37482452,-0.3728223,19.90410649752885,73.9393878048295,463.0,Nashik,1,"{""type"":""MultiPoint"",""coordinates"":[]}",-10.811691587378657,-16.291494838804837,-10.67210166446202,-17.37265242573189
1_1_1_1_1_1_1_1_1_1_1_2_464_0_1_1_1_1_1_1_1_1_1_1_1_2_464_0,0.2096,0.2095,0.156,0.1586,0.0595,0.0436,0.0816,0.0708,0.0772,0.0738,0.2518,0.2482,6,6,-0.43956044,-0.49482697,-0.09146077,-0.084553204,0.5306991,0.5416149,-0.5104979,-0.5561128,20.01774338096997,73.82422378540537,464.0,Nashik,1,"{""type"":""MultiPoint"",""coordinates"":[]}",-8.269730609749724,-13.78193014765726,-8.275355652839137,-15.894096942378466
1_1_1_1_1_1_1_1_1_1_1_2_465_0_1_1_1_1_1_1_1_1_1_1_1_2_465_0,0.1406,0.16945,0.0686,0.14435,0.0297,0.0867,0.0466,0.1014,0.0312,0.1066,0.3264,0.1594,4,4,-0.50213677,-0.25124606,-0.39785868,0.030561047,0.82550335,0.19849624,-0.75013405,-0.22239263,19.8705993374312,73.84901728724707,465.0,Nashik,1,"{""type"":""MultiPoint"",""coordinates"":[]}",-9.714722972518384,-16.680680266907196,-9.352073362236977,-17.46123146869173
1_1_1_1_1_1_1_1_1_1_1_2_466_0_1_1_1_1_1_1_1_1_1_1_1_2_466_0,0.1681,0.1552,0.1076,0.1039,0.0465,0.0412,0.063,0.0626,0.0509,0.0625,0.2298,0.2458,4,4,-0.45478147,-0.4251607,-0.15506409,-0.22593516,0.63733524,0.5945508,-0.5696721,-0.5940337,20.016306076515384,73.89132793712909,466.0,Nashik,1,"{""type"":""MultiPoint"",""coordinates"":[]}",-10.098542344064414,-16.68226038626446,-9.599193034293256,-16.25114621095808
1_1_1_1_1_1_1_1_1_1_1_2_467_0_1_1_1_1_1_1_1_1_1_1_1_2_467_0,0.2041,0.19045,0.1564,0.1265,0.0426,0.0331,0.0596,0.0572,0.0974,0.0727,0.1472,0.193,4,4,-0.5479712,-0.53805774,0.16196983,-0.00665015,0.20359771,0.45276627,-0.4235977,-0.5427658,19.955579963308903,73.6508489355703,467.0,Nashik,1,"{""type"":""MultiPoint"",""coordinates"":[]}",-10.151900365497566,-17.483968928581824,-8.442223856687335,-16.533636712590617
1_1_1_1_1_1_1_1_1_1_1_2_468_0_1_1_1_1_1_1_1_1_1_1_1_2_468_0,0.20945,0.2106,0.1284,0.1366,0.04525,0.0566,0.06955,0.0766,0.0776,0.1154,0.2704,0.2282,4,1,-0.5014337,-0.4665738,-0.12701885,-0.04010939,0.55402297,0.3282887,-0.59082216,-0.49737534,19.934559385660503,73.7501127744655,468.0,Nashik,1,"{""type"":""MultiPoint"",""coordinates"":[]}",-8.69960119402956,-15.877612258582104,-7.19923196965849,-13.826022456738102
1_1_1_1_1_1_1_1_1_1_1_2_469_0_1_1_1_1_1_1_1_1_1_1_1_2_469_0,0.2826,0.2908,0.232,0.2373,0.0806,0.0852,0.1032,0.1164,0.1498,0.1578,0.2126,0.229,6,5,-0.46500778,-0.42829075,0.14135703,0.11889188,0.17328918,0.18407446,-0.34642178,-0.32599884,19.96779705117293,73.89204658935638,469.0,Nashik,1,"{""type"":""MultiPoint"",""coordinates"":[]}",-11.484481037316169,-17.29895194361838,-11.989634279185204,-17.914653424534762
1_1_1_1_1_1_1_1_1_1_1_2_470_0_1_1_1_1_1_1_1_1_1_1_1_2_470_0,0.3028,0.3094,0.2558,0.2619,0.1076,0.1848,0.1338,0.2166,0.1642,0.253,0.2364,0.3252,6,6,-0.387082,-0.17642586,0.1231454,-0.024897574,0.18022965,0.124870285,-0.2771475,-0.20044297,20.041189409885494,73.85036476017325,470.0,Nashik,1,"{""type"":""MultiPoint"",""coordinates"":[]}",-5.84324779844673,-9.606146404958992,-4.22010054246797,-11.985307714459783
1_1_1_1_1_1_1_1_1_1_1_2_471_0_1_1_1_1_1_1_1_1_1_1_1_2_471_0,0.23195,0.2353,0.17885,0.1745,0.07015,0.0578,0.09325,0.0836,0.1179,0.1086,0.2364,0.219,4,4,-0.42650676,-0.4756977,-0.009501441,0.035879374,0.3344623,0.33699635,-0.43424845,-0.44745538,19.926115221989782,73.8988737855157,471.0,Nashik,1,"{""type"":""MultiPoint"",""coordinates"":[]}",-10.839081179788046,-17.938232997850353,-9.638963924278517,-16.883287252448596
1_1_1_1_1_1_1_1_1_1_1_2_472_0_1_1_1_1_1_1_1_1_1_1_1_2_472_0,0.275,0.2771,0.2091,0.2136,0.06055,0.0554,0.0805,0.0786,0.1137,0.1007,0.249,0.2178,4,6,-0.54711676,-0.55805457,0.049618322,0.11982219,0.37303558,0.3676609,-0.51138085,-0.46963564,19.934110228018447,73.76700110180695,472.0,Nashik,1,"{""type"":""MultiPoint"",""coordinates"":[]}",-10.531213367095928,-18.697422369615705,-8.594768791527429,-16.144306514822418
1_1_1_1_1_1_1_1_1_1_1_2_473_0_1_1_1_1_1_1_1_1_1_1_1_2_473_0,0.1525,0.2028,0.082,0.1504,0.0477,0.0451,0.0634,0.0748,0.0531,0.0869,0.3244,0.2282,4,4,-0.41269106,-0.4610951,-0.36045292,-0.058932714,0.7186755,0.44842908,-0.67302734,-0.50627065,20.0728101078865,73.93992679399996,473.0,Nashik,1,"{""type"":""MultiPoint"",""coordinates"":[]}",-10.857902923372603,-18.844145568820668,-9.046139241977215,-18.373528751056245
1_1_1_1_1_1_1_1_1_1_1_2_474_0_1_1_1_1_1_1_1_1_1_1_1_2_474_0,0.3117,0.26,0.2513,0.2176,0.0896,0.0936,0.111,0.1206,0.1571,0.149,0.2178,0.1974,5,6,-0.47480482,-0.3662638,0.17733711,0.13686052,0.16190985,0.13972287,-0.3248175,-0.24150944,19.935008543302565,73.76322817761366,474.0,Nashik,1,"{""type"":""MultiPoint"",""coordinates"":[]}",-13.934489684695368,-21.40327628946539,-10.17715483347507,-16.58017274834043
1_1_1_1_1_1_1_1_1_1_1_2_475_0_1_1_1_1_1_1_1_1_1_1_1_2_475_0,0.2776,0.2817,0.207,0.2389,0.0654,0.0844,0.0877,0.1086,0.1253,0.1496,0.1914,0.2074,6,6,-0.5198467,-0.443505,0.1837953,0.15191168,0.20871487,0.16190477,-0.37155142,-0.31265822,19.97183946995147,73.77697240146068,475.0,Nashik,1,"{""type"":""MultiPoint"",""coordinates"":[]}",-12.308631600797158,-20.802786529904182,-10.76286881983081,-20.696279329678923
1_1_1_1_1_1_1_1_1_1_1_2_476_0_1_1_1_1_1_1_1_1_1_1_1_2_476_0,0.1493,0.1715,0.0971,0.1209,0.0486,0.0418,0.0628,0.0617,0.0602,0.0725,0.2824,0.1876,4,4,-0.40782648,-0.47084048,-0.30831596,-0.04483431,0.64856976,0.4425221,-0.636153,-0.50501406,20.074067749284268,73.92914701059053,476.0,Nashik,1,"{""type"":""MultiPoint"",""coordinates"":[]}",-10.416299657445373,-17.753829258259394,-8.434610974664126,-15.938113021087934
1_1_1_1_1_1_1_1_1_1_1_2_477_0_1_1_1_1_1_1_1_1_1_1_1_2_477_0,0.14285,0.16905,0.0891,0.1071,0.03635,0.04115,0.04605,0.05925,0.0516,0.0746,0.1439,0.178,4,4,-0.51244044,-0.48094612,-0.0036617261,-0.025788791,0.47212276,0.40934283,-0.5151356,-0.50052685,20.054753970675694,73.68579340012255,477.0,Nashik,1,"{""type"":""MultiPoint"",""coordinates"":[]}",-10.29878742105494,-16.2627035390135,-10.387530739227607,-16.55772039412764
1_1_1_1_1_1_1_1_1_1_1_2_478_0_1_1_1_1_1_1_1_1_1_1_1_2_478_0,0.1806,0.1832,0.1072,0.1496,0.0384,0.0437,0.0554,0.0594,0.0335,0.0824,0.3368,0.1154,4,4,-0.53050846,-0.51030505,-0.3018941,0.22705962,0.81906563,0.16683519,-0.7174911,-0.32036614,20.07864915723328,73.88369225721408,478.0,Nashik,1,"{""type"":""MultiPoint"",""coordinates"":[]}",-10.68670819340249,-17.75972090138337,-9.82823586886921,-19.029197489337804
1_1_1_1_1_1_1_1_1_1_1_2_479_0_1_1_1_1_1_1_1_1_1_1_1_2_479_0,0.1635,0.1418,0.1003,0.1055,0.0452,0.0376,0.061,0.0523,0.0618,0.0644,0.2216,0.1484,4,4,-0.45657015,-0.46110252,-0.1508699,-0.022742936,0.56386733,0.39473686,-0.5682944,-0.4788241,20.110719012876345,73.86114454358268,479.0,Nashik,1,"{""type"":""MultiPoint"",""coordinates"":[]}",-8.579043365539107,-17.157605137869545,-9.51401010197771,-17.687763569921632
1_1_1_1_1_1_1_1_1_1_1_2_480_0_1_1_1_1_1_1_1_1_1_1_1_2_480_0,0.3088,0.313,0.2389,0.2413,0.0674,0.057,0.0866,0.0796,0.1202,0.1104,0.185,0.1812,4,4,-0.56196254,-0.5944982,0.2507088,0.26669365,0.21231979,0.24279836,-0.3622975,-0.38957056,20.141082069479584,73.8800989960776,480.0,Nashik,1,"{""type"":""MultiPoint"",""coordinates"":[]}",-10.72568972443894,-21.90796254462822,-10.928643026256905,-20.27948035904288
1_1_1_1_1_1_1_1_1_1_1_2_481_0_1_1_1_1_1_1_1_1_1_1_1_2_481_0,0.17975,0.1638,0.13695,0.0983,0.05545,0.0418,0.07305,0.067,0.08355,0.0602,0.1587,0.2686,4,4,-0.4220728,-0.41941074,0.0621953,-0.24236818,0.31021672,0.63381994,-0.3695793,-0.60071516,19.94812394645071,73.90543148708977,481.0,Nashik,1,"{""type"":""MultiPoint"",""coordinates"":[]}",-10.052172333022234,-17.65497087600982,-8.769164162307604,-15.639657320099271
1_1_1_1_1_1_1_1_1_1_1_2_482_0_1_1_1_1_1_1_1_1_1_1_1_2_482_0,0.2138,0.169,0.1641,0.1096,0.0634,0.0442,0.0878,0.0754,0.1078,0.0717,0.2674,0.2564,4,4,-0.41777188,-0.38297874,-0.1113882,-0.2054537,0.42537314,0.56293815,-0.5056306,-0.54550934,20.015856918873325,73.87973966996395,482.0,Nashik,1,"{""type"":""MultiPoint"",""coordinates"":[]}",-11.488716788271711,-18.042860984390067,-10.169095779999171,-16.679552607686123
1_1_1_1_1_1_1_1_1_1_1_2_483_0_1_1_1_1_1_1_1_1_1_1_1_2_483_0,0.1232,0.16105,0.0868,0.1174,0.0436,0.05065,0.0574,0.0726,0.0647,0.0861,0.2052,0.2278,4,4,-0.36434108,-0.37855768,-0.2496955,-0.17166002,0.5205632,0.45141765,-0.5628332,-0.5166445,19.88407406669299,73.88503973014026,483.0,Nashik,1,"{""type"":""MultiPoint"",""coordinates"":[]}",-8.897838130351062,-18.591854947924844,-9.140538473105854,-19.215022661206557
1_1_1_1_1_1_1_1_1_1_1_2_484_0_1_1_1_1_1_1_1_1_1_1_1_2_484_0,0.1639,0.1972,0.1122,0.138,0.0444,0.0543,0.0638,0.0742,0.0686,0.0788,0.2322,0.2412,4,4,-0.43961352,-0.45320562,-0.1724312,-0.10036496,0.54388297,0.5075,-0.56891894,-0.52948636,20.072001624130795,73.92079267844821,484.0,Nashik,1,"{""type"":""MultiPoint"",""coordinates"":[]}",-10.261501233177635,-17.363246649490012,-9.129265264716132,-17.80685449784474
1_1_1_1_1_1_1_1_1_1_1_2_485_0_1_1_1_1_1_1_1_1_1_1_1_2_485_0,0.2457,0.2341,0.1995,0.191,0.0802,0.0673,0.0993,0.0908,0.1317,0.1224,0.1979,0.1737,4,4,-0.42434782,-0.44105878,0.10775474,0.14811182,0.20084952,0.17325228,-0.33176312,-0.31342155,19.92090499334189,73.68750019916237,485.0,Nashik,1,"{""type"":""MultiPoint"",""coordinates"":[]}",-7.9020480304391105,-15.118853060710686,-7.4079071774964085,-14.409928293054776
1_1_1_1_1_1_1_1_1_1_1_2_486_0_1_1_1_1_1_1_1_1_1_1_1_2_486_0,0.29435,0.2775,0.2052,0.18635,0.05915,0.05245,0.0843,0.07285,0.1204,0.1033,0.2253,0.204,5,1,-0.55473393,-0.58413017,0.1328779,0.15264797,0.3034423,0.3276928,-0.45542637,-0.47372222,20.086105174091472,73.71642595131102,486.0,Nashik,1,"{""type"":""MultiPoint"",""coordinates"":[]}",-4.881991792961894,-13.263350998819497,-5.784947769532197,-11.807034266831987
1_1_1_1_1_1_1_1_1_1_1_2_487_0_1_1_1_1_1_1_1_1_1_1_1_2_487_0,0.2937,0.3226,0.2228,0.244,0.0828,0.0918,0.1068,0.1252,0.1521,0.182,0.213,0.2412,4,4,-0.46666667,-0.4408218,0.15926583,0.14437744,0.16680361,0.13988657,-0.33208254,-0.3165939,19.93330174426274,73.902646709709,487.0,Nashik,1,"{""type"":""MultiPoint"",""coordinates"":[]}",-9.49062107999664,-18.827113803078667,-10.035495444379595,-19.616588048376997
1_1_1_1_1_1_1_1_1_1_1_2_488_0_1_1_1_1_1_1_1_1_1_1_1_2_488_0,0.2767,0.2637,0.2088,0.2007,0.0654,0.06065,0.0852,0.0798,0.1208,0.1155,0.2128,0.1977,4,4,-0.5291517,-0.5353712,0.13054137,0.1430429,0.27577937,0.2624521,-0.4281879,-0.42486486,19.850117748953277,73.71974971786227,488.0,Nashik,1,"{""type"":""MultiPoint"",""coordinates"":[]}",-12.621675214594463,-18.949979422813218,-10.996064316667844,-17.544293799434115
1_1_1_1_1_1_1_1_1_1_1_2_489_0_1_1_1_1_1_1_1_1_1_1_1_2_489_0,0.1194,0.185,0.0903,0.1404,0.0502,0.0524,0.0586,0.0785,0.07,0.0776,0.1624,0.241,4,4,-0.34157303,-0.40417457,-0.15259048,-0.13145539,0.39759037,0.5128688,-0.46968326,-0.5086072,19.979295486809654,73.92393678194263,489.0,Nashik,1,"{""type"":""MultiPoint"",""coordinates"":[]}",-9.882448924032195,-16.012437265547447,-9.388707738393908,-16.304445683978834
1_1_1_1_1_1_1_1_1_1_1_2_490_0_1_1_1_1_1_1_1_1_1_1_1_2_490_0,0.3322,0.3654,0.2596,0.283,0.09,0.0976,0.1135,0.1346,0.1631,0.193,0.2311,0.262,5,5,-0.4906888,-0.4616,0.17947808,0.16480714,0.17250127,0.15164836,-0.34126523,-0.32123047,19.917491395262235,73.80023876731937,490.0,Nashik,1,"{""type"":""MultiPoint"",""coordinates"":[]}",-7.96526848774119,-18.913521066175743,-7.609621786583698,-19.039439887883816
1_1_1_1_1_1_1_1_1_1_1_2_491_0_1_1_1_1_1_1_1_1_1_1_1_2_491_0,0.2369,0.22475,0.1602,0.1607,0.0495,0.0401,0.0666,0.05915,0.0834,0.0716,0.1952,0.1722,1,1,-0.5611203,-0.583304,0.09650544,0.13238443,0.40129218,0.4126333,-0.49121466,-0.48865354,19.85550764065799,73.76565362888077,491.0,Nashik,1,"{""type"":""MultiPoint"",""coordinates"":[]}",-9.390776490337782,-14.565827799419468,-8.818140352759885,-14.687546192795718
1_1_1_1_1_1_1_1_1_1_1_2_492_0_1_1_1_1_1_1_1_1_1_1_1_2_492_0,0.2339,0.2207,0.2,0.1937,0.0913,0.0986,0.113,0.1188,0.1256,0.1342,0.1907,0.183,6,6,-0.34851542,-0.30014727,0.10174282,0.09338618,0.20581727,0.15384616,-0.2558446,-0.21272366,19.97642087790048,73.82341530164966,492.0,Nashik,1,"{""type"":""MultiPoint"",""coordinates"":[]}",-4.238310922642624,-16.947968442958576,-5.541521996015257,-15.861010875453394
1_1_1_1_1_1_1_1_1_1_1_2_493_0_1_1_1_1_1_1_1_1_1_1_1_2_493_0,0.1785,0.1338,0.1169,0.0847,0.0618,0.042,0.0786,0.0554,0.0843,0.0565,0.2676,0.198,4,4,-0.38856477,-0.41437632,-0.199731,-0.19349006,0.5208866,0.5559921,-0.5459272,-0.56274664,20.034182550669364,73.92869785294846,493.0,Nashik,1,"{""type"":""MultiPoint"",""coordinates"":[]}",-9.724013273758151,-19.69638416852182,-4.6722077240338695,-18.037863834362597
1_1_1_1_1_1_1_1_1_1_1_2_494_0_1_1_1_1_1_1_1_1_1_1_1_2_494_0,0.195,0.148,0.1336,0.1079,0.0986,0.035,0.1276,0.0607,0.135,0.0648,0.2468,0.2544,4,4,-0.20892747,-0.4183038,-0.117247626,-0.2644135,0.29282346,0.59398496,-0.31837606,-0.6147255,20.03993176848773,73.74966361682344,494.0,Nashik,1,"{""type"":""MultiPoint"",""coordinates"":[]}",-6.0420959250916155,-16.940303714617755,-7.8165207183338765,-15.938032380177237
1_1_1_1_1_1_1_1_1_1_1_2_495_0_1_1_1_1_1_1_1_1_1_1_1_2_495_0,0.2496,0.2393,0.2133,0.2098,0.0871,0.0876,0.108,0.1064,0.1466,0.1372,0.1998,0.19,6,6,-0.39597315,-0.38443738,0.11081442,0.11483811,0.15357968,0.16136919,-0.2982456,-0.2820513,20.05664043277235,73.79790314758067,495.0,Nashik,1,"{""type"":""MultiPoint"",""coordinates"":[]}",-0.27829302475258066,-17.965180588199296,2.0949564884992453,-16.723662238196386
1_1_1_1_1_1_1_1_1_1_1_2_496_0_1_1_1_1_1_1_1_1_1_1_1_2_496_0,0.1972,0.2305,0.1076,0.1154,0.0448,0.0431,0.0675,0.0916,0.041,0.0503,0.3588,0.4144,4,4,-0.48998865,-0.43123254,-0.29064748,-0.28516048,0.79489744,0.7835162,-0.6833216,-0.63794464,20.12661919340526,73.90111957372599,496.0,Nashik,1,"{""type"":""MultiPoint"",""coordinates"":[]}",-9.41231418109369,-15.819959523456408,-8.012607784095758,-15.511804905784699
1_1_1_1_1_1_1_1_1_1_1_2_497_0_1_1_1_1_1_1_1_1_1_1_1_2_497_0,0.15415,0.1845,0.1296,0.1141,0.0585,0.044,0.0761,0.0703,0.0829,0.0614,0.1619,0.2944,4,4,-0.33897936,-0.44819465,-0.024521437,-0.22948423,0.32271242,0.6548623,-0.3605042,-0.61447763,19.93204410286497,73.71229370100407,497.0,Nashik,1,"{""type"":""MultiPoint"",""coordinates"":[]}",-11.905858157766184,-19.460576278579993,-10.100408594863971,-19.12415901964809
1_1_1_1_1_1_1_1_1_1_1_2_498_0_1_1_1_1_1_1_1_1_1_1_1_2_498_0,0.2107,0.2308,0.1716,0.1893,0.0544,0.0675,0.072,0.098,0.0802,0.1158,0.2392,0.2314,6,6,-0.4906261,-0.40389293,-0.063347414,-0.0012981393,0.4978084,0.3329493,-0.5372751,-0.40497875,19.997082129435228,73.92178082526074,498.0,Nashik,1,"{""type"":""MultiPoint"",""coordinates"":[]}",-9.377352791160469,-16.61422289764993,-9.129937617601437,-17.00162485132346
1_1_1_1_1_1_1_1_1_1_1_2_499_0_1_1_1_1_1_1_1_1_1_1_1_2_499_0,0.28715,0.312,0.22685,0.2424,0.08435,0.08,0.111,0.1102,0.1532,0.157,0.225,0.2406,4,4,-0.4424212,-0.47797254,0.12135117,0.12920739,0.18984663,0.21026157,-0.3392857,-0.37172177,19.913359144955287,73.79960994662049,499.0,Nashik,1,"{""type"":""MultiPoint"",""coordinates"":[]}",-14.260199291065181,-21.722067272776513,-12.307643383094291,-18.30168682455465
1_1_1_1_1_1_1_1_1_1_2_0_0_1_1_1_1_1_1_1_1_1_1_2_0_0,0.15025,0.1925,0.11945,0.1318,0.064,0.0562,0.0787,0.0788,0.0774,0.0841,0.1668,0.2072,6,6,-0.31251365,-0.41909325,-0.052199967,-0.036777582,0.36609337,0.4225884,-0.35885948,-0.44895104,18.499590550807984,73.85198172768466,500.0,Pune,2,"{""type"":""MultiPoint"",""coordinates"":[]}",-7.040043429289829,-13.54827407094998,-7.526036618281619,-14.113891490809374
1_1_1_1_1_1_1_1_1_1_2_1_0_1_1_1_1_1_1_1_1_1_1_2_1_0,0.16985,0.1708,0.1172,0.1224,0.05975,0.0488,0.0738,0.0736,0.08195,0.0816,0.1984,0.2235,4,4,-0.39421302,-0.39770868,-0.07752885,-0.13365458,0.41537365,0.4650934,-0.45775166,-0.5045439,18.6161918746867,74.03056680616761,501.0,Pune,2,"{""type"":""MultiPoint"",""coordinates"":[]}",-9.197829432624621,-16.363816490686865,-9.053228682908028,-16.492329990184597
1_1_1_1_1_1_1_1_1_1_2_2_0_1_1_1_1_1_1_1_1_1_1_2_2_0,0.18335,0.2027,0.1556,0.1642,0.0837,0.0712,0.0979,0.0879,0.1142,0.1036,0.14755,0.162,4,5,-0.30382222,-0.39504474,0.108189784,0.11159857,0.12741165,0.21987952,-0.20228152,-0.2965186,18.44515264459034,73.7635875037273,502.0,Pune,2,"{""type"":""MultiPoint"",""coordinates"":[]}",-10.311745350989831,-19.88425678427242,-10.531127068554987,-19.697933431068314
1_1_1_1_1_1_1_1_1_1_2_3_0_1_1_1_1_1_1_1_1_1_1_2_3_0,0.21555,0.2262,0.16695,0.2085,0.08535,0.1504,0.1047,0.1736,0.1237,0.1976,0.20155,0.2176,6,6,-0.34613582,-0.13156578,0.033565093,0.019378098,0.23935434,0.048169557,-0.3162449,-0.112474434,18.586008481140283,73.8267390682009,503.0,Pune,2,"{""type"":""MultiPoint"",""coordinates"":[]}",-8.392197068050788,-15.039113425048292,-6.096294513093577,-12.066806499413039
1_1_1_1_1_1_1_1_1_1_2_4_0_1_1_1_1_1_1_1_1_1_1_2_4_0,0.2677,0.299,0.19185,0.2081,0.07715,0.0606,0.0941,0.0804,0.1198,0.1118,0.20765,0.221,1,1,-0.4798231,-0.5761729,0.12632796,0.15,0.26828524,0.328125,-0.3763049,-0.4664897,18.6034357976522,73.68453575872478,504.0,Pune,2,"{""type"":""MultiPoint"",""coordinates"":[]}",-11.184575857175172,-17.36861226400727,-10.552921365483217,-16.79919326336289
1_1_1_1_1_1_1_1_1_1_2_5_0_1_1_1_1_1_1_1_1_1_1_2_5_0,0.3104,0.2704,0.22395,0.2233,0.07255,0.0722,0.09205,0.0881,0.1322,0.1198,0.2051,0.1688,5,5,-0.5425519,-0.50850767,0.2042677,0.2313297,0.21612808,0.16978517,-0.3804476,-0.31413,18.395835135492177,73.90067041608394,505.0,Pune,2,"{""type"":""MultiPoint"",""coordinates"":[]}",-10.61616167235194,-21.187726562216106,-9.921342734728524,-18.708739023027224
1_1_1_1_1_1_1_1_1_1_2_6_0_1_1_1_1_1_1_1_1_1_1_2_6_0,0.17845,0.2282,0.1588,0.1913,0.0898,0.1066,0.1044,0.1302,0.1203,0.147,0.152,0.2026,6,6,-0.26179954,-0.2734375,0.08004237,0.059424326,0.11641572,0.1590389,-0.18564743,-0.21754807,18.64996852936959,73.74436355664714,506.0,Pune,2,"{""type"":""MultiPoint"",""coordinates"":[]}",-6.164857453409916,-16.459672929039797,-1.842876284601549,-13.138067798683275
1_1_1_1_1_1_1_1_1_1_2_7_0_1_1_1_1_1_1_1_1_1_1_2_7_0,0.2873,0.2994,0.2041,0.2187,0.0631,0.0674,0.08255,0.0888,0.1168,0.1282,0.2057,0.2209,5,5,-0.5536028,-0.5425039,0.16551724,0.1508745,0.2756589,0.26553997,-0.4272333,-0.4265418,18.380473944133737,73.7049275156743,507.0,Pune,2,"{""type"":""MultiPoint"",""coordinates"":[]}",-11.439308946145188,-17.44378822195766,-10.2226710174795,-16.882160592280268
1_1_1_1_1_1_1_1_1_1_2_8_0_1_1_1_1_1_1_1_1_1_1_2_8_0,0.24505,0.2321,0.161,0.1899,0.0712,0.0652,0.0949,0.084,0.1001,0.1122,0.2347,0.1672,4,6,-0.4416826,-0.4685226,0.021573735,0.16253443,0.40203106,0.19685039,-0.4241505,-0.3312102,18.57531852925926,73.98861548239924,508.0,Pune,2,"{""type"":""MultiPoint"",""coordinates"":[]}",-11.400772725232997,-17.622600809911827,-11.013508184187458,-19.104533504495794
1_1_1_1_1_1_1_1_1_1_2_9_0_1_1_1_1_1_1_1_1_1_1_2_9_0,0.16595,0.1914,0.13685,0.1661,0.07185,0.1016,0.08985,0.1216,0.1028,0.1424,0.1547,0.1837,6,6,-0.29749805,-0.2230032,0.035084985,0.02052786,0.2015534,0.12664826,-0.26518095,-0.20340648,18.66973146562022,73.98358491680817,509.0,Pune,2,"{""type"":""MultiPoint"",""coordinates"":[]}",-6.2091821646891665,-15.562371533211113,-5.969778308559053,-16.14125168017468
1_1_1_1_1_1_1_1_1_1_2_10_0_1_1_1_1_1_1_1_1_1_1_2_10_0,0.1874,0.2105,0.17805,0.2,0.0946,0.0982,0.113,0.107,0.129,0.1626,0.14775,0.1866,6,6,-0.24766977,-0.32598424,0.118305236,0.060186353,0.06775068,0.06872852,-0.13326941,-0.27111718,18.445781465289222,73.85575465187796,510.0,Pune,2,"{""type"":""MultiPoint"",""coordinates"":[]}",-2.3637760527039084,-9.243514543716767,0.09802297405415154,-8.91193377483281
1_1_1_1_1_1_1_1_1_1_2_11_0_1_1_1_1_1_1_1_1_1_1_2_11_0,0.16795,0.2111,0.12885,0.1978,0.0562,0.1012,0.0695,0.1094,0.0674,0.1284,0.143,0.1466,6,6,-0.4146136,-0.31731668,0.08023798,0.1803187,0.3593156,0.066181816,-0.34588236,-0.1453125,18.68401467863772,73.81694743160399,511.0,Pune,2,"{""type"":""MultiPoint"",""coordinates"":[]}",-5.257629206294235,-16.438600764438384,-2.0437966547716395,-15.72496074265295
1_1_1_1_1_1_1_1_1_1_2_12_0_1_1_1_1_1_1_1_1_1_1_2_12_0,0.149,0.175,0.1447,0.1544,0.0959,0.1416,0.1129,0.161,0.1254,0.1864,0.139,0.2046,6,6,-0.13783887,-0.041666668,0.034722224,-0.077976815,0.051437218,0.046547316,-0.10361254,-0.11925602,18.464196928613674,73.85791060855985,512.0,Pune,2,"{""type"":""MultiPoint"",""coordinates"":[]}",-5.487299559751722,-11.638489387684068,-6.983513757425869,-13.50264207720497
1_1_1_1_1_1_1_1_1_1_2_13_0_1_1_1_1_1_1_1_1_1_1_2_13_0,0.2103,0.2331,0.1505,0.1876,0.124,0.1354,0.1496,0.1618,0.1812,0.1904,0.2331,0.2484,6,6,-0.16865796,-0.18055204,-0.051420838,-0.0317757,0.12527154,0.13217866,-0.21818657,-0.21111652,18.605142596692023,73.82206782872348,513.0,Pune,2,"{""type"":""MultiPoint"",""coordinates"":[]}",-6.259456618461038,-16.686162284206006,-2.008214973523725,-14.262768673241652
1_1_1_1_1_1_1_1_1_1_2_14_0_1_1_1_1_1_1_1_1_1_1_2_14_0,0.2187,0.2419,0.1397,0.1716,0.0591,0.0449,0.0763,0.0669,0.0882,0.0948,0.2113,0.19,1,1,-0.48271185,-0.5667098,0.017209303,0.120166704,0.41101837,0.33426967,-0.46940196,-0.47917476,18.408681044055086,73.7981726421659,514.0,Pune,2,"{""type"":""MultiPoint"",""coordinates"":[]}",-8.843062224376096,-15.53758232790393,-8.349712286294995,-15.608852465699742
1_1_1_1_1_1_1_1_1_1_2_15_0_1_1_1_1_1_1_1_1_1_1_2_15_0,0.2586,0.2498,0.2309,0.1779,0.124,0.0665,0.1603,0.0925,0.1946,0.1226,0.23285,0.2004,6,6,-0.2346622,-0.45953843,0.05239597,0.10972901,0.08948415,0.24086687,-0.18453516,-0.3683851,18.55339963632674,73.7808351571824,515.0,Pune,2,"{""type"":""MultiPoint"",""coordinates"":[]}",-4.8216447106221825,-13.105699264459938,-0.04478714416493155,-8.854833692771106
1_1_1_1_1_1_1_1_1_1_2_16_0_1_1_1_1_1_1_1_1_1_1_2_16_0,0.23405,0.224,0.16395,0.1827,0.0585,0.0479,0.0701,0.0609,0.09555,0.0822,0.182,0.1447,1,1,-0.53904325,-0.5724816,0.12510516,0.21508001,0.3114754,0.27545175,-0.44387147,-0.40758756,18.397092776889945,73.7418482738516,516.0,Pune,2,"{""type"":""MultiPoint"",""coordinates"":[]}",-7.374580752976941,-13.529135314768192,-6.829841532201369,-14.378796458805581
1_1_1_1_1_1_1_1_1_1_2_17_0_1_1_1_1_1_1_1_1_1_1_2_17_0,0.3342,0.2175,0.2471,0.1882,0.0669,0.0421,0.08835,0.0577,0.1286,0.0848,0.1954,0.1225,5,5,-0.58182466,-0.5806686,0.2620846,0.27941176,0.20617284,0.18186204,-0.37726873,-0.35960045,18.40140469025372,73.66073040369561,517.0,Pune,2,"{""type"":""MultiPoint"",""coordinates"":[]}",-10.197105886274425,-19.013619429376078,-9.333000366405656,-17.152627372439667
1_1_1_1_1_1_1_1_1_1_2_18_0_1_1_1_1_1_1_1_1_1_1_2_18_0,0.20295,0.2372,0.1735,0.217,0.0868,0.102,0.10185,0.1242,0.1133,0.1414,0.16975,0.1971,6,6,-0.3316929,-0.31267294,0.089079686,0.09233249,0.19943473,0.16454948,-0.25,-0.22689076,18.6237377230733,73.75128058433486,518.0,Pune,2,"{""type"":""MultiPoint"",""coordinates"":[]}",-8.8456203383124,-15.577869775140208,-4.941065678483877,-10.112069533925254
1_1_1_1_1_1_1_1_1_1_2_19_0_1_1_1_1_1_1_1_1_1_1_2_19_0,0.01575,0.0112,0.01125,0.0106,0.0484,0.0458,0.05155,0.053,0.0385,0.0281,0.0256,0.0106,0,0,0.5319465,0.6510903,-0.2382104,0.027522936,-0.20124805,-0.4521964,0.33635774,0.6666667,18.429252464061424,73.76403666136936,519.0,Pune,2,"{""type"":""MultiPoint"",""coordinates"":[]}",-22.224214121081598,-29.307187236592345,-21.186516873995714,-29.41005042200804
1_1_1_1_1_1_1_1_1_1_2_20_0_1_1_1_1_1_1_1_1_1_1_2_20_0,0.18755,0.2227,0.1141,0.1532,0.03715,0.0422,0.0616,0.0636,0.05625,0.0789,0.2016,0.2003,1,1,-0.50551873,-0.5557108,-0.03610433,0.052955084,0.56369984,0.43481377,-0.5319149,-0.51799923,18.456022259528183,73.68363744344066,520.0,Pune,2,"{""type"":""MultiPoint"",""coordinates"":[]}",-5.239657014790313,-11.48547125706112,-5.614509833414041,-11.961734999938521
1_1_1_1_1_1_1_1_1_1_2_21_0_1_1_1_1_1_1_1_1_1_1_2_21_0,0.16325,0.1838,0.11495,0.1292,0.057,0.0554,0.07835,0.0795,0.07675,0.0718,0.2012,0.264,4,6,-0.3514073,-0.3961261,-0.10412951,-0.17909782,0.4477424,0.5723645,-0.43945625,-0.5371179,18.661107638892677,73.89599917660651,521.0,Pune,2,"{""type"":""MultiPoint"",""coordinates"":[]}",-9.301357153192003,-17.75411911695114,-5.862567972754009,-15.601346784806513
1_1_1_1_1_1_1_1_1_1_2_22_0_1_1_1_1_1_1_1_1_1_1_2_22_0,0.3003,0.2861,0.2236,0.2202,0.08235,0.078,0.1059,0.0987,0.1499,0.135,0.2076,0.1878,4,5,-0.47858196,-0.48700625,0.18251625,0.20742773,0.1613986,0.16356878,-0.32440192,-0.31099477,18.69227917925162,73.95816259426759,522.0,Pune,2,"{""type"":""MultiPoint"",""coordinates"":[]}",-9.402551248898295,-20.59073706861276,-8.184414354826428,-17.039993018097764
1_1_1_1_1_1_1_1_1_1_2_23_0_1_1_1_1_1_1_1_1_1_1_2_23_0,0.1859,0.2318,0.16485,0.2013,0.0688,0.1176,0.08255,0.1452,0.1052,0.182,0.1407,0.2056,6,6,-0.3849879,-0.22970822,0.1383956,0.059899405,0.14436764,0.06088751,-0.26047033,-0.17217788,18.559148854145107,73.69908846632751,523.0,Pune,2,"{""type"":""MultiPoint"",""coordinates"":[]}",-9.699440672944423,-18.33044934058227,-11.661485457088682,-19.563037762868568
1_1_1_1_1_1_1_1_1_1_2_24_0_1_1_1_1_1_1_1_1_1_1_2_24_0,0.15295,0.1625,0.0905,0.102,0.05325,0.0492,0.06815,0.0634,0.056,0.0553,0.23165,0.216,6,6,-0.38353688,-0.43868968,-0.20462818,-0.14134742,0.6106379,0.5923332,-0.5453636,-0.54617035,18.54217069527525,73.88890248586198,524.0,Pune,2,"{""type"":""MultiPoint"",""coordinates"":[]}",-7.826904508347789,-12.866679583723208,-7.680743187764806,-12.77790304502513
1_1_1_1_1_1_1_1_1_1_2_25_0_1_1_1_1_1_1_1_1_1_1_2_25_0,0.1876,0.2025,0.1489,0.171,0.06135,0.0676,0.08235,0.0824,0.0845,0.0998,0.16805,0.1818,6,6,-0.389887,-0.42155144,0.054969773,0.05386417,0.33082557,0.2911932,-0.3422524,-0.37623012,18.74123736223613,73.77921818967097,525.0,Pune,2,"{""type"":""MultiPoint"",""coordinates"":[]}",-5.893570043531855,-13.5993023936521,-7.312640059616179,-15.892297403083816
1_1_1_1_1_1_1_1_1_1_2_26_0_1_1_1_1_1_1_1_1_1_1_2_26_0,0.2615,0.2638,0.1807,0.2017,0.06955,0.0778,0.0934,0.1034,0.1396,0.1454,0.19575,0.1888,5,5,-0.47365454,-0.43681917,0.14379442,0.16570924,0.167437,0.12986235,-0.35396853,-0.29226556,18.391613053656812,73.99247823812095,526.0,Pune,2,"{""type"":""MultiPoint"",""coordinates"":[]}",-11.643601815752584,-20.866904450702375,-11.485194756243386,-21.716293221617263
1_1_1_1_1_1_1_1_1_1_2_27_0_1_1_1_1_1_1_1_1_1_1_2_27_0,0.0195,0.0151,0.0149,0.0129,0.051,0.0482,0.05375,0.0566,0.04025,0.0278,0.0322,0.0156,0,0,0.4675768,0.57880056,-0.24564797,-0.016286645,-0.11111111,-0.281106,0.25072718,0.56786704,18.44048140511292,73.76241969385794,527.0,Pune,2,"{""type"":""MultiPoint"",""coordinates"":[]}",-19.94728861646797,-29.638354799604386,-20.24044848390038,-27.52688475373935
1_1_1_1_1_1_1_1_1_1_2_28_0_1_1_1_1_1_1_1_1_1_1_2_28_0,0.23495,0.2787,0.19785,0.2218,0.066,0.0708,0.07795,0.0937,0.0967,0.1276,0.1703,0.21,5,5,-0.50175774,-0.49677765,0.15953115,0.14057705,0.27565542,0.24407583,-0.37200403,-0.3829437,18.624007217658537,73.8823447842879,528.0,Pune,2,"{""type"":""MultiPoint"",""coordinates"":[]}",-8.728331848287032,-14.63369214731092,-8.7153102973817,-15.48243916651236
1_1_1_1_1_1_1_1_1_1_2_29_0_1_1_1_1_1_1_1_1_1_1_2_29_0,0.2105,0.249,0.1767,0.2036,0.0611,0.0711,0.075,0.0862,0.0908,0.1144,0.1555,0.1716,1,1,-0.47460595,-0.4856802,0.15027322,0.18402283,0.26268777,0.2,-0.34924078,-0.33126456,18.573432067162607,73.80589815360932,529.0,Pune,2,"{""type"":""MultiPoint"",""coordinates"":[]}",-10.180148838805183,-14.755384425563648,-9.7686024801947,-16.31829769888236
1_1_1_1_1_1_1_1_1_1_2_30_0_1_1_1_1_1_1_1_1_1_1_2_30_0,0.20005,0.2116,0.16495,0.1675,0.078,0.0732,0.085,0.089,0.101,0.11,0.15205,0.1587,4,6,-0.4036134,-0.40785095,0.13632491,0.14285715,0.20173879,0.18124302,-0.28285173,-0.2813888,18.567323523230595,73.7891894893247,530.0,Pune,2,"{""type"":""MultiPoint"",""coordinates"":[]}",-12.077500350845845,-17.785510101198025,-11.124896182520976,-19.41428351315232
1_1_1_1_1_1_1_1_1_1_2_31_0_1_1_1_1_1_1_1_1_1_1_2_31_0,0.1387,0.1471,0.09545,0.1145,0.05695,0.0604,0.07055,0.0882,0.0728,0.0952,0.2223,0.226,0,4,-0.325687,-0.25031874,-0.23157895,-0.21147145,0.50660795,0.40722293,-0.51818335,-0.43857417,18.46886816809109,74.04278389403164,531.0,Pune,2,"{""type"":""MultiPoint"",""coordinates"":[]}",-9.497745627725484,-16.55134816615232,-10.109670261534243,-16.723696097058628
1_1_1_1_1_1_1_1_1_1_2_32_0_1_1_1_1_1_1_1_1_1_1_2_32_0,0.16405,0.1573,0.1455,0.1399,0.09745,0.0844,0.1135,0.1008,0.127,0.1154,0.14355,0.134,6,6,-0.18212935,-0.2189074,0.066645,0.07998627,0.06117169,0.07457899,-0.11690333,-0.14139694,18.59508146550989,73.8943822090951,532.0,Pune,2,"{""type"":""MultiPoint"",""coordinates"":[]}",-6.479406705480757,-16.593149322549213,-7.908550155074753,-14.727537508751853
1_1_1_1_1_1_1_1_1_1_2_33_0_1_1_1_1_1_1_1_1_1_1_2_33_0,0.277,0.2551,0.20785,0.2055,0.074,0.0712,0.103,0.0934,0.1514,0.1314,0.1945,0.1695,5,5,-0.45789474,-0.4639885,0.17497349,0.2016015,0.12460249,0.12662014,-0.30756304,-0.28946367,18.41110649532221,73.99301722729142,533.0,Pune,2,"{""type"":""MultiPoint"",""coordinates"":[]}",-11.04393410333105,-17.95394097815714,-9.230665381189313,-19.13016617243668
1_1_1_1_1_1_1_1_1_1_2_34_0_1_1_1_1_1_1_1_1_1_1_2_34_0,0.19705,0.2159,0.1382,0.1638,0.06405,0.0658,0.07915,0.0938,0.07315,0.1015,0.1946,0.2142,6,6,-0.4268646,-0.3942525,0.0062555852,0.0039525693,0.45359477,0.35698447,-0.42173517,-0.3909091,18.594452644811007,73.74157877926636,534.0,Pune,2,"{""type"":""MultiPoint"",""coordinates"":[]}",-4.509226668397498,-11.965642276127056,-6.595061023223465,-13.389810237431242
1_1_1_1_1_1_1_1_1_1_2_35_0_1_1_1_1_1_1_1_1_1_1_2_35_0,0.1604,0.2194,0.11595,0.135,0.06645,0.0509,0.0803,0.0773,0.0974,0.0768,0.15085,0.237,4,4,-0.3327794,-0.47893494,0.030682731,-0.038562663,0.21530715,0.5105162,-0.30521306,-0.50811327,18.54073339082066,73.71921072869179,535.0,Pune,2,"{""type"":""MultiPoint"",""coordinates"":[]}",-11.023499933510836,-16.052873400143586,-10.018342909237383,-16.341041525576216
1_1_1_1_1_1_1_1_1_1_2_36_0_1_1_1_1_1_1_1_1_1_1_2_36_0,0.2148,0.2139,0.1836,0.1776,0.0913,0.1238,0.1141,0.1476,0.1385,0.1556,0.18925,0.1951,6,6,-0.3061721,-0.1834025,0.06323475,0.04596577,0.15484363,0.11263188,-0.24773364,-0.13860519,18.51513140522325,73.94289123443755,536.0,Pune,2,"{""type"":""MultiPoint"",""coordinates"":[]}",-3.8437252755340454,-15.965110118770887,-3.26982293509758,-12.222702849319099
1_1_1_1_1_1_1_1_1_1_2_37_0_1_1_1_1_1_1_1_1_1_1_2_37_0,0.22755,0.2089,0.17785,0.1788,0.0669,0.0487,0.07855,0.0588,0.0958,0.0764,0.15615,0.1202,5,5,-0.48676902,-0.56070226,0.18608288,0.26952294,0.23953165,0.22278738,-0.33063486,-0.34301677,18.548548733792497,73.82557125833155,537.0,Pune,2,"{""type"":""MultiPoint"",""coordinates"":[]}",-8.523194102144497,-15.233329945992827,-8.08524019186321,-13.775064956804883
1_1_1_1_1_1_1_1_1_1_2_38_0_1_1_1_1_1_1_1_1_1_1_2_38_0,0.23595,0.2615,0.18125,0.2005,0.05655,0.06,0.0712,0.0778,0.09445,0.1078,0.1495,0.1682,5,5,-0.53638285,-0.5414088,0.22428331,0.21712823,0.225661,0.21884058,-0.35478026,-0.36747968,18.6853621515639,73.94432853889215,538.0,Pune,2,"{""type"":""MultiPoint"",""coordinates"":[]}",-8.45010554253636,-14.682623719145461,-6.509529333804085,-12.924370332040782
1_1_1_1_1_1_1_1_1_1_2_39_0_1_1_1_1_1_1_1_1_1_1_2_39_0,0.27375,0.292,0.18315,0.2197,0.0843,0.085,0.1117,0.111,0.153,0.1582,0.259,0.2319,1,1,-0.4204177,-0.44913152,0.027686533,0.11471655,0.25728154,0.18892592,-0.39735636,-0.35258093,18.425120213754475,74.03559737175868,539.0,Pune,2,"{""type"":""MultiPoint"",""coordinates"":[]}",-11.302972481650118,-15.720273990957754,-12.145845008556872,-17.665854120178068
1_1_1_1_1_1_1_1_1_1_2_40_0_1_1_1_1_1_1_1_1_1_1_2_40_0,0.21965,0.223,0.1931,0.1898,0.09305,0.0853,0.1117,0.1038,0.1322,0.1168,0.18685,0.2057,6,6,-0.32578844,-0.36474907,0.080688804,0.04035456,0.17128977,0.2756589,-0.25171664,-0.3292407,18.512616122427715,73.96687625252355,540.0,Pune,2,"{""type"":""MultiPoint"",""coordinates"":[]}",-6.478370233581381,-14.969908105685834,-5.689821257125631,-12.753518180558006
1_1_1_1_1_1_1_1_1_1_2_41_0_1_1_1_1_1_1_1_1_1_1_2_41_0,0.16525,0.1919,0.1263,0.1383,0.05445,0.0541,0.06825,0.07,0.0755,0.0812,0.1331,0.185,4,4,-0.41541755,-0.46544483,0.10775934,0.018307243,0.27612656,0.3899324,-0.322076,-0.4509804,18.654370274261776,73.96624743182466,541.0,Pune,2,"{""type"":""MultiPoint"",""coordinates"":[]}",-10.59123126890107,-16.8469473725633,-9.682590512346284,-16.599365465939822
1_1_1_1_1_1_1_1_1_1_2_42_0_1_1_1_1_1_1_1_1_1_1_2_42_0,0.1509,0.1561,0.11585,0.1223,0.0481,0.0524,0.0668,0.0739,0.08615,0.1036,0.1322,0.1323,4,4,-0.38631144,-0.3573913,0.0660544,0.08252427,0.21089993,0.12166172,-0.3286432,-0.28322017,18.375712873127902,74.02975832241191,542.0,Pune,2,"{""type"":""MultiPoint"",""coordinates"":[]}",-12.386874269228592,-20.048954346133968,-10.589947132283509,-19.736417837116573
1_1_1_1_1_1_1_1_1_1_2_43_0_1_1_1_1_1_1_1_1_1_1_2_43_0,0.25215,0.2621,0.1948,0.1998,0.07225,0.0678,0.1016,0.098,0.1438,0.1352,0.2437,0.2041,5,6,-0.42558303,-0.45570675,0.017041445,0.12441012,0.25780645,0.20306513,-0.4115262,-0.3512082,18.36053134482628,73.91657059661286,543.0,Pune,2,"{""type"":""MultiPoint"",""coordinates"":[]}",-9.96274717634046,-18.469988074125965,-8.557123735226869,-18.776225527666277
1_1_1_1_1_1_1_1_1_1_2_44_0_1_1_1_1_1_1_1_1_1_1_2_44_0,0.16585,0.199,0.1301,0.1537,0.0562,0.0677,0.0673,0.0916,0.07865,0.1172,0.1466,0.1853,1,4,-0.42268926,-0.36958018,0.061609857,0.035649233,0.30166483,0.22512397,-0.37073398,-0.3383893,18.482702223466536,73.68884767208856,544.0,Pune,2,"{""type"":""MultiPoint"",""coordinates"":[]}",-11.126359581142012,-19.664116308890172,-11.828289956855645,-20.394395156714822
1_1_1_1_1_1_1_1_1_1_2_45_0_1_1_1_1_1_1_1_1_1_1_2_45_0,0.26965,0.2842,0.2035,0.223,0.05845,0.0709,0.08505,0.1001,0.1207,0.1492,0.1905,0.2035,4,6,-0.5204398,-0.4790528,0.17200913,0.16547057,0.22429305,0.1539552,-0.38268918,-0.34057972,18.35307532796809,74.00631229349639,545.0,Pune,2,"{""type"":""MultiPoint"",""coordinates"":[]}",-11.374658326234854,-19.636939458506248,-12.365744736446377,-20.129362166487308
1_1_1_1_1_1_1_1_1_1_2_46_0_1_1_1_1_1_1_1_1_1_1_2_46_0,0.1685,0.1714,0.0941,0.1249,0.05145,0.0486,0.0771,0.0684,0.0676,0.0824,0.2134,0.2416,1,6,-0.37214983,-0.4295246,-0.11757004,-0.16997579,0.51886123,0.491358,-0.46919104,-0.5587097,18.710874305632892,73.8425494172014,546.0,Pune,2,"{""type"":""MultiPoint"",""coordinates"":[]}",-9.547729908675286,-15.368112602673754,-9.018762348939664,-16.093261802104387
1_1_1_1_1_1_1_1_1_1_2_47_0_1_1_1_1_1_1_1_1_1_1_2_47_0,0.1963,0.1883,0.16865,0.1826,0.0938,0.0864,0.1063,0.0888,0.1255,0.0982,0.13735,0.1115,6,6,-0.29742235,-0.35907614,0.17668216,0.25617078,0.045082748,0.06342394,-0.12743689,-0.11333001,18.6117002982661,73.77652324381862,547.0,Pune,2,"{""type"":""MultiPoint"",""coordinates"":[]}",-10.482037067249797,-20.220212003352785,-7.94618746393224,-18.406911084953755
1_1_1_1_1_1_1_1_1_1_2_48_0_1_1_1_1_1_1_1_1_1_1_2_48_0,0.22835,0.2747,0.1397,0.191,0.05935,0.0658,0.0722,0.0907,0.0704,0.111,0.23025,0.2348,1,1,-0.5195475,-0.50355774,-0.004143044,0.07831207,0.53168136,0.3580104,-0.5225657,-0.44270355,18.371400959764127,73.72442095733969,548.0,Pune,2,"{""type"":""MultiPoint"",""coordinates"":[]}",-11.617308809271584,-17.433380532063513,-11.392004099265803,-17.338611715918425
1_1_1_1_1_1_1_1_1_1_2_49_0_1_1_1_1_1_1_1_1_1_1_2_49_0,0.1999,0.2257,0.14655,0.1607,0.0613,0.057,0.0813,0.0841,0.0924,0.1134,0.208,0.2534,4,4,-0.42176387,-0.45706907,-0.019857809,-0.05781674,0.38482025,0.3816794,-0.43795368,-0.50162965,18.67925360763189,73.9184570587095,549.0,Pune,2,"{""type"":""MultiPoint"",""coordinates"":[]}",-11.836204585348645,-19.346852845730307,-10.979619018507075,-18.276507874619703
1_1_1_1_1_1_1_1_1_1_2_50_0_1_1_1_1_1_1_1_1_1_1_2_50_0,0.1943,0.2209,0.18,0.21,0.1181,0.1588,0.138,0.1572,0.1601,0.1632,0.184,0.2027,6,6,-0.16942522,-0.16847394,0.027227068,0.042965062,0.069456555,0.10795299,-0.14285715,-0.126424,18.60810703712962,73.77284015115373,550.0,Pune,2,"{""type"":""MultiPoint"",""coordinates"":[]}",4.618458796455132,-7.585609906978123,4.203786346115315,-13.401611722777613
1_1_1_1_1_1_1_1_1_1_2_51_0_1_1_1_1_1_1_1_1_1_1_2_51_0,0.2296,0.2467,0.19045,0.2024,0.08285,0.0782,0.10535,0.103,0.1385,0.1362,0.19405,0.1836,4,4,-0.37095088,-0.41092366,0.08391361,0.14664188,0.16704255,0.14821763,-0.2962592,-0.28122818,18.53893676025242,73.97567974230792,551.0,Pune,2,"{""type"":""MultiPoint"",""coordinates"":[]}",-11.50139447680904,-19.07253734775842,-11.107037218904756,-17.475957911677003
1_1_1_1_1_1_1_1_1_1_2_52_0_1_1_1_1_1_1_1_1_1_1_2_52_0,0.25095,0.2299,0.19045,0.1985,0.07615,0.1164,0.0889,0.1466,0.10315,0.1842,0.1916,0.2242,1,6,-0.476828,-0.22124834,0.13410914,0.012552301,0.30008483,0.097943194,-0.3661319,-0.20927724,18.640895544999985,73.75873660119305,552.0,Pune,2,"{""type"":""MultiPoint"",""coordinates"":[]}",-8.524694074402749,-15.683462128354538,-5.920963584906108,-13.77171566293979
1_1_1_1_1_1_1_1_1_1_2_53_0_1_1_1_1_1_1_1_1_1_1_2_53_0,0.1364,0.1507,0.09915,0.1193,0.0653,0.0758,0.0755,0.0905,0.0795,0.1156,0.1325,0.17,6,6,-0.2873997,-0.2495854,0.014503533,-0.060180854,0.25,0.1904762,-0.27403846,-0.30518234,18.558520033446225,73.78335043997792,553.0,Pune,2,"{""type"":""MultiPoint"",""coordinates"":[]}",-8.392063442767823,-16.043983030267775,-8.89228697269121,-16.765965416206818
1_1_1_1_1_1_1_1_1_1_2_54_0_1_1_1_1_1_1_1_1_1_1_2_54_0,0.2425,0.2813,0.16085,0.2031,0.0608,0.0596,0.0776,0.0802,0.0924,0.1188,0.22265,0.2169,1,1,-0.5151515,-0.55629325,0.042674407,0.12926535,0.41342643,0.2922252,-0.4830974,-0.46011445,18.402752163179898,73.80149640871714,554.0,Pune,2,"{""type"":""MultiPoint"",""coordinates"":[]}",-9.760351659948196,-15.180283779037982,-8.348427271841897,-16.25171334854911
1_1_1_1_1_1_1_1_1_1_2_55_0_1_1_1_1_1_1_1_1_1_1_2_55_0,0.2674,0.2204,0.21265,0.1258,0.0862,0.0536,0.1055,0.0878,0.1407,0.0691,0.21465,0.322,4,4,-0.43416464,-0.4302401,0.10942848,-0.18731563,0.20810468,0.6466377,-0.34093395,-0.5714983,18.48297171805177,73.99373587951872,555.0,Pune,2,"{""type"":""MultiPoint"",""coordinates"":[]}",-12.156303542527198,-21.290794423449025,-13.826978342263391,-23.66597096100581
1_1_1_1_1_1_1_1_1_1_2_56_0_1_1_1_1_1_1_1_1_1_1_2_56_0,0.0182,0.0138,0.01295,0.0122,0.04805,0.0442,0.0495,0.0556,0.03695,0.0313,0.0294,0.0154,0,0,0.46233383,0.6023055,-0.23529412,-0.05479452,-0.113790505,-0.3404711,0.25475284,0.56619716,18.42988128476031,73.75181957350533,556.0,Pune,2,"{""type"":""MultiPoint"",""coordinates"":[]}",-21.28055518766007,-29.118843776772835,-21.82493044243558,-31.329053299523828
1_1_1_1_1_1_1_1_1_1_2_57_0_1_1_1_1_1_1_1_1_1_1_2_57_0,0.1394,0.1472,0.08935,0.1035,0.063,0.0512,0.07625,0.066,0.0725,0.0574,0.19615,0.2094,6,6,-0.29283562,-0.38086304,-0.16912532,-0.17442513,0.4602643,0.56971514,-0.44016153,-0.5206972,18.565437061133945,73.80580832208092,557.0,Pune,2,"{""type"":""MultiPoint"",""coordinates"":[]}",-6.034801889401487,-13.390541969002673,-6.519076068511284,-13.520629430185142
1_1_1_1_1_1_1_1_1_1_2_58_0_1_1_1_1_1_1_1_1_1_1_2_58_0,0.2268,0.2198,0.14705,0.1501,0.06125,0.0431,0.08,0.058,0.08655,0.0612,0.2039,0.1974,4,4,-0.4784876,-0.5824334,0.053169258,0.053691275,0.40402824,0.52668214,-0.43642128,-0.5458105,18.70503525628612,73.99517318397331,558.0,Pune,2,"{""type"":""MultiPoint"",""coordinates"":[]}",-8.409781150059198,-15.269787002944577,-9.366667006061176,-15.909945692886245
1_1_1_1_1_1_1_1_1_1_2_59_0_1_1_1_1_1_1_1_1_1_1_2_59_0,0.2353,0.2,0.19425,0.1599,0.1158,0.0918,0.1543,0.113,0.1874,0.1258,0.2233,0.1808,6,6,-0.20790555,-0.27795526,0.026166594,0.05042017,0.08741174,0.17938682,-0.18273304,-0.23076923,18.520341633871144,73.76304851455683,559.0,Pune,2,"{""type"":""MultiPoint"",""coordinates"":[]}",-11.132505786070197,-20.14207209543717,-10.455742249396337,-16.75218408931139
1_1_1_1_1_1_1_1_1_1_2_60_0_1_1_1_1_1_1_1_1_1_1_2_60_0,0.2133,0.1476,0.12535,0.0833,0.05605,0.0348,0.08825,0.0613,0.07255,0.0382,0.3656,0.3748,4,4,-0.41469076,-0.41311634,-0.26308516,-0.43491578,0.66883487,0.8150121,-0.61110497,-0.71887183,18.72866094825846,74.01206151131476,560.0,Pune,2,"{""type"":""MultiPoint"",""coordinates"":[]}",-11.809316385878091,-17.748406536475546,-12.099855439373385,-19.0214009902838
1_1_1_1_1_1_1_1_1_1_2_61_0_1_1_1_1_1_1_1_1_1_1_2_61_0,0.161,0.189,0.13795,0.1558,0.06305,0.1046,0.0759,0.1244,0.0862,0.1378,0.1222,0.1946,4,6,-0.3592233,-0.20612636,0.13700566,-0.01459854,0.17274472,0.17087846,-0.23372035,-0.2200627,18.65122617076736,73.95870158343806,561.0,Pune,2,"{""type"":""MultiPoint"",""coordinates"":[]}",-11.600618871610902,-18.679929717939743,-6.28179647129941,-19.50851949791945
1_1_1_1_1_1_1_1_1_1_2_62_0_1_1_1_1_1_1_1_1_1_1_2_62_0,0.2826,0.254,0.21945,0.209,0.0794,0.0794,0.0959,0.1088,0.1291,0.152,0.191,0.1936,4,5,-0.4932629,-0.4002205,0.19341215,0.1349419,0.19337706,0.12037037,-0.3314744,-0.28042328,18.63433784342591,73.90435350874883,562.0,Pune,2,"{""type"":""MultiPoint"",""coordinates"":[]}",-11.68691040376164,-19.005578016536397,-6.515710260136024,-15.921665052173356
1_1_1_1_1_1_1_1_1_1_2_63_0_1_1_1_1_1_1_1_1_1_1_2_63_0,0.30895,0.305,0.2228,0.2206,0.0739,0.0668,0.0998,0.0939,0.1481,0.144,0.2384,0.2118,5,5,-0.511682,-0.5292053,0.12889376,0.18034056,0.23363519,0.1905565,-0.40981668,-0.38567224,18.394487662566,73.90677896001596,563.0,Pune,2,"{""type"":""MultiPoint"",""coordinates"":[]}",-12.57171568724521,-19.41278554938456,-11.784036271413425,-18.465384011411782
1_1_1_1_1_1_1_1_1_1_2_64_0_1_1_1_1_1_1_1_1_1_1_2_64_0,0.12555,0.1545,0.07785,0.106,0.0555,0.0461,0.0714,0.0588,0.0682,0.0611,0.16875,0.1552,1,1,-0.27494287,-0.44866386,-0.14678898,-0.002260252,0.42435113,0.43504393,-0.40537164,-0.4504673,18.729828758127816,73.65426253364996,564.0,Pune,2,"{""type"":""MultiPoint"",""coordinates"":[]}",-9.107737560400064,-16.07620073172519,-9.164047663771914,-15.723504900253495
1_1_1_1_1_1_1_1_1_1_2_65_0_1_1_1_1_1_1_1_1_1_1_2_65_0,0.2427,0.2355,0.2104,0.22,0.1323,0.1366,0.1618,0.1674,0.19,0.2008,0.2319,0.2316,6,6,-0.2,-0.16902457,0.022756005,0.00834939,0.09931263,0.071230344,-0.17805436,-0.16090226,18.69308766300733,73.80437101762632,565.0,Pune,2,"{""type"":""MultiPoint"",""coordinates"":[]}",-5.747475014858844,-17.268420856797505,-2.479742334626599,-13.296985738054673
1_1_1_1_1_1_1_1_1_1_2_66_0_1_1_1_1_1_1_1_1_1_1_2_66_0,0.2315,0.2428,0.1785,0.1924,0.09475,0.0906,0.1149,0.1152,0.1342,0.144,0.224,0.2184,6,6,-0.33660507,-0.35642457,0.016465422,0.052905463,0.25069794,0.205298,-0.32192388,-0.30935252,18.471563113943454,73.7756249285345,566.0,Pune,2,"{""type"":""MultiPoint"",""coordinates"":[]}",-13.311588611928757,-19.447442412486915,-13.73532890532351,-20.16028802965545
1_1_1_1_1_1_1_1_1_1_2_67_0_1_1_1_1_1_1_1_1_1_1_2_67_0,0.1909,0.2684,0.1437,0.1924,0.0654,0.0667,0.08405,0.0963,0.0912,0.1302,0.1701,0.216,6,6,-0.3886161,-0.4718947,0.057617728,0.10817506,0.30195177,0.24783362,-0.33857957,-0.3832853,18.735667807474595,73.65004045181459,567.0,Pune,2,"{""type"":""MultiPoint"",""coordinates"":[]}",-9.838452047555057,-16.307077269652638,-9.378240488671395,-16.23292569039662
1_1_1_1_1_1_1_1_1_1_2_68_0_1_1_1_1_1_1_1_1_1_1_2_68_0,0.1896,0.2116,0.1421,0.1573,0.0616,0.0504,0.07445,0.0688,0.081,0.0822,0.1945,0.1715,6,6,-0.43609166,-0.50927246,-0.012757095,0.10467241,0.41197821,0.35199055,-0.4463655,-0.42738244,18.501926170546696,73.76915705848884,568.0,Pune,2,"{""type"":""MultiPoint"",""coordinates"":[]}",-8.202485987742902,-13.535149750796165,-6.601165249009126,-13.959379920330496
1_1_1_1_1_1_1_1_1_1_2_69_0_1_1_1_1_1_1_1_1_1_1_2_69_0,0.241,0.23,0.2108,0.1735,0.18,0.1298,0.2079,0.136,0.2515,0.1416,0.2798,0.1649,6,6,-0.073735796,-0.2568306,-0.07450077,0.16485186,0.053265575,0.07601958,-0.1474267,-0.096045196,18.51450258452437,73.69414773226485,569.0,Pune,2,"{""type"":""MultiPoint"",""coordinates"":[]}",1.5085121716502314,-11.37032159588114,-0.3108407763530118,-11.639049062853779
1_1_1_1_1_1_1_1_1_1_2_70_0_1_1_1_1_1_1_1_1_1_1_2_70_0,0.17415,0.1388,0.12405,0.1037,0.06035,0.0506,0.0835,0.0728,0.08145,0.0809,0.24585,0.1972,1,4,-0.35183388,-0.31190926,-0.17071429,-0.17380953,0.5022915,0.4181949,-0.49294063,-0.46074075,18.420538805805467,73.7516399104485,570.0,Pune,2,"{""type"":""MultiPoint"",""coordinates"":[]}",-11.501940417543402,-19.149499092604444,-11.788217601684469,-17.836539808468196
1_1_1_1_1_1_1_1_1_1_2_71_0_1_1_1_1_1_1_1_1_1_1_2_71_0,0.15455,0.1623,0.0935,0.0964,0.05315,0.0371,0.0688,0.0571,0.06135,0.0502,0.18065,0.2246,1,1,-0.38392657,-0.4794895,-0.07786396,-0.16102353,0.4929752,0.6346434,-0.44838646,-0.5946042,18.64188369181252,73.77697240146068,571.0,Pune,2,"{""type"":""MultiPoint"",""coordinates"":[]}",-8.565292732617504,-14.042627641779761,-7.699163720619573,-14.605956708176425
1_1_1_1_1_1_1_1_1_1_2_72_0_1_1_1_1_1_1_1_1_1_1_2_72_0,0.2119,0.219,0.1751,0.1951,0.0956,0.1166,0.125,0.1456,0.1476,0.172,0.1969,0.22,6,6,-0.25794005,-0.2013165,0.03669276,-0.0022779044,0.14310595,0.12244898,-0.2233613,-0.20350109,18.58322370375951,73.97406277479651,572.0,Pune,2,"{""type"":""MultiPoint"",""coordinates"":[]}",-5.809572537006986,0.4196872229828179,-6.304449414615439,0.062175617760133715
1_1_1_1_1_1_1_1_1_1_2_73_0_1_1_1_1_1_1_1_1_1_1_2_73_0,0.14695,0.1978,0.11855,0.1599,0.06425,0.1106,0.06765,0.1428,0.07765,0.1542,0.11095,0.1936,4,6,-0.3695247,-0.16147974,0.13958898,0.01073071,0.17656416,0.11328349,-0.2424412,-0.1510107,18.6320022236872,73.95474899618793,573.0,Pune,2,"{""type"":""MultiPoint"",""coordinates"":[]}",-10.28082914941459,-16.784425014381906,-12.329638502316095,-21.28796579984122
1_1_1_1_1_1_1_1_1_1_2_74_0_1_1_1_1_1_1_1_1_1_1_2_74_0,0.17615,0.1851,0.1444,0.1373,0.05805,0.0481,0.0769,0.067,0.09365,0.0734,0.14315,0.1746,4,4,-0.39221498,-0.46846488,0.10335108,0.029190993,0.20903715,0.4080645,-0.30106795,-0.44536424,18.67700781942159,74.04422119848624,574.0,Pune,2,"{""type"":""MultiPoint"",""coordinates"":[]}",-11.733864551427462,-17.40429846123893,-12.502675888539642,-18.22774163527904
1_1_1_1_1_1_1_1_1_1_2_75_0_1_1_1_1_1_1_1_1_1_1_2_75_0,0.0329,0.0352,0.02295,0.0251,0.04895,0.0308,0.05525,0.0406,0.04505,0.0299,0.04895,0.0311,0,0,0.2535451,0.071240105,-0.19609042,0.06184012,0.041489363,0.019672131,0.060460653,0.1324965,18.537229961212592,73.67393563837217,575.0,Pune,2,"{""type"":""MultiPoint"",""coordinates"":[]}",-20.44964083482008,-26.715355396492523,-20.233315634359336,-25.30466229806509
1_1_1_1_1_1_1_1_1_1_2_76_0_1_1_1_1_1_1_1_1_1_1_2_76_0,0.2389,0.2349,0.1874,0.1751,0.06925,0.0593,0.0866,0.0766,0.1093,0.0935,0.17735,0.1855,4,6,-0.46789554,-0.5081862,0.14786787,0.11750714,0.23739752,0.3297491,-0.34381512,-0.41549027,18.539835075536537,74.04026861123612,576.0,Pune,2,"{""type"":""MultiPoint"",""coordinates"":[]}",-10.156357368949799,-18.23899259233344,-9.446248844671574,-17.04378531111248
1_1_1_1_1_1_1_1_1_1_2_77_0_1_1_1_1_1_1_1_1_1_1_2_77_0,0.1856,0.1551,0.1603,0.1298,0.09365,0.0732,0.1076,0.0802,0.1254,0.0877,0.14245,0.1104,6,6,-0.26603,-0.31831706,0.13153483,0.16836159,0.06365503,0.11458859,-0.13937213,-0.15844701,18.678534955404597,73.73771602354465,577.0,Pune,2,"{""type"":""MultiPoint"",""coordinates"":[]}",-9.968892484802955,-19.290631289171927,-10.29189446992781,-18.25276035017866
1_1_1_1_1_1_1_1_1_1_2_78_0_1_1_1_1_1_1_1_1_1_1_2_78_0,0.2963,0.2857,0.2293,0.2263,0.0854,0.0774,0.1066,0.0994,0.1418,0.1378,0.2451,0.2238,4,4,-0.47083643,-0.48377046,0.09456963,0.121491656,0.26699406,0.23783186,-0.39380154,-0.384901,18.67808579776253,73.94648449557403,578.0,Pune,2,"{""type"":""MultiPoint"",""coordinates"":[]}",-12.944923072195829,-20.53757602411679,-12.115382973796645,-19.306806304003246
1_1_1_1_1_1_1_1_1_1_2_79_0_1_1_1_1_1_1_1_1_1_1_2_79_0,0.0743,0.0526,0.0512,0.0313,0.0738,0.0317,0.0888,0.0398,0.08265,0.0288,0.1072,0.0476,0,0,0.08890251,-0.13852814,-0.18126722,0.0499002,0.12931262,0.2460733,-0.093877554,-0.08924485,18.683835015580897,74.00011391803596,579.0,Pune,2,"{""type"":""MultiPoint"",""coordinates"":[]}",-15.720848044836062,-22.0478241770553,-17.23668083233566,-23.170134760793587
1_1_1_1_1_1_1_1_1_1_2_80_0_1_1_1_1_1_1_1_1_1_1_2_80_0,0.2234,0.1576,0.16395,0.1199,0.0827,0.0485,0.1014,0.0642,0.1153,0.0764,0.2128,0.1236,4,4,-0.37561578,-0.42110008,0.02430078,0.120910384,0.2971655,0.236,-0.35455126,-0.31629393,18.66793483505198,73.6974714988161,580.0,Pune,2,"{""type"":""MultiPoint"",""coordinates"":[]}",-12.452204333288808,-19.72055545019547,-10.31385647987774,-16.962685366793153
1_1_1_1_1_1_1_1_1_1_2_81_0_1_1_1_1_1_1_1_1_1_1_2_81_0,0.25735,0.2324,0.2271,0.1998,0.0881,0.1028,0.106,0.1284,0.1359,0.1572,0.1881,0.1861,6,6,-0.41654053,-0.28824833,0.15546077,0.11063322,0.16111112,0.08418293,-0.27915674,-0.18346582,18.49249386006344,73.79116578294976,581.0,Pune,2,"{""type"":""MultiPoint"",""coordinates"":[]}",-10.239192433807357,-15.316800150561496,-9.36948108731816,-14.25254504763557
1_1_1_1_1_1_1_1_1_1_2_82_0_1_1_1_1_1_1_1_1_1_1_2_82_0,0.1982,0.1827,0.13975,0.1494,0.06325,0.0772,0.0815,0.098,0.0957,0.1086,0.17805,0.166,6,6,-0.41723275,-0.30174562,0.053554818,0.047892172,0.30082193,0.20903131,-0.37199,-0.25757575,18.44003224747086,73.83257811754768,582.0,Pune,2,"{""type"":""MultiPoint"",""coordinates"":[]}",-10.376840082830727,-15.60962744355175,-9.169103913067856,-13.54686828350397
1_1_1_1_1_1_1_1_1_1_2_83_0_1_1_1_1_1_1_1_1_1_1_2_83_0,0.2211,0.2443,0.17725,0.1859,0.074,0.0636,0.09755,0.0894,0.1201,0.1182,0.18255,0.199,6,6,-0.3877295,-0.46418938,0.09550353,0.10218813,0.20634396,0.25472888,-0.30346304,-0.38002774,18.498332909410216,73.76673160722171,583.0,Pune,2,"{""type"":""MultiPoint"",""coordinates"":[]}",-10.97392983582484,-16.966217620597504,-8.570286910951996,-15.305029389271274
1_1_1_1_1_1_1_1_1_1_2_84_0_1_1_1_1_1_1_1_1_1_1_2_84_0,0.16215,0.2204,0.12635,0.1635,0.05215,0.063,0.0657,0.0878,0.08895,0.118,0.1547,0.1929,4,4,-0.4233048,-0.4302401,0.023512702,0.066537626,0.2698543,0.24091348,-0.40381125,-0.3744211,18.35954319801375,73.83194929684879,584.0,Pune,2,"{""type"":""MultiPoint"",""coordinates"":[]}",-11.326160065237328,-18.045419483169248,-10.766883219547942,-20.055702010528634
1_1_1_1_1_1_1_1_1_1_2_85_0_1_1_1_1_1_1_1_1_1_1_2_85_0,0.27465,0.1787,0.2232,0.1517,0.08265,0.0904,0.09995,0.116,0.145,0.1382,0.19985,0.153,5,7,-0.46636412,-0.21275873,0.15763962,0.07747965,0.15905467,0.050824177,-0.33322215,-0.13754646,18.725696507820867,73.78038599954033,585.0,Pune,2,"{""type"":""MultiPoint"",""coordinates"":[]}",-10.283343545730386,-21.440226255032528,-6.993509798684618,-17.88538706268468
1_1_1_1_1_1_1_1_1_1_2_86_0_1_1_1_1_1_1_1_1_1_1_2_86_0,0.25955,0.2787,0.1987,0.2208,0.07275,0.0787,0.0899,0.105,0.1169,0.1316,0.21945,0.2228,4,6,-0.48547718,-0.45269743,0.08371607,0.1114656,0.30489075,0.25733635,-0.4187813,-0.35936546,18.55968784331558,73.84012396593428,586.0,Pune,2,"{""type"":""MultiPoint"",""coordinates"":[]}",-12.426839977646694,-16.754975483549686,-11.837649830326637,-17.54034244786355
1_1_1_1_1_1_1_1_1_1_2_87_0_1_1_1_1_1_1_1_1_1_1_2_87_0,0.2088,0.2213,0.1549,0.1611,0.07315,0.0602,0.0943,0.0786,0.10195,0.0894,0.2005,0.2054,6,6,-0.37776312,-0.47582528,0.020278525,0.037262715,0.32583898,0.3934871,-0.36024424,-0.44647887,18.585649155026637,73.84227992261617,587.0,Pune,2,"{""type"":""MultiPoint"",""coordinates"":[]}",-7.864558141550524,-12.843289051258411,-8.050904449649241,-14.797404584721807
1_1_1_1_1_1_1_1_1_1_2_88_0_1_1_1_1_1_1_1_1_1_1_2_88_0,0.13275,0.1387,0.0859,0.0956,0.05105,0.0413,0.06445,0.0626,0.05175,0.059,0.18015,0.187,6,6,-0.34634888,-0.37804273,-0.1514861,-0.14829598,0.5536869,0.5203252,-0.47301716,-0.49839744,18.509382187404885,73.88297360498679,588.0,Pune,2,"{""type"":""MultiPoint"",""coordinates"":[]}",-8.149773463288225,-13.653974529761818,-6.103319831472805,-12.880888934418277
1_1_1_1_1_1_1_1_1_1_2_89_0_1_1_1_1_1_1_1_1_1_1_2_89_0,0.2861,0.2647,0.21995,0.2163,0.07935,0.086,0.1059,0.1134,0.1425,0.1466,0.21275,0.2078,5,6,-0.45969388,-0.40015867,0.14703819,0.12042328,0.19774806,0.17268623,-0.3353209,-0.2938979,18.428982969476188,73.96885254614861,589.0,Pune,2,"{""type"":""MultiPoint"",""coordinates"":[]}",-12.219067639460551,-19.165254104199988,-11.703980005136525,-18.571871128126045
1_1_1_1_1_1_1_1_1_1_2_90_0_1_1_1_1_1_1_1_1_1_1_2_90_0,0.18515,0.1972,0.1157,0.13,0.0611,0.0428,0.0795,0.0644,0.0763,0.0616,0.1834,0.2142,1,1,-0.3992065,-0.50764525,0.004748338,-0.041322313,0.41239893,0.5532995,-0.39520732,-0.53768843,18.73315252467906,73.77544526547767,590.0,Pune,2,"{""type"":""MultiPoint"",""coordinates"":[]}",-7.5869893700895314,-13.46946732817866,-7.275409458793286,-12.838862727131644
1_1_1_1_1_1_1_1_1_1_2_91_0_1_1_1_1_1_1_1_1_1_1_2_91_0,0.1697,0.2008,0.12435,0.1504,0.0625,0.057,0.08015,0.0742,0.0889,0.0858,0.16915,0.1845,4,4,-0.35841504,-0.46036363,0.001623137,0.0423047,0.31098625,0.36514983,-0.3569996,-0.42636257,18.64933970867071,73.89698732341904,591.0,Pune,2,"{""type"":""MultiPoint"",""coordinates"":[]}",-11.019332955865961,-16.762318973874024,-11.6449106354378,-17.684458849021112
1_1_1_1_1_1_1_1_1_1_2_92_0_1_1_1_1_1_1_1_1_1_1_2_92_0,0.0305,0.15,0.02075,0.0729,0.0459,0.0448,0.0647,0.0914,0.05095,0.0461,0.04955,0.5416,0,4,0.3592437,-0.24275061,-0.23797627,-0.56622326,-0.013930349,0.84311724,0.13260394,-0.71121645,18.73611696511665,73.7672705963922,592.0,Pune,2,"{""type"":""MultiPoint"",""coordinates"":[]}",-19.94963683537019,-26.23816224850036,-16.988056692401695,-24.14164487279431
1_1_1_1_1_1_1_1_1_1_2_93_0_1_1_1_1_1_1_1_1_1_1_2_93_0,0.2131,0.1953,0.1462,0.1337,0.0628,0.0625,0.0857,0.0924,0.0887,0.0918,0.21075,0.234,4,4,-0.42637214,-0.35766423,0.0055444143,-0.09014675,0.40758055,0.4364641,-0.42182493,-0.43382353,18.705304750871356,73.80401169151267,593.0,Pune,2,"{""type"":""MultiPoint"",""coordinates"":[]}",-10.17917825828217,-18.294170969698893,-9.939745101177577,-18.44223657179309
1_1_1_1_1_1_1_1_1_1_2_94_0_1_1_1_1_1_1_1_1_1_1_2_94_0,0.22925,0.2311,0.17575,0.1897,0.05865,0.0683,0.07675,0.089,0.1155,0.1236,0.16675,0.1621,5,5,-0.498366,-0.44392377,0.15782829,0.17548321,0.18157661,0.13475674,-0.36960986,-0.29111907,18.39179271671364,74.00092240179167,594.0,Pune,2,"{""type"":""MultiPoint"",""coordinates"":[]}",-7.27661188911351,-17.732043075099398,-5.203314406122052,-17.792951778128142
1_1_1_1_1_1_1_1_1_1_2_95_0_1_1_1_1_1_1_1_1_1_1_2_95_0,0.16605,0.1883,0.1037,0.1419,0.0532,0.0522,0.0739,0.0752,0.0663,0.0782,0.27235,0.2898,4,4,-0.38403833,-0.42922202,-0.24247263,-0.21229868,0.6084453,0.575,-0.5731408,-0.5879452,18.46716136905127,74.04601782905448,595.0,Pune,2,"{""type"":""MultiPoint"",""coordinates"":[]}",-10.141044889540131,-19.61503236393758,-10.513690858638045,-18.777081850404763
1_1_1_1_1_1_1_1_1_1_2_96_0_1_1_1_1_1_1_1_1_1_1_2_96_0,0.1912,0.1818,0.16745,0.1592,0.09485,0.0788,0.108,0.0916,0.1197,0.1056,0.1813,0.1626,6,6,-0.27807486,-0.32991952,0.026577182,0.05574913,0.20465116,0.21252796,-0.2533702,-0.27930763,18.529684112825983,73.82350513317807,596.0,Pune,2,"{""type"":""MultiPoint"",""coordinates"":[]}",-5.096729271441328,-10.534537531470093,-5.679978319232007,-11.193572260278803
1_1_1_1_1_1_1_1_1_1_2_97_0_1_1_1_1_1_1_1_1_1_1_2_97_0,0.19155,0.1737,0.16605,0.1463,0.0929,0.0856,0.1087,0.1046,0.1228,0.1108,0.1779,0.1769,6,6,-0.27593672,-0.2482932,0.036946815,-0.009127211,0.1832391,0.22975321,-0.2414515,-0.25683835,18.517197530376727,73.93247077714177,597.0,Pune,2,"{""type"":""MultiPoint"",""coordinates"":[]}",-2.5412683429445093,-12.344351370491985,-3.511231078779751,-11.332827180392291
1_1_1_1_1_1_1_1_1_1_2_98_0_1_1_1_1_1_1_1_1_1_1_2_98_0,0.2785,0.2905,0.2038,0.2265,0.07925,0.0799,0.1074,0.1036,0.1568,0.1464,0.2072,0.1942,4,5,-0.4433791,-0.4742451,0.14679843,0.1986796,0.13846155,0.14034058,-0.31722823,-0.30423102,18.38855878169081,73.97289496492715,598.0,Pune,2,"{""type"":""MultiPoint"",""coordinates"":[]}",-11.165301375415211,-21.419177575995626,-11.949066024136588,-20.105624989906833
1_1_1_1_1_1_1_1_1_1_2_99_0_1_1_1_1_1_1_1_1_1_1_2_99_0,0.2229,0.1786,0.1562,0.1615,0.07555,0.0858,0.0942,0.1004,0.0909,0.1396,0.30715,0.1872,6,6,-0.40586567,-0.28028673,-0.15894727,-0.023510115,0.54327345,0.14565483,-0.5305843,-0.30180806,18.678534955404597,73.85871909231555,599.0,Pune,2,"{""type"":""MultiPoint"",""coordinates"":[]}",-1.2870221450492378,-15.234986268152221,0.416406113673932,-13.717719688626868
1_1_1_1_1_1_1_1_1_1_2_100_0_1_1_1_1_1_1_1_1_1_1_2_100_0,0.16135,0.1908,0.09645,0.1411,0.0516,0.051,0.0602,0.0711,0.0536,0.0766,0.1911,0.2077,1,4,-0.45655608,-0.45704466,-0.08440913,-0.042409033,0.56191254,0.46113262,-0.52089137,-0.48995695,18.54226052680366,73.90354502499312,600.0,Pune,2,"{""type"":""MultiPoint"",""coordinates"":[]}",-7.481821457540201,-12.909785530707707,-7.3220140367425515,-13.575030689046041
1_1_1_1_1_1_1_1_1_1_2_101_0_1_1_1_1_1_1_1_1_1_1_2_101_0,0.226,0.2412,0.2032,0.2201,0.09295,0.0824,0.1156,0.1032,0.1429,0.1288,0.17905,0.1836,6,6,-0.323185,-0.40069687,0.11591162,0.13559322,0.11228452,0.17541613,-0.21534023,-0.28033474,18.46949698878998,73.79978960967732,601.0,Pune,2,"{""type"":""MultiPoint"",""coordinates"":[]}",-7.244849309858912,-12.427651968105408,-6.151156164933557,-11.611528897314166
1_1_1_1_1_1_1_1_1_1_2_102_0_1_1_1_1_1_1_1_1_1_1_2_102_0,0.16975,0.2138,0.12635,0.1565,0.0624,0.0509,0.07575,0.0698,0.09015,0.0848,0.156,0.1691,6,4,-0.38289204,-0.5077574,0.042210285,0.11674067,0.2675198,0.3320205,-0.3462783,-0.41565508,18.40185384789578,73.75029243752233,602.0,Pune,2,"{""type"":""MultiPoint"",""coordinates"":[]}",-8.723774903802097,-15.504873530498614,-8.550483149071068,-15.127792367105936
1_1_1_1_1_1_1_1_1_1_2_103_0_1_1_1_1_1_1_1_1_1_1_2_103_0,0.19545,0.1654,0.15075,0.131,0.06155,0.048,0.0763,0.0646,0.087,0.0788,0.19905,0.2084,5,4,-0.43845445,-0.43826088,-0.009125475,-0.11503478,0.39171472,0.45125347,-0.44579625,-0.52673995,18.670270454790693,74.01673275079217,603.0,Pune,2,"{""type"":""MultiPoint"",""coordinates"":[]}",-8.546819311643478,-17.335502184651922,-8.706095831766147,-18.377875210692654
1_1_1_1_1_1_1_1_1_1_2_104_0_1_1_1_1_1_1_1_1_1_1_2_104_0,0.2111,0.2148,0.16225,0.184,0.07525,0.0935,0.0939,0.116,0.1166,0.1388,0.1839,0.1828,4,6,-0.3842623,-0.2986699,0.06886076,0.0804829,0.22396007,0.13681592,-0.32397407,-0.22356091,18.45494428118724,73.77966734731304,604.0,Pune,2,"{""type"":""MultiPoint"",""coordinates"":[]}",-10.990273900317327,-17.66822394388376,-10.20537962876141,-16.978691132095562
1_1_1_1_1_1_1_1_1_1_2_105_0_1_1_1_1_1_1_1_1_1_1_2_105_0,0.1585,0.1719,0.1188,0.1239,0.05385,0.0403,0.0694,0.0613,0.07685,0.0742,0.1687,0.1858,1,1,-0.39096096,-0.474271,-0.031173594,-0.03885938,0.37405825,0.42923078,-0.41705167,-0.5038446,18.41460992493028,73.69819015104339,605.0,Pune,2,"{""type"":""MultiPoint"",""coordinates"":[]}",-7.547108055813626,-14.562585170970497,-9.032074992990848,-16.007839035602153
1_1_1_1_1_1_1_1_1_1_2_106_0_1_1_1_1_1_1_1_1_1_1_2_106_0,0.2095,0.1803,0.16105,0.1308,0.0725,0.0614,0.09505,0.079,0.1152,0.0988,0.18955,0.1734,6,6,-0.37580037,-0.39066717,0.049993735,0.019508058,0.24397047,0.2740632,-0.332045,-0.37400952,18.66964163409181,74.01349881576935,606.0,Pune,2,"{""type"":""MultiPoint"",""coordinates"":[]}",-8.744050421093485,-17.589032920319433,-11.257131409664998,-18.033711817652947
1_1_1_1_1_1_1_1_1_1_2_107_0_1_1_1_1_1_1_1_1_1_1_2_107_0,0.1753,0.1902,0.12465,0.141,0.06715,0.0453,0.0835,0.0703,0.0871,0.0742,0.18255,0.1997,4,4,-0.35471407,-0.4602687,-0.020259885,-0.024365222,0.35397738,0.45819643,-0.37229845,-0.47925925,18.53040276505328,73.70834111375395,607.0,Pune,2,"{""type"":""MultiPoint"",""coordinates"":[]}",-9.321033823669636,-17.093052501615432,-9.885375960440232,-16.983111095248304
1_1_1_1_1_1_1_1_1_1_2_108_0_1_1_1_1_1_1_1_1_1_1_2_108_0,0.17835,0.1876,0.16715,0.1722,0.079,0.0966,0.0949,0.109,0.1093,0.1208,0.1475,0.1869,6,6,-0.305398,-0.26500338,0.09467547,0.0018691589,0.1487539,0.21481963,-0.2169967,-0.26326463,18.67799596623412,73.8191932198143,608.0,Pune,2,"{""type"":""MultiPoint"",""coordinates"":[]}",3.019888398839638,-9.866828930032334,2.8835854774335754,-8.282189148757496
1_1_1_1_1_1_1_1_1_1_2_109_0_1_1_1_1_1_1_1_1_1_1_2_109_0,0.1809,0.1725,0.1211,0.1146,0.0587,0.0632,0.077,0.0813,0.0784,0.0874,0.2097,0.2427,6,6,-0.40286934,-0.35933807,-0.07373272,-0.16907515,0.45574453,0.47046348,-0.46285316,-0.49814814,18.727942296031166,73.7237921366408,609.0,Pune,2,"{""type"":""MultiPoint"",""coordinates"":[]}",-8.463985938442335,-13.33710365476695,-7.486199990087946,-12.431472340548023
1_1_1_1_1_1_1_1_1_1_2_110_0_1_1_1_1_1_1_1_1_1_1_2_110_0,0.33875,0.2977,0.2485,0.2477,0.0825,0.0932,0.1098,0.1234,0.1682,0.176,0.2584,0.2135,4,5,-0.51042247,-0.41391593,0.1345558,0.16471049,0.21143928,0.09627728,-0.40358502,-0.2674384,18.403380983878783,73.96948136684749,610.0,Pune,2,"{""type"":""MultiPoint"",""coordinates"":[]}",-12.45295647493399,-22.133204868216435,-12.455886031746031,-20.3957214576212
1_1_1_1_1_1_1_1_1_1_2_111_0_1_1_1_1_1_1_1_1_1_1_2_111_0,0.19805,0.2433,0.1559,0.1678,0.0554,0.0422,0.07345,0.0616,0.0919,0.0847,0.20375,0.1858,5,5,-0.45893186,-0.5959331,-0.0141861625,0.1340014,0.37831897,0.3737523,-0.47005773,-0.502021,18.368795845440182,73.83760868313874,611.0,Pune,2,"{""type"":""MultiPoint"",""coordinates"":[]}",-8.625534552209682,-12.916415967367245,-9.955650544648392,-16.630495820071054
1_1_1_1_1_1_1_1_1_1_2_112_0_1_1_1_1_1_1_1_1_1_1_2_112_0,0.16575,0.1734,0.1179,0.1277,0.0634,0.0544,0.0769,0.0688,0.0852,0.0872,0.1802,0.1738,4,4,-0.36616525,-0.43187448,-0.041769043,-0.0011520737,0.35795027,0.33180076,-0.4017892,-0.4328112,18.63882941984651,73.90686879154435,612.0,Pune,2,"{""type"":""MultiPoint"",""coordinates"":[]}",-11.599000674200099,-19.45051134252161,-11.687006791470584,-18.964856551007607
1_1_1_1_1_1_1_1_1_1_2_113_0_1_1_1_1_1_1_1_1_1_1_2_113_0,0.21595,0.2068,0.2054,0.1995,0.1121,0.1244,0.1231,0.1376,0.1409,0.152,0.1798,0.1959,6,6,-0.27385342,-0.20092915,0.09134555,0.027067296,0.121297166,0.12618569,-0.18719049,-0.1748126,18.492404028535027,73.815420295621,613.0,Pune,2,"{""type"":""MultiPoint"",""coordinates"":[]}",-3.922867678415634,-10.848744843974949,-2.6492039118518202,-10.7566221065968
1_1_1_1_1_1_1_1_1_1_2_114_0_1_1_1_1_1_1_1_1_1_1_2_114_0,0.15335,0.1671,0.11355,0.1212,0.06215,0.04,0.0743,0.0588,0.0707,0.0502,0.176,0.2032,6,6,-0.34724358,-0.47941568,-0.068771824,-0.09748852,0.42683423,0.6037885,-0.40631244,-0.551145,18.52707899850204,73.82817637265549,614.0,Pune,2,"{""type"":""MultiPoint"",""coordinates"":[]}",-2.5423838138924726,-13.875695632714656,-0.3171627657871173,-14.124278575944738
1_1_1_1_1_1_1_1_1_1_2_115_0_1_1_1_1_1_1_1_1_1_1_2_115_0,0.3246,0.3193,0.2263,0.2391,0.0667,0.0698,0.0926,0.0888,0.1363,0.1268,0.22005,0.2024,5,5,-0.5560882,-0.56481254,0.19195814,0.22407514,0.23502176,0.22964764,-0.40764433,-0.3901099,18.37086197059365,73.72765489236252,615.0,Pune,2,"{""type"":""MultiPoint"",""coordinates"":[]}",-12.983383118269495,-18.95668026193973,-11.76424176634316,-16.38838330350368
1_1_1_1_1_1_1_1_1_1_2_116_0_1_1_1_1_1_1_1_1_1_1_2_116_0,0.1943,0.194,0.16355,0.1505,0.077,0.062,0.0864,0.0777,0.108,0.0908,0.1538,0.169,1,4,-0.38439617,-0.42804563,0.116345875,0.06887052,0.1749427,0.30100077,-0.2805995,-0.37008512,18.68392484710931,73.65641849033184,616.0,Pune,2,"{""type"":""MultiPoint"",""coordinates"":[]}",-8.78334790750699,-16.80119508045694,-8.13557491927943,-16.674295194404106
1_1_1_1_1_1_1_1_1_1_2_117_0_1_1_1_1_1_1_1_1_1_1_2_117_0,0.181,0.2052,0.16345,0.1974,0.0892,0.105,0.1125,0.1256,0.1333,0.1474,0.157,0.1542,6,6,-0.23339012,-0.24062878,0.07100592,0.14190318,0.081639685,0.02254642,-0.16512059,-0.10221587,18.735577975946185,73.85494616812225,617.0,Pune,2,"{""type"":""MultiPoint"",""coordinates"":[]}",-5.491102655378283,-13.150234590428882,-2.0107888573078103,-13.837130025995318
1_1_1_1_1_1_1_1_1_1_2_118_0_1_1_1_1_1_1_1_1_1_1_2_118_0,0.16155,0.1592,0.1235,0.126,0.09165,0.0901,0.1025,0.1068,0.1085,0.114,0.1727,0.1528,6,6,-0.22363189,-0.19699249,-0.033358265,0.020512821,0.22830726,0.14542729,-0.2550872,-0.17719568,18.524114558064447,73.90345519346471,618.0,Pune,2,"{""type"":""MultiPoint"",""coordinates"":[]}",-6.072908744273197,-14.231751745960757,-6.108856029524365,-15.623719755404519
1_1_1_1_1_1_1_1_1_1_2_119_0_1_1_1_1_1_1_1_1_1_1_2_119_0,0.22725,0.2104,0.212,0.1918,0.0974,0.0977,0.1136,0.1176,0.1329,0.1336,0.1729,0.1792,6,6,-0.33343112,-0.28292683,0.13582407,0.08008213,0.13080445,0.14578006,-0.20698081,-0.20754717,18.709437001178305,73.77697240146068,619.0,Pune,2,"{""type"":""MultiPoint"",""coordinates"":[]}",-0.37780333935936317,-15.241818824965518,-0.6262976847147873,-16.477851083775587
1_1_1_1_1_1_1_1_1_1_2_120_0_1_1_1_1_1_1_1_1_1_1_2_120_0,0.30595,0.2561,0.20615,0.2027,0.076,0.0464,0.0984,0.072,0.12,0.0946,0.25245,0.1974,1,5,-0.51329297,-0.5611094,0.09580945,0.1294377,0.3556182,0.3520548,-0.43907654,-0.46547884,18.36502292124688,73.66674911609921,620.0,Pune,2,"{""type"":""MultiPoint"",""coordinates"":[]}",-14.047110700428826,-20.76446634023712,-14.035086529082763,-20.357478443635326
1_1_1_1_1_1_1_1_1_1_2_121_0_1_1_1_1_1_1_1_1_1_1_2_121_0,0.21825,0.2192,0.1724,0.1607,0.0655,0.0452,0.08595,0.0681,0.1101,0.079,0.1936,0.2078,6,6,-0.43491125,-0.52593106,0.05985189,0.026697893,0.27494237,0.44909343,-0.38508317,-0.5063429,18.412184473663157,73.80383202845586,621.0,Pune,2,"{""type"":""MultiPoint"",""coordinates"":[]}",-10.312851383603,-16.21401359855372,-10.209922108233734,-16.57861755838435
1_1_1_1_1_1_1_1_1_1_2_122_0_1_1_1_1_1_1_1_1_1_1_2_122_0,0.25105,0.2068,0.1805,0.1784,0.05285,0.0487,0.0732,0.0636,0.0961,0.0828,0.18845,0.1346,5,5,-0.54849654,-0.5295858,0.14243458,0.21148214,0.32454753,0.23827048,-0.4404739,-0.358224,18.393230021168232,73.87991933302078,622.0,Pune,2,"{""type"":""MultiPoint"",""coordinates"":[]}",-10.808175741308732,-18.24147047823909,-11.91701671242198,-18.28807038940092
1_1_1_1_1_1_1_1_1_1_2_123_0_1_1_1_1_1_1_1_1_1_1_2_123_0,0.33565,0.295,0.2421,0.2189,0.0801,0.0589,0.1032,0.0777,0.1488,0.1118,0.22515,0.1746,4,5,-0.52967983,-0.5830427,0.19703995,0.25638843,0.20417169,0.21927375,-0.37140247,-0.38406658,18.71895914318997,73.90704845460118,623.0,Pune,2,"{""type"":""MultiPoint"",""coordinates"":[]}",-13.966088925903735,-22.490622742358248,-12.104048188708765,-20.348092997524944
1_1_1_1_1_1_1_1_1_1_2_124_0_1_1_1_1_1_1_1_1_1_1_2_124_0,0.2453,0.2241,0.19425,0.1869,0.0649,0.0634,0.07955,0.074,0.1058,0.0966,0.1551,0.1394,5,5,-0.5102355,-0.50352234,0.22527473,0.23301238,0.18896128,0.18135594,-0.32196888,-0.30646673,18.666317867540567,73.95205405033558,624.0,Pune,2,"{""type"":""MultiPoint"",""coordinates"":[]}",-10.59716272156837,-19.088914864726945,-10.366026415712081,-17.75135876909373
1_1_1_1_1_1_1_1_1_1_2_125_0_1_1_1_1_1_1_1_1_1_1_2_125_0,0.12845,0.1329,0.0788,0.0788,0.0596,0.0341,0.06925,0.048,0.0661,0.0402,0.1645,0.1752,6,6,-0.2994436,-0.46932006,-0.12305854,-0.13729309,0.42671293,0.62674093,-0.40748662,-0.56989247,18.51665854120625,73.83473407422956,625.0,Pune,2,"{""type"":""MultiPoint"",""coordinates"":[]}",-9.153551496904797,-16.109255280791594,-8.946561344730746,-16.399264900945223
1_1_1_1_1_1_1_1_1_1_2_126_0_1_1_1_1_1_1_1_1_1_1_2_126_0,0.2429,0.1773,0.1838,0.1264,0.07455,0.0548,0.0852,0.0738,0.1044,0.0812,0.15025,0.1744,4,4,-0.48064613,-0.41218638,0.23566069,0.008245664,0.18005104,0.36463225,-0.27627948,-0.4053183,18.544146988900312,73.68516457942367,626.0,Pune,2,"{""type"":""MultiPoint"",""coordinates"":[]}",-10.92099125069926,-17.330067934345262,-8.904592577482662,-16.917328305596254
1_1_1_1_1_1_1_1_1_1_2_127_0_1_1_1_1_1_1_1_1_1_1_2_127_0,0.20725,0.2026,0.18605,0.1816,0.1171,0.1498,0.1388,0.1754,0.1632,0.1958,0.1877,0.211,6,6,-0.19780378,-0.07195767,0.049499936,-0.020309478,0.06982046,0.0373648,-0.14977029,-0.09213251,18.594542476339416,73.70313088510605,627.0,Pune,2,"{""type"":""MultiPoint"",""coordinates"":[]}",-7.692871174098947,-12.883497167868285,-10.919026833684889,-18.143449401465904
1_1_1_1_1_1_1_1_1_1_2_128_0_1_1_1_1_1_1_1_1_1_1_2_128_0,0.2192,0.2186,0.20255,0.2018,0.1223,0.1344,0.1415,0.1502,0.1676,0.1678,0.1897,0.1888,6,6,-0.21541446,-0.18546638,0.07214478,0.07314678,0.061852783,0.058889512,-0.1455314,-0.11386431,18.61125114062404,73.77194183586961,628.0,Pune,2,"{""type"":""MultiPoint"",""coordinates"":[]}",-5.509589217285363,-14.165057569958313,-8.025374597397173,-15.683410930212558
1_1_1_1_1_1_1_1_1_1_2_129_0_1_1_1_1_1_1_1_1_1_1_2_129_0,0.2069,0.2166,0.1738,0.1951,0.0659,0.0818,0.08245,0.0962,0.0841,0.1094,0.203,0.1904,6,6,-0.43010196,-0.3849105,0.009514515,0.06437346,0.41414142,0.2701801,-0.42231563,-0.32868108,18.67009079173387,73.81344400199593,629.0,Pune,2,"{""type"":""MultiPoint"",""coordinates"":[]}",-5.608559287575413,-15.051769005614084,-2.2945602828081406,-12.728402725813869
1_1_1_1_1_1_1_1_1_1_2_130_0_1_1_1_1_1_1_1_1_1_1_2_130_0,0.22445,0.2475,0.20535,0.2249,0.1185,0.125,0.1467,0.1454,0.1713,0.1692,0.1949,0.1898,6,6,-0.20948404,-0.25986257,0.0704662,0.13194603,0.06444566,0.057381615,-0.1411007,-0.13245824,18.443535677078927,73.85800044008826,630.0,Pune,2,"{""type"":""MultiPoint"",""coordinates"":[]}",-4.1537206095204215,-12.655357110215554,-4.648866731871553,-13.949483022211322
1_1_1_1_1_1_1_1_1_1_2_131_0_1_1_1_1_1_1_1_1_1_1_2_131_0,0.21595,0.2383,0.14115,0.1838,0.0527,0.043,0.06375,0.0562,0.0688,0.0766,0.17925,0.1417,1,1,-0.54415447,-0.61833614,0.09286437,0.25421053,0.44527313,0.29821348,-0.47530866,-0.43203637,18.399428396628657,73.75577216075546,631.0,Pune,2,"{""type"":""MultiPoint"",""coordinates"":[]}",-11.065981665685866,-16.677509706605377,-11.11725176079239,-16.958080140405613
1_1_1_1_1_1_1_1_1_1_2_132_0_1_1_1_1_1_1_1_1_1_1_2_132_0,0.236,0.2491,0.2033,0.2047,0.07665,0.0714,0.1012,0.1032,0.1378,0.1488,0.19515,0.2059,6,6,-0.39976275,-0.4141357,0.094746605,0.09494506,0.17224808,0.1609811,-0.31702378,-0.33225495,18.43221690449902,73.86213269039521,632.0,Pune,2,"{""type"":""MultiPoint"",""coordinates"":[]}",-8.892873716235465,-15.569985106147124,-8.514159626784126,-14.270778770035053
1_1_1_1_1_1_1_1_1_1_2_133_0_1_1_1_1_1_1_1_1_1_1_2_133_0,0.21785,0.2175,0.19505,0.1927,0.1068,0.0996,0.1301,0.1178,0.1493,0.141,0.1768,0.1698,6,6,-0.2521914,-0.29734567,0.104016215,0.12316034,0.08432996,0.09266409,-0.15216683,-0.18080668,18.648441393386587,73.73106849044217,633.0,Pune,2,"{""type"":""MultiPoint"",""coordinates"":[]}",8.188226653020411,-15.263008448989526,3.593705449317838,-12.408741775514791
1_1_1_1_1_1_1_1_1_1_2_134_0_1_1_1_1_1_1_1_1_1_1_2_134_0,0.1718,0.1868,0.16,0.173,0.1138,0.1354,0.1338,0.1598,0.1567,0.1644,0.1574,0.195,6,6,-0.12434555,-0.0778996,0.043742407,-0.021477213,0.0022285897,0.085141905,-0.08104396,-0.09921082,18.480276772199414,73.96076770859153,634.0,Pune,2,"{""type"":""MultiPoint"",""coordinates"":[]}",-8.797264129890786,-16.593553954483305,-6.79594856309079,-16.202083907612707
1_1_1_1_1_1_1_1_1_1_2_135_0_1_1_1_1_1_1_1_1_1_1_2_135_0,0.3186,0.2777,0.2104,0.2179,0.0803,0.0632,0.1013,0.0771,0.134,0.1058,0.2688,0.1706,1,5,-0.51750416,-0.565389,0.08478039,0.23890252,0.3346574,0.23444283,-0.4525804,-0.37747276,18.45898669996578,73.67770856256547,635.0,Pune,2,"{""type"":""MultiPoint"",""coordinates"":[]}",-10.121746787363545,-16.774208064975067,-10.76371129297841,-17.01028410189618
1_1_1_1_1_1_1_1_1_1_2_136_0_1_1_1_1_1_1_1_1_1_1_2_136_0,0.29985,0.3161,0.21665,0.2396,0.06985,0.0695,0.09105,0.0924,0.1386,0.1382,0.21695,0.205,5,5,-0.534152,-0.5476132,0.16041021,0.21320283,0.22036281,0.1946387,-0.40876624,-0.37861466,18.375353547014253,73.90489249791929,636.0,Pune,2,"{""type"":""MultiPoint"",""coordinates"":[]}",-12.409637739448138,-22.07107861303738,-12.786573627328128,-21.503896754278987
1_1_1_1_1_1_1_1_1_1_2_137_0_1_1_1_1_1_1_1_1_1_1_2_137_0,0.3093,0.3207,0.22615,0.2472,0.08005,0.09,0.1006,0.1194,0.1381,0.157,0.2164,0.228,5,5,-0.5091486,-0.45739606,0.17671676,0.16894478,0.22087447,0.18441558,-0.36529967,-0.31260794,18.43419319812408,73.73618888756165,637.0,Pune,2,"{""type"":""MultiPoint"",""coordinates"":[]}",-12.47412155225941,-18.089048224501894,-10.919277535332178,-16.580825755551757
1_1_1_1_1_1_1_1_1_1_2_138_0_1_1_1_1_1_1_1_1_1_1_2_138_0,0.26865,0.2432,0.22585,0.2116,0.09705,0.1124,0.1103,0.1432,0.1366,0.1678,0.2059,0.2226,6,6,-0.41786516,-0.25879917,0.13223054,0.04422499,0.20233576,0.14036885,-0.3023403,-0.2170585,18.43248639908425,73.86698359292946,638.0,Pune,2,"{""type"":""MultiPoint"",""coordinates"":[]}",-5.431086254380978,-14.343477233491647,-6.33956197737552,-13.344544643099436
1_1_1_1_1_1_1_1_1_1_2_139_0_1_1_1_1_1_1_1_1_1_1_2_139_0,0.28935,0.2956,0.2115,0.2305,0.0672,0.0712,0.0923,0.0991,0.1387,0.145,0.2273,0.2114,5,5,-0.51631075,-0.49784645,0.12010065,0.16607495,0.2420765,0.18630752,-0.422403,-0.36167473,18.36681955181512,74.0019105486042,639.0,Pune,2,"{""type"":""MultiPoint"",""coordinates"":[]}",-15.191924806220552,-19.74472280833444,-14.423700167206775,-21.343241908687062
1_1_1_1_1_1_1_1_1_1_2_140_0_1_1_1_1_1_1_1_1_1_1_2_140_0,0.18325,0.19,0.08895,0.1421,0.04385,0.08,0.08115,0.0988,0.0603,0.1122,0.37305,0.181,4,6,-0.38615733,-0.31578946,-0.34118283,0.02425876,0.721703,0.23465212,-0.6426684,-0.29378128,18.352536338797616,73.84147143886047,640.0,Pune,2,"{""type"":""MultiPoint"",""coordinates"":[]}",-9.838695538514798,-16.47595728840409,-10.46425881310605,-17.411471291769928
1_1_1_1_1_1_1_1_1_1_2_141_0_1_1_1_1_1_1_1_1_1_1_2_141_0,0.2113,0.2365,0.1671,0.2015,0.0698,0.1456,0.0899,0.1474,0.0994,0.1528,0.18235,0.2454,6,6,-0.40305445,-0.2320917,0.07354249,-0.018468563,0.29440993,0.23254646,-0.3395776,-0.24949084,18.700723342922345,73.78694370111441,641.0,Pune,2,"{""type"":""MultiPoint"",""coordinates"":[]}",-7.355663094514703,-15.216650254495168,-3.203780424969268,-15.311429759512855
1_1_1_1_1_1_1_1_1_1_2_142_0_1_1_1_1_1_1_1_1_1_1_2_142_0,0.31365,0.2347,0.23725,0.1948,0.0778,0.0968,0.0993,0.13,0.1407,0.177,0.22405,0.2208,5,4,-0.5190701,-0.28708526,0.16663568,0.030515917,0.22851267,0.11010558,-0.38580486,-0.25883695,18.405986098202728,73.9477421369718,642.0,Pune,2,"{""type"":""MultiPoint"",""coordinates"":[]}",-15.129522769898516,-21.420250785042214,-9.501582885695495,-19.735313330284296
1_1_1_1_1_1_1_1_1_1_2_143_0_1_1_1_1_1_1_1_1_1_1_2_143_0,0.19625,0.2194,0.1731,0.205,0.08865,0.149,0.108,0.1752,0.1246,0.1986,0.1796,0.2204,6,6,-0.2900575,-0.11201216,0.044299588,-0.0022737607,0.1808021,0.05202864,-0.24895689,-0.11425682,18.58007960026509,73.98879514545607,643.0,Pune,2,"{""type"":""MultiPoint"",""coordinates"":[]}",-6.689352078399012,-17.233959591529846,-0.5754046419150407,-12.211879566904555
1_1_1_1_1_1_1_1_1_1_2_144_0_1_1_1_1_1_1_1_1_1_1_2_144_0,0.1932,0.2374,0.14455,0.1717,0.0653,0.0724,0.0893,0.0946,0.0958,0.1194,0.2335,0.2551,4,4,-0.3677876,-0.43012047,-0.09444575,-0.035939086,0.41815972,0.3623498,-0.44671622,-0.45896482,18.60613074350456,73.94926927295481,644.0,Pune,2,"{""type"":""MultiPoint"",""coordinates"":[]}",-11.41658020118771,-19.167566211256883,-10.21021451297533,-20.21387786253843
1_1_1_1_1_1_1_1_1_1_2_145_0_1_1_1_1_1_1_1_1_1_1_2_145_0,0.2509,0.2052,0.1755,0.1636,0.06815,0.0385,0.0825,0.0505,0.0999,0.0578,0.22165,0.1477,5,1,-0.505099,-0.60500586,0.061898213,0.16293567,0.37863475,0.43746957,-0.4575045,-0.49041373,18.627151321152954,73.6680965890254,645.0,Pune,2,"{""type"":""MultiPoint"",""coordinates"":[]}",-9.030351639714667,-14.579418819007532,-9.013462928332693,-14.810453912082647
1_1_1_1_1_1_1_1_1_1_2_146_0_1_1_1_1_1_1_1_1_1_1_2_146_0,0.16175,0.1671,0.09045,0.1346,0.0543,0.0547,0.0718,0.0683,0.0645,0.0936,0.24745,0.1367,4,4,-0.38514236,-0.41971114,-0.20943303,0.100065835,0.5864722,0.1871472,-0.55019575,-0.33365855,18.502016002075106,73.98897480851288,646.0,Pune,2,"{""type"":""MultiPoint"",""coordinates"":[]}",-12.074715505803368,-17.185567428320493,-9.025161119958204,-16.990171776036917
1_1_1_1_1_1_1_1_1_1_2_147_0_1_1_1_1_1_1_1_1_1_1_2_147_0,0.15335,0.1706,0.11175,0.1156,0.05845,0.0451,0.0767,0.0622,0.0808,0.0568,0.1813,0.1943,4,4,-0.33318844,-0.46563575,-0.08352009,-0.064949304,0.38344145,0.5475906,-0.40542635,-0.51500976,18.652753306750363,73.97280513339874,647.0,Pune,2,"{""type"":""MultiPoint"",""coordinates"":[]}",-9.765747860142303,-16.585031795580527,-8.378895394522639,-15.58772242710257
1_1_1_1_1_1_1_1_1_1_2_148_0_1_1_1_1_1_1_1_1_1_1_2_148_0,0.33325,0.3084,0.22895,0.2301,0.0769,0.073,0.1115,0.1078,0.143,0.14,0.2733,0.242,1,1,-0.4985947,-0.48197982,0.09883769,0.12063953,0.31299543,0.2670157,-0.42047817,-0.3836478,18.37984512343485,73.75711963368164,648.0,Pune,2,"{""type"":""MultiPoint"",""coordinates"":[]}",-15.625143705403515,-21.577685501144046,-15.278130689663637,-22.179536417690713
1_1_1_1_1_1_1_1_1_1_2_149_0_1_1_1_1_1_1_1_1_1_1_2_149_0,0.2195,0.1949,0.1532,0.1651,0.0722,0.0892,0.0851,0.106,0.09185,0.1224,0.1711,0.1416,5,6,-0.4412344,-0.295447,0.12391193,0.15839525,0.30138808,0.07272727,-0.33567524,-0.14378029,18.584211850572043,73.85243088532671,649.0,Pune,2,"{""type"":""MultiPoint"",""coordinates"":[]}",-9.749053999847868,-18.24346686937045,-4.970708512848066,-12.744395229737872
1_1_1_1_1_1_1_1_1_1_2_150_0_1_1_1_1_1_1_1_1_1_1_2_150_0,0.2486,0.2575,0.1861,0.2208,0.0769,0.1116,0.0942,0.1416,0.121,0.1722,0.20055,0.2236,6,6,-0.4504084,-0.2904034,0.106979854,0.07046352,0.24739543,0.12986356,-0.36081424,-0.2245345,18.593733992583708,73.6869612099919,650.0,Pune,2,"{""type"":""MultiPoint"",""coordinates"":[]}",-9.704990525853466,-14.775309736520114,-8.560302897095191,-14.16267823114653
1_1_1_1_1_1_1_1_1_1_2_151_0_1_1_1_1_1_1_1_1_1_1_2_151_0,0.1942,0.2201,0.13665,0.1654,0.071,0.0838,0.08565,0.1106,0.0855,0.1124,0.19695,0.2415,6,6,-0.38788638,-0.3311158,-0.007030551,-0.046360485,0.3945831,0.36479232,-0.39384288,-0.3717694,18.608286700186447,73.7207378646748,651.0,Pune,2,"{""type"":""MultiPoint"",""coordinates"":[]}",-10.382708629810285,-17.03848831703909,-10.023278364734754,-17.091836553792092
1_1_1_1_1_1_1_1_1_1_2_152_0_1_1_1_1_1_1_1_1_1_1_2_152_0,0.16945,0.1715,0.13635,0.1248,0.07905,0.0535,0.1025,0.066,0.1047,0.0666,0.22945,0.2266,6,6,-0.24618496,-0.44421053,-0.15041363,-0.13840744,0.37333533,0.5457026,-0.3824371,-0.5488722,18.59391365564053,73.75801794896576,652.0,Pune,2,"{""type"":""MultiPoint"",""coordinates"":[]}",-1.4183382404576197,-8.115212973606438,-1.9099537505229136,-8.076427761159703
1_1_1_1_1_1_1_1_1_1_2_153_0_1_1_1_1_1_1_1_1_1_1_2_153_0,0.23855,0.2364,0.1737,0.1836,0.063,0.0625,0.0779,0.0866,0.09045,0.1108,0.1908,0.2014,5,6,-0.50766313,-0.4637771,0.11121463,0.07994518,0.3568,0.2901986,-0.4201712,-0.3986111,18.615203727874167,73.72136668537368,653.0,Pune,2,"{""type"":""MultiPoint"",""coordinates"":[]}",-11.251810364501102,-16.057718002830697,-10.327465541494302,-16.762446793328266
1_1_1_1_1_1_1_1_1_1_2_154_0_1_1_1_1_1_1_1_1_1_1_2_154_0,0.1999,0.2026,0.14725,0.1705,0.06715,0.0742,0.0937,0.0958,0.0954,0.1216,0.1946,0.1526,4,4,-0.36171663,-0.35790884,0.013434728,0.14076577,0.34206897,0.11305616,-0.34998265,-0.22866344,18.652034654523067,73.9891544715697,654.0,Pune,2,"{""type"":""MultiPoint"",""coordinates"":[]}",-10.036600852482406,-18.372339102688812,-9.240952861651232,-18.57620544210514
1_1_1_1_1_1_1_1_1_1_2_155_0_1_1_1_1_1_1_1_1_1_1_2_155_0,0.0279,0.0246,0.02185,0.0199,0.058,0.0334,0.0608,0.0364,0.05445,0.0317,0.0472,0.0301,0,0,0.37091318,0.19344263,-0.25699067,-0.100548446,-0.07132317,-0.025889968,0.12592593,0.094736844,18.573432067162607,73.83266794907608,655.0,Pune,2,"{""type"":""MultiPoint"",""coordinates"":[]}",-18.416116189330477,-24.380306264339318,-19.46667052741185,-25.133689750290785
1_1_1_1_1_1_1_1_1_1_2_156_0_1_1_1_1_1_1_1_1_1_1_2_156_0,0.1584,0.2343,0.1006,0.1263,0.0549,0.0493,0.0731,0.0864,0.067,0.0586,0.2396,0.386,4,4,-0.36846653,-0.46117866,-0.2040201,-0.24455908,0.56294847,0.73639226,-0.5324592,-0.6342083,18.478569973159587,73.99499352091648,656.0,Pune,2,"{""type"":""MultiPoint"",""coordinates"":[]}",-10.228331007749036,-17.204319394933115,-11.163970318182503,-20.412723660493043
1_1_1_1_1_1_1_1_1_1_2_157_0_1_1_1_1_1_1_1_1_1_1_2_157_0,0.13485,0.1797,0.12195,0.1479,0.0712,0.0889,0.08515,0.1066,0.10005,0.1418,0.1178,0.1632,6,6,-0.22590908,-0.25532657,0.06748466,0.048118986,0.08147808,0.070163935,-0.16087706,-0.20978503,18.741147530707725,73.76547396582394,657.0,Pune,2,"{""type"":""MultiPoint"",""coordinates"":[]}",0.5982556673974425,-14.335309221714583,-0.16254863568181524,-13.858363462423764
1_1_1_1_1_1_1_1_1_1_2_158_0_1_1_1_1_1_1_1_1_1_1_2_158_0,0.20225,0.1996,0.17595,0.1718,0.0853,0.0858,0.10165,0.104,0.1297,0.1262,0.15695,0.1549,6,6,-0.33102995,-0.314888,0.12611358,0.12609309,0.095063664,0.1020989,-0.21384378,-0.196601,18.598045905947483,73.87354129450353,658.0,Pune,2,"{""type"":""MultiPoint"",""coordinates"":[]}",-11.616360370594794,-17.449249839373017,-11.93198630767715,-17.563763970073417
1_1_1_1_1_1_1_1_1_1_2_159_0_1_1_1_1_1_1_1_1_1_1_2_159_0,0.27715,0.305,0.1847,0.2271,0.0753,0.0656,0.0999,0.0974,0.1083,0.1214,0.26335,0.2636,1,1,-0.4700968,-0.51590455,0.025531914,0.07281041,0.4171936,0.36935064,-0.4499656,-0.46038783,18.366999214871942,73.66171855050814,659.0,Pune,2,"{""type"":""MultiPoint"",""coordinates"":[]}",-13.563343703945845,-20.147198801654742,-13.654296521903728,-19.044186343496033
1_1_1_1_1_1_1_1_1_1_2_160_0_1_1_1_1_1_1_1_1_1_1_2_160_0,0.2124,0.2087,0.20065,0.1983,0.1017,0.106,0.1265,0.129,0.1461,0.152,0.1701,0.1769,6,6,-0.2534671,-0.23600829,0.11058824,0.08246888,0.07590133,0.0757069,-0.14699933,-0.15658712,18.486834473773488,73.95286253409128,660.0,Pune,2,"{""type"":""MultiPoint"",""coordinates"":[]}",-4.705313916508086,-10.71064721312421,-3.974404962394159,-12.016857189801481
1_1_1_1_1_1_1_1_1_1_2_161_0_1_1_1_1_1_1_1_1_1_1_2_161_0,0.1827,0.2133,0.16745,0.2022,0.08925,0.0744,0.1036,0.091,0.1173,0.106,0.1599,0.2033,6,6,-0.27628362,-0.401906,0.06654991,0.024003841,0.15367965,0.3145813,-0.21366224,-0.38158342,18.50677707308094,73.86770224515675,661.0,Pune,2,"{""type"":""MultiPoint"",""coordinates"":[]}",-1.8649336006973782,-7.484289731217868,-3.890562388548327,-8.953945406544008
1_1_1_1_1_1_1_1_1_1_2_162_0_1_1_1_1_1_1_1_1_1_1_2_162_0,0.2257,0.2584,0.1656,0.1949,0.05595,0.0669,0.0679,0.0882,0.0836,0.1172,0.14085,0.1732,1,5,-0.53746593,-0.49105597,0.23148274,0.19740501,0.25506794,0.19283746,-0.34946108,-0.32517216,18.458896868437368,73.75289755184627,662.0,Pune,2,"{""type"":""MultiPoint"",""coordinates"":[]}",-9.854257672995692,-15.05190025759283,-9.897288736514769,-17.58538257520405
1_1_1_1_1_1_1_1_1_1_2_163_0_1_1_1_1_1_1_1_1_1_1_2_163_0,0.2905,0.3112,0.2148,0.236,0.07595,0.0957,0.1085,0.1346,0.1695,0.1916,0.2366,0.2342,4,4,-0.45614034,-0.39614177,0.10225764,0.14118078,0.16523024,0.10004697,-0.37119675,-0.27006507,18.379036639679143,73.9237571188858,663.0,Pune,2,"{""type"":""MultiPoint"",""coordinates"":[]}",-12.45522307855742,-20.46625150882377,-12.552951591521735,-22.70648499051672
1_1_1_1_1_1_1_1_1_1_2_164_0_1_1_1_1_1_1_1_1_1_1_2_164_0,0.23185,0.1749,0.15285,0.1442,0.0628,0.0554,0.0875,0.0735,0.0945,0.0937,0.2342,0.1366,1,4,-0.4520119,-0.40821257,-0.0050423774,0.12295345,0.4250076,0.18627876,-0.45601493,-0.30033317,18.69775890248475,74.00343768458721,664.0,Pune,2,"{""type"":""MultiPoint"",""coordinates"":[]}",-10.736817547913656,-16.350806008332658,-10.41201970103126,-18.8591099236289
1_1_1_1_1_1_1_1_1_1_2_165_0_1_1_1_1_1_1_1_1_1_1_2_165_0,0.30705,0.3587,0.2472,0.2953,0.10105,0.121,0.133,0.1588,0.1773,0.2162,0.2453,0.2809,7,7,-0.39552325,-0.38628018,0.11179506,0.12163852,0.16090865,0.1301549,-0.29685435,-0.27768934,18.492404028535027,73.94486752806262,665.0,Pune,2,"{""type"":""MultiPoint"",""coordinates"":[]}",-14.22360486805706,-23.344321255806996,-16.355817958099767,-24.712151746129535
1_1_1_1_1_1_1_1_1_1_2_166_0_1_1_1_1_1_1_1_1_1_1_2_166_0,0.2959,0.3091,0.22335,0.2306,0.06875,0.0706,0.0914,0.0949,0.1296,0.136,0.1934,0.1996,4,5,-0.5280145,-0.53019804,0.20948294,0.21525458,0.19752322,0.18951133,-0.35814607,-0.35551783,18.61664103232876,73.8589885869008,666.0,Pune,2,"{""type"":""MultiPoint"",""coordinates"":[]}",-13.52780460210003,-21.374404720685938,-11.816285469157963,-20.13721024588028
1_1_1_1_1_1_1_1_1_1_2_167_0_1_1_1_1_1_1_1_1_1_1_2_167_0,0.20175,0.1846,0.16355,0.1495,0.0659,0.0658,0.0853,0.0858,0.10155,0.1058,0.16715,0.1495,6,6,-0.40567845,-0.3653846,0.09379236,0.105058365,0.24413845,0.17117117,-0.32422262,-0.27071825,18.365831405002588,73.98394424292182,667.0,Pune,2,"{""type"":""MultiPoint"",""coordinates"":[]}",-8.62349496438408,-15.921165031672338,-8.619357441006157,-16.177977128566013
1_1_1_1_1_1_1_1_1_1_2_168_0_1_1_1_1_1_1_1_1_1_1_2_168_0,0.14105,0.1626,0.0843,0.1185,0.0584,0.0501,0.0847,0.0706,0.06775,0.069,0.2812,0.2588,4,4,-0.2496124,-0.39451116,-0.33191237,-0.22828667,0.6116922,0.5790116,-0.53703195,-0.5713418,18.7221930782128,73.84317823790029,668.0,Pune,2,"{""type"":""MultiPoint"",""coordinates"":[]}",-10.039716301921494,-18.07257077626521,-9.136682526896161,-18.781158869871643
1_1_1_1_1_1_1_1_1_1_2_169_0_1_1_1_1_1_1_1_1_1_1_2_169_0,0.19545,0.2049,0.15305,0.1604,0.0841,0.0672,0.107,0.0899,0.1269,0.111,0.1859,0.1886,5,6,-0.29244503,-0.39009497,0.025042612,0.041423127,0.18861893,0.259012,-0.2693752,-0.35439858,18.595530623151948,73.9771170467625,669.0,Pune,2,"{""type"":""MultiPoint"",""coordinates"":[]}",-11.270337543115925,-17.08107023584968,-10.23489624640775,-16.48863798094546
1_1_1_1_1_1_1_1_1_1_2_170_0_1_1_1_1_1_1_1_1_1_1_2_170_0,0.17715,0.1779,0.13835,0.1725,0.0735,0.1542,0.08345,0.1726,0.09915,0.201,0.1484,0.2077,6,6,-0.3595549,-0.015121255,0.08831209,-0.07728216,0.19894971,0.016393442,-0.28013802,-0.09229556,18.61816816831176,73.74804664931203,670.0,Pune,2,"{""type"":""MultiPoint"",""coordinates"":[]}",-10.84259739489342,-17.42814061056176,5.639228843044264,-18.483111065808654
1_1_1_1_1_1_1_1_1_1_2_171_0_1_1_1_1_1_1_1_1_1_1_2_171_0,0.22175,0.2452,0.19395,0.2066,0.0735,0.0775,0.0873,0.1006,0.1144,0.1396,0.1535,0.1876,6,6,-0.4350429,-0.4181608,0.18187875,0.13308688,0.14594997,0.14669926,-0.27491695,-0.30187368,18.60101034638508,74.02679388197431,671.0,Pune,2,"{""type"":""MultiPoint"",""coordinates"":[]}",-10.086845326183756,-18.325960795085706,-8.069646337710505,-15.909550471610121
1_1_1_1_1_1_1_1_1_1_2_172_0_1_1_1_1_1_1_1_1_1_1_2_172_0,0.16235,0.1841,0.1053,0.142,0.06335,0.0583,0.0812,0.077,0.08845,0.0888,0.22155,0.1462,4,4,-0.33319646,-0.41018766,-0.15420683,0.11474417,0.42935485,0.24425532,-0.46358383,-0.31003585,18.644758300721698,73.97451193243856,672.0,Pune,2,"{""type"":""MultiPoint"",""coordinates"":[]}",-10.675935832540214,-17.563893227447334,-11.276392821378833,-18.28126875421256
1_1_1_1_1_1_1_1_1_1_2_173_0_1_1_1_1_1_1_1_1_1_1_2_173_0,0.2288,0.1982,0.1935,0.1689,0.09,0.0798,0.1075,0.0993,0.1381,0.1284,0.1915,0.1644,4,6,-0.36068985,-0.33243698,0.08874613,0.09321567,0.16201456,0.12295082,-0.28093645,-0.24687144,18.64368032238076,73.6584846154853,673.0,Pune,2,"{""type"":""MultiPoint"",""coordinates"":[]}",-12.526191554925932,-19.031873899041898,-11.821385413678705,-18.00585282256754
1_1_1_1_1_1_1_1_1_1_2_174_0_1_1_1_1_1_1_1_1_1_1_2_174_0,0.2549,0.2431,0.1885,0.1937,0.05775,0.0554,0.08115,0.0751,0.1113,0.1064,0.1828,0.163,5,1,-0.51703614,-0.52796984,0.1647247,0.19724205,0.24311459,0.21009651,-0.38511083,-0.3691726,18.42871347489095,74.02805152337208,674.0,Pune,2,"{""type"":""MultiPoint"",""coordinates"":[]}",-3.5825355806011205,-9.511064397476627,-2.4610507341129386,-10.870765227228292
1_1_1_1_1_1_1_1_1_1_2_175_0_1_1_1_1_1_1_1_1_1_1_2_175_0,0.2018,0.2249,0.1599,0.1807,0.07375,0.0717,0.09025,0.0872,0.1034,0.1034,0.15425,0.1744,4,6,-0.38195515,-0.44120476,0.13354866,0.12647133,0.19736075,0.25557956,-0.2617587,-0.33333334,18.66326359557456,73.68130182370194,675.0,Pune,2,"{""type"":""MultiPoint"",""coordinates"":[]}",-11.580841570073499,-17.979256017873222,-11.046074832489497,-18.714730931949095
1_1_1_1_1_1_1_1_1_1_2_176_0_1_1_1_1_1_1_1_1_1_1_2_176_0,0.2947,0.2868,0.23595,0.229,0.08405,0.0712,0.1061,0.089,0.1425,0.1188,0.1937,0.1634,4,5,-0.47055888,-0.5263438,0.2067977,0.2741004,0.1522903,0.15804394,-0.29219478,-0.2947702,18.6139460864764,73.94675399015927,676.0,Pune,2,"{""type"":""MultiPoint"",""coordinates"":[]}",-10.939513268607904,-21.563619280684367,-10.912433819621697,-19.540602352470028
1_1_1_1_1_1_1_1_1_1_2_177_0_1_1_1_1_1_1_1_1_1_1_2_177_0,0.29785,0.3076,0.21745,0.2336,0.08245,0.0642,0.1071,0.086,0.1471,0.1128,0.23585,0.201,1,1,-0.47104582,-0.5630081,0.11617013,0.20959496,0.2317535,0.28107074,-0.37541917,-0.40069687,18.361070333996757,73.84371722707075,677.0,Pune,2,"{""type"":""MultiPoint"",""coordinates"":[]}",-13.36017618081099,-19.98300689020123,-12.475467361495333,-19.324739688527764
1_1_1_1_1_1_1_1_1_1_2_178_0_1_1_1_1_1_1_1_1_1_1_2_178_0,0.18205,0.219,0.14995,0.2021,0.09825,0.0972,0.1222,0.1166,0.1444,0.1354,0.18,0.1552,4,6,-0.19671322,-0.30512515,0.0056622014,0.17049706,0.10974106,0.0681349,-0.19126406,-0.14201619,18.457729058568013,74.00074273873486,678.0,Pune,2,"{""type"":""MultiPoint"",""coordinates"":[]}",-10.864630774824084,-18.58984648867003,-6.866763789631697,-15.048363019181823
1_1_1_1_1_1_1_1_1_1_2_179_0_1_1_1_1_1_1_1_1_1_1_2_179_0,0.16155,0.2027,0.1209,0.1464,0.0626,0.0664,0.0743,0.0888,0.0816,0.1088,0.1346,0.2464,4,6,-0.36993852,-0.39073756,0.09100118,-0.09730572,0.24514338,0.3873874,-0.28865486,-0.47016707,18.69371648370621,73.6614490559229,679.0,Pune,2,"{""type"":""MultiPoint"",""coordinates"":[]}",-8.858710212569296,-15.903666151498134,-9.670801333710271,-17.423974319118496
1_1_1_1_1_1_1_1_1_1_2_180_0_1_1_1_1_1_1_1_1_1_1_2_180_0,0.14685,0.1503,0.08415,0.1109,0.0557,0.0393,0.07435,0.0577,0.0715,0.066,0.2091,0.1482,1,6,-0.3277577,-0.4451923,-0.17488411,0.007035176,0.49037775,0.3837535,-0.4753925,-0.43953374,18.46347827638638,73.80374219692744,680.0,Pune,2,"{""type"":""MultiPoint"",""coordinates"":[]}",-11.269195804039725,-16.218444684310533,-9.711844187684411,-17.940791499877186
1_1_1_1_1_1_1_1_1_1_2_181_0_1_1_1_1_1_1_1_1_1_1_2_181_0,0.1709,0.171,0.13265,0.1364,0.0892,0.1216,0.1064,0.1384,0.1178,0.1488,0.1632,0.2037,6,6,-0.23260008,-0.105365224,0.023046993,-0.08726981,0.16156584,0.15574469,-0.2106825,-0.19087987,18.522228095967797,73.83554255798528,681.0,Pune,2,"{""type"":""MultiPoint"",""coordinates"":[]}",-3.30241390966842,-14.456315811366249,-2.7752240429049047,-14.790766367126217
1_1_1_1_1_1_1_1_1_1_2_182_0_1_1_1_1_1_1_1_1_1_1_2_182_0,0.17925,0.1972,0.12735,0.138,0.0668,0.0522,0.0836,0.067,0.0901,0.075,0.1868,0.2048,5,5,-0.36389574,-0.4928085,-0.020625597,-0.018905472,0.34922355,0.4639028,-0.3816568,-0.50699043,18.639727735130627,73.7440940620619,682.0,Pune,2,"{""type"":""MultiPoint"",""coordinates"":[]}",-9.497871877152024,-14.629748678412977,-7.565027995333596,-13.850765448697096
1_1_1_1_1_1_1_1_1_1_2_183_0_1_1_1_1_1_1_1_1_1_1_2_183_0,0.2639,0.2925,0.1801,0.2027,0.0622,0.0562,0.0856,0.0767,0.1088,0.1116,0.2036,0.1886,1,5,-0.51015735,-0.58450705,0.12898396,0.21596342,0.3034571,0.25649568,-0.40802214,-0.42178667,18.387480803349867,73.7988912943932,683.0,Pune,2,"{""type"":""MultiPoint"",""coordinates"":[]}",-11.457544030637441,-18.54117156771586,-11.85327095390777,-17.57022831982223
1_1_1_1_1_1_1_1_1_1_2_184_0_1_1_1_1_1_1_1_1_1_1_2_184_0,0.1427,0.1379,0.0629,0.0648,0.0673,0.0312,0.1128,0.0633,0.05805,0.0347,0.4558,0.31,4,1,-0.11702544,-0.37077534,-0.5231412,-0.38423756,0.7740586,0.7986655,-0.603236,-0.66086257,18.535433330644352,73.78344027150634,684.0,Pune,2,"{""type"":""MultiPoint"",""coordinates"":[]}",-18.686511136284196,-23.748225202945793,-17.369348485548354,-23.413390776267413
1_1_1_1_1_1_1_1_1_1_2_185_0_1_1_1_1_1_1_1_1_1_1_2_185_0,0.1942,0.2079,0.12155,0.1664,0.04275,0.0465,0.0599,0.0598,0.0498,0.0802,0.21925,0.1213,1,1,-0.5285321,-0.55323124,-0.060587738,0.26306197,0.6298086,0.20397022,-0.57084006,-0.33959138,18.435540671050266,74.01125302755905,685.0,Pune,2,"{""type"":""MultiPoint"",""coordinates"":[]}",-9.576000218679226,-14.797871910992002,-9.50910430480844,-16.14968923496364
1_1_1_1_1_1_1_1_1_1_2_186_0_1_1_1_1_1_1_1_1_1_1_2_186_0,0.1792,0.2217,0.1184,0.182,0.0383,0.0522,0.0624,0.072,0.0697,0.0944,0.1729,0.1426,4,4,-0.4834437,-0.50970376,0.017892644,0.21712874,0.42539158,0.20337553,-0.46961325,-0.32898417,18.37553321007108,73.98520188431958,686.0,Pune,2,"{""type"":""MultiPoint"",""coordinates"":[]}",-9.840710396599436,-15.60807821462198,-9.745887161795526,-19.54219529778915
1_1_1_1_1_1_1_1_1_1_2_187_0_1_1_1_1_1_1_1_1_1_1_2_187_0,0.12865,0.1865,0.11265,0.1518,0.0604,0.0706,0.07115,0.0956,0.0812,0.1182,0.1177,0.1884,4,4,-0.2877878,-0.32222617,0.044448953,-0.005068018,0.1835093,0.22896282,-0.24649192,-0.32676056,18.5049804425127,74.03856181219628,687.0,Pune,2,"{""type"":""MultiPoint"",""coordinates"":[]}",-10.118344842624241,-18.565763948901477,-12.737621561134508,-19.601433326834933
1_1_1_1_1_1_1_1_1_1_2_188_0_1_1_1_1_1_1_1_1_1_1_2_188_0,0.14385,0.1537,0.08585,0.0952,0.0466,0.0422,0.06825,0.0584,0.05805,0.0552,0.1836,0.2043,1,1,-0.35643566,-0.44931635,-0.12139258,-0.14134078,0.51955307,0.5745665,-0.45801073,-0.55538636,18.653471958977654,73.80706596347868,688.0,Pune,2,"{""type"":""MultiPoint"",""coordinates"":[]}",-9.367333223806876,-13.871370205556088,-6.337649621125547,-13.821180272259951
1_1_1_1_1_1_1_1_1_1_2_189_0_1_1_1_1_1_1_1_1_1_1_2_189_0,0.23465,0.2429,0.1831,0.1838,0.09295,0.0863,0.1172,0.1106,0.1445,0.1324,0.2116,0.2276,6,6,-0.33380702,-0.37425742,0.051652662,0.032518595,0.18843022,0.26444444,-0.28710464,-0.34594914,18.460064678306725,73.90758744377166,689.0,Pune,2,"{""type"":""MultiPoint"",""coordinates"":[]}",-11.322699803608135,-17.707996094697755,-10.789718014179277,-16.668028416116506
1_1_1_1_1_1_1_1_1_1_2_190_0_1_1_1_1_1_1_1_1_1_1_2_190_0,0.2271,0.2353,0.16025,0.1718,0.0735,0.0614,0.0863,0.0818,0.09905,0.1042,0.20435,0.2031,4,6,-0.4492661,-0.4840744,0.05272917,0.073448904,0.34706658,0.32183534,-0.4061586,-0.42576343,18.628498794079132,73.7253192726238,690.0,Pune,2,"{""type"":""MultiPoint"",""coordinates"":[]}",-10.002618443027249,-18.28808538814586,-9.609026921424178,-16.784876804183114
1_1_1_1_1_1_1_1_1_1_2_191_0_1_1_1_1_1_1_1_1_1_1_2_191_0,0.20345,0.2281,0.1798,0.202,0.1171,0.119,0.1385,0.1404,0.1541,0.16,0.1802,0.2043,6,6,-0.18994005,-0.23799185,0.06060211,0.05504163,0.07807358,0.12160307,-0.13084406,-0.1853786,18.44137972039704,73.84973593947436,691.0,Pune,2,"{""type"":""MultiPoint"",""coordinates"":[]}",-15.460564917630805,-23.758934730135344,-14.289691438649148,-20.37859093525611
1_1_1_1_1_1_1_1_1_1_2_192_0_1_1_1_1_1_1_1_1_1_1_2_192_0,0.2089,0.2111,0.13155,0.1657,0.05045,0.0552,0.06325,0.07,0.0717,0.091,0.17585,0.1582,1,4,-0.5351828,-0.5019566,0.085899934,0.14324397,0.42072308,0.26966292,-0.47093266,-0.38650307,18.607837542544384,73.80985074085945,692.0,Pune,2,"{""type"":""MultiPoint"",""coordinates"":[]}",-10.307595633531516,-17.575112178593276,-9.74784200624883,-16.2929984077433
1_1_1_1_1_1_1_1_1_1_2_193_0_1_1_1_1_1_1_1_1_1_1_2_193_0,0.2065,0.2191,0.19505,0.1957,0.1146,0.144,0.1395,0.1786,0.1588,0.2076,0.188,0.2264,6,6,-0.19364162,-0.10183556,0.046894804,-0.016386082,0.084198385,0.043317974,-0.1480916,-0.11802469,18.464196928613674,73.85557498882113,693.0,Pune,2,"{""type"":""MultiPoint"",""coordinates"":[]}",-3.791936355998569,-12.499570769879899,7.1976763238940356,-11.864812999240296
1_1_1_1_1_1_1_1_1_1_2_194_0_1_1_1_1_1_1_1_1_1_1_2_194_0,0.1052,0.1459,0.05995,0.0945,0.0513,0.0411,0.0662,0.058,0.0559,0.0604,0.1692,0.147,0,0,-0.22753793,-0.43109366,-0.23323615,-0.003755548,0.50333184,0.41755062,-0.4375531,-0.43414634,18.682667205711542,73.68408660108273,694.0,Pune,2,"{""type"":""MultiPoint"",""coordinates"":[]}",-9.477773308641709,-15.661537859691991,-11.437218115976918,-18.944174692133522
1_1_1_1_1_1_1_1_1_1_2_195_0_1_1_1_1_1_1_1_1_1_1_2_195_0,0.22475,0.2255,0.1627,0.1641,0.0744,0.0624,0.0952,0.0822,0.1078,0.0944,0.2106,0.2054,4,4,-0.40490702,-0.46571335,0.032502584,0.046646554,0.32286432,0.37024683,-0.37737083,-0.42837274,18.745459444071496,73.76610278652284,695.0,Pune,2,"{""type"":""MultiPoint"",""coordinates"":[]}",-10.543774547535396,-18.134628583662845,-10.147263488659986,-17.891385862147658
1_1_1_1_1_1_1_1_1_1_2_196_0_1_1_1_1_1_1_1_1_1_1_2_196_0,0.21185,0.2454,0.15955,0.213,0.0638,0.0854,0.08675,0.1136,0.1073,0.1564,0.1863,0.197,4,6,-0.41895512,-0.3671309,0.06417179,0.10940325,0.26907358,0.11488398,-0.36458525,-0.26851255,18.43365420895361,73.96714574710879,696.0,Pune,2,"{""type"":""MultiPoint"",""coordinates"":[]}",-12.056745737582041,-17.984375331025024,-10.490701406049805,-16.4827995508228
1_1_1_1_1_1_1_1_1_1_2_197_0_1_1_1_1_1_1_1_1_1_1_2_197_0,0.2465,0.2898,0.17375,0.2087,0.05935,0.0502,0.0698,0.0682,0.0903,0.1074,0.18375,0.1837,5,5,-0.55864686,-0.6189944,0.14584544,0.22407603,0.34099618,0.26210925,-0.44941825,-0.4585153,18.37445523173013,73.72316331594192,697.0,Pune,2,"{""type"":""MultiPoint"",""coordinates"":[]}",-10.530906210607949,-15.986564089495314,-9.732058077761776,-16.99567176886862
1_1_1_1_1_1_1_1_1_1_2_198_0_1_1_1_1_1_1_1_1_1_1_2_198_0,0.1799,0.1958,0.1588,0.1697,0.09085,0.1708,0.1033,0.1764,0.1166,0.2042,0.1475,0.2254,6,6,-0.27048022,-0.052122515,0.09896152,-0.0702754,0.11700114,0.04934823,-0.17623605,-0.12195122,18.67431287356923,73.89833479634522,698.0,Pune,2,"{""type"":""MultiPoint"",""coordinates"":[]}",-7.447994609747584,-17.967649135437046,-5.603340134076522,-18.436848420339217
1_1_1_1_1_1_1_1_1_1_2_199_0_1_1_1_1_1_1_1_1_1_1_2_199_0,0.18475,0.1938,0.1579,0.1605,0.0722,0.0653,0.08555,0.0787,0.0917,0.0876,0.1208,0.1322,6,6,-0.36699963,-0.42238533,0.20929472,0.18895705,0.13694118,0.20291173,-0.17082627,-0.25367472,18.589422079219936,73.7522687311474,699.0,Pune,2,"{""type"":""MultiPoint"",""coordinates"":[]}",-9.186009393553,-15.253906886476706,-9.168392338517716,-16.208931424458115
1_1_1_1_1_1_1_1_1_1_2_200_0_1_1_1_1_1_1_1_1_1_1_2_200_0,0.27595,0.3009,0.2074,0.239,0.08485,0.0915,0.1157,0.1292,0.1652,0.1758,0.2295,0.2414,5,4,-0.40916634,-0.3992095,0.09189831,0.10971787,0.16290854,0.15723874,-0.32966396,-0.3027523,18.382719732344032,73.98690868335942,700.0,Pune,2,"{""type"":""MultiPoint"",""coordinates"":[]}",-11.237104000011211,-18.90960395607336,-11.430696149860854,-19.847036248871284
1_1_1_1_1_1_1_1_1_1_2_201_0_1_1_1_1_1_1_1_1_1_1_2_201_0,0.29185,0.1599,0.22965,0.1096,0.0759,0.0444,0.0935,0.0675,0.1151,0.0668,0.215,0.2056,4,4,-0.5147269,-0.40633246,0.15162277,-0.1250342,0.30263555,0.5095448,-0.39384118,-0.50567555,18.534265520775,73.68202047592925,701.0,Pune,2,"{""type"":""MultiPoint"",""coordinates"":[]}",-11.726006491088885,-17.833623925040886,-11.365417536116095,-17.346889083861356
1_1_1_1_1_1_1_1_1_1_2_202_0_1_1_1_1_1_1_1_1_1_1_2_202_0,0.2083,0.184,0.1403,0.1405,0.0651,0.0586,0.07905,0.0828,0.08925,0.1042,0.20465,0.1987,4,4,-0.4497999,-0.37931034,0.008838843,-0.03841129,0.39265057,0.31198415,-0.4427212,-0.4117229,18.46159181428973,73.97073900824526,702.0,Pune,2,"{""type"":""MultiPoint"",""coordinates"":[]}",-11.085357790093537,-16.822813764625494,-9.32232557880805,-15.533847150723672
1_1_1_1_1_1_1_1_1_1_2_203_0_1_1_1_1_1_1_1_1_1_1_2_203_0,0.2697,0.2584,0.2593,0.2478,0.1875,0.2166,0.1693,0.2164,0.1853,0.2232,0.2832,0.2692,6,6,-0.22870159,-0.0884583,-0.024416711,-0.020470053,0.20896478,0.093419984,-0.2517127,-0.10873146,18.444613655419868,73.8778532078673,703.0,Pune,2,"{""type"":""MultiPoint"",""coordinates"":[]}",-4.427646482532856,-10.41083512919727,-4.256739393943941,-11.187160457419703
1_1_1_1_1_1_1_1_1_1_2_204_0_1_1_1_1_1_1_1_1_1_1_2_204_0,0.30365,0.3078,0.22345,0.2359,0.0718,0.0731,0.0983,0.1015,0.1407,0.1388,0.2416,0.2564,5,5,-0.51088446,-0.5040313,0.11380101,0.09110244,0.26392886,0.29757085,-0.4215946,-0.43280247,18.359633029542163,73.93839965801696,704.0,Pune,2,"{""type"":""MultiPoint"",""coordinates"":[]}",-12.529977443839083,-17.721879447570824,-11.993082354918128,-16.17168574575381
1_1_1_1_1_1_1_1_1_1_2_205_0_1_1_1_1_1_1_1_1_1_1_2_205_0,0.24565,0.244,0.1713,0.1903,0.07455,0.075,0.0971,0.0954,0.1235,0.124,0.20895,0.1859,5,5,-0.43340626,-0.43783146,0.08073031,0.1351477,0.25703114,0.19974186,-0.36546317,-0.32172057,18.42736600196477,73.92995549434623,705.0,Pune,2,"{""type"":""MultiPoint"",""coordinates"":[]}",-8.249206624547751,-15.000669479650623,-8.867019523193896,-13.566995796964203
1_1_1_1_1_1_1_1_1_1_2_206_0_1_1_1_1_1_1_1_1_1_1_2_206_0,0.1847,0.2043,0.1552,0.1697,0.09185,0.1044,0.1233,0.1332,0.1291,0.1538,0.2279,0.2094,6,6,-0.19935066,-0.21066667,-0.10470189,-0.0123277735,0.2767507,0.1530837,-0.297836,-0.22241682,18.47928862538688,73.87399045214559,706.0,Pune,2,"{""type"":""MultiPoint"",""coordinates"":[]}",-3.939453287036469,-11.259927797424599,-3.459523857061467,-10.390339915866242
1_1_1_1_1_1_1_1_1_1_2_207_0_1_1_1_1_1_1_1_1_1_1_2_207_0,0.1655,0.1821,0.10665,0.1505,0.0536,0.0586,0.07045,0.0786,0.07405,0.1086,0.2277,0.1542,4,4,-0.40283957,-0.39700806,-0.15818922,0.08296164,0.50919634,0.17351598,-0.5274191,-0.32474226,18.440661068169742,73.92393678194263,707.0,Pune,2,"{""type"":""MultiPoint"",""coordinates"":[]}",-11.258592068506964,-17.447409511348287,-9.73994012849538,-17.57289067877962
1_1_1_1_1_1_1_1_1_1_2_208_0_1_1_1_1_1_1_1_1_1_1_2_208_0,0.3154,0.3231,0.2344,0.2474,0.0818,0.0794,0.101,0.102,0.1381,0.139,0.2045,0.2164,4,5,-0.51488954,-0.52011293,0.21331026,0.19777572,0.19381203,0.21778278,-0.33878887,-0.35929647,18.726594823104985,73.7884708370974,708.0,Pune,2,"{""type"":""MultiPoint"",""coordinates"":[]}",-12.66287897727947,-19.493502985759044,-10.306863884865493,-18.679579048639923
1_1_1_1_1_1_1_1_1_1_2_209_0_1_1_1_1_1_1_1_1_1_1_2_209_0,0.2533,0.2449,0.1644,0.1659,0.0444,0.0398,0.0711,0.0674,0.0799,0.075,0.24405,0.2176,1,1,-0.5616523,-0.5683637,0.018598573,0.059027027,0.506714,0.48735476,-0.5487863,-0.52701753,18.355590610763624,73.75999424259082,709.0,Pune,2,"{""type"":""MultiPoint"",""coordinates"":[]}",-2.447010173597183,-9.804561073128227,-3.3510751784266453,-9.879207575162187
1_1_1_1_1_1_1_1_1_1_2_210_0_1_1_1_1_1_1_1_1_1_1_2_210_0,0.1996,0.2103,0.14125,0.158,0.06715,0.0747,0.0824,0.0938,0.0959,0.1022,0.20035,0.1838,1,6,-0.41560283,-0.38309768,-0.0018752344,0.06724182,0.35257384,0.28531468,-0.41715297,-0.32420748,18.454045965903124,73.89797547023157,710.0,Pune,2,"{""type"":""MultiPoint"",""coordinates"":[]}",-11.688281028082194,-16.394547839976223,-9.81488040055549,-16.539324059256437
1_1_1_1_1_1_1_1_1_1_2_211_0_1_1_1_1_1_1_1_1_1_1_2_211_0,0.23785,0.2267,0.16375,0.1577,0.0561,0.049,0.07845,0.0789,0.1033,0.0966,0.2033,0.2365,5,4,-0.50395197,-0.48363873,0.07831803,-0.021157168,0.32615787,0.419994,-0.44312334,-0.49968293,18.360172018712635,73.94073527775566,711.0,Pune,2,"{""type"":""MultiPoint"",""coordinates"":[]}",-10.192696525702104,-20.113198593220538,-9.599779040581,-18.976318733449485
1_1_1_1_1_1_1_1_1_1_2_212_0_1_1_1_1_1_1_1_1_1_1_2_212_0,0.21475,0.2252,0.20525,0.21,0.1003,0.1214,0.1178,0.1384,0.1411,0.1644,0.1868,0.2058,6,6,-0.2915351,-0.23872387,0.069605276,0.045011602,0.13937175,0.11183144,-0.22652659,-0.19581638,18.57774398052638,73.99400537410395,712.0,Pune,2,"{""type"":""MultiPoint"",""coordinates"":[]}",-2.0884398906360926,-15.26425119861139,4.047272180654563,-15.515628320922172
1_1_1_1_1_1_1_1_1_1_2_213_0_1_1_1_1_1_1_1_1_1_1_2_213_0,0.20735,0.217,0.1786,0.184,0.0885,0.1044,0.1023,0.128,0.1171,0.151,0.16605,0.1808,6,6,-0.339254,-0.25797102,0.11060525,0.091000505,0.17287657,0.08981314,-0.23756288,-0.17098446,18.43607966022073,73.9267215593234,713.0,Pune,2,"{""type"":""MultiPoint"",""coordinates"":[]}",-7.8843020055048445,-14.979415095827322,-7.158601712374112,-13.221998871628152
1_1_1_1_1_1_1_1_1_1_2_214_0_1_1_1_1_1_1_1_1_1_1_2_214_0,0.206,0.1965,0.1749,0.1518,0.1065,0.0888,0.125,0.1172,0.1467,0.1142,0.2229,0.2324,6,6,-0.244713,-0.2527893,-0.039403126,-0.0837025,0.20616883,0.3410271,-0.2814027,-0.32951945,18.722013415155978,73.68426626413954,714.0,Pune,2,"{""type"":""MultiPoint"",""coordinates"":[]}",-5.859004012495238,-13.341263743612494,-8.792213359088874,-15.511338402595495
1_1_1_1_1_1_1_1_1_1_2_215_0_1_1_1_1_1_1_1_1_1_1_2_215_0,0.30265,0.2345,0.2097,0.1938,0.0574,0.0401,0.08205,0.0534,0.117,0.0782,0.2222,0.1278,5,1,-0.5734338,-0.62903786,0.1532819,0.29450732,0.3101415,0.2407767,-0.4606409,-0.410596,18.35630926299092,73.72612775637951,715.0,Pune,2,"{""type"":""MultiPoint"",""coordinates"":[]}",-11.713346242001993,-17.821118270913377,-11.068219777402685,-17.34345855726918
1_1_1_1_1_1_1_1_1_1_2_216_0_1_1_1_1_1_1_1_1_1_1_2_216_0,0.2013,0.2118,0.12825,0.1449,0.05105,0.0538,0.067,0.0784,0.06915,0.0937,0.2076,0.1961,1,5,-0.5005591,-0.45968297,-0.01540719,0.038489826,0.500271,0.35334712,-0.5120175,-0.4287796,18.39305035811141,73.73223630031153,716.0,Pune,2,"{""type"":""MultiPoint"",""coordinates"":[]}",-9.47687794231174,-15.141845225535956,-9.303265359504742,-17.636926951431235
1_1_1_1_1_1_1_1_1_1_2_217_0_1_1_1_1_1_1_1_1_1_1_2_217_0,0.1697,0.1678,0.1323,0.1252,0.06805,0.058,0.08775,0.0802,0.1037,0.0866,0.15855,0.2116,4,4,-0.31831422,-0.3532258,0.033968013,-0.11544544,0.20915157,0.41918176,-0.28745434,-0.45030844,18.73962039472472,73.78065549412557,717.0,Pune,2,"{""type"":""MultiPoint"",""coordinates"":[]}",-10.84817246550833,-19.11128248775087,-11.19651383244449,-18.26760805868904
1_1_1_1_1_1_1_1_1_1_2_218_0_1_1_1_1_1_1_1_1_1_1_2_218_0,0.2577,0.2353,0.21345,0.2016,0.1128,0.122,0.141,0.1416,0.1739,0.1742,0.2099,0.2166,6,6,-0.29270127,-0.24860705,0.10222413,0.041380838,0.09379885,0.10849539,-0.19635224,-0.20938024,18.420538805805467,73.86410898402028,718.0,Pune,2,"{""type"":""MultiPoint"",""coordinates"":[]}",-9.854238899268298,-17.091523510619986,-5.9497308495588905,-11.82114903263555
1_1_1_1_1_1_1_1_1_1_2_219_0_1_1_1_1_1_1_1_1_1_1_2_219_0,0.1777,0.1848,0.1408,0.1404,0.0634,0.0617,0.0839,0.0868,0.1052,0.1011,0.1447,0.175,4,4,-0.35856268,-0.36082473,0.10235732,0.027237354,0.15806322,0.26765665,-0.26596674,-0.3368984,18.73099656799717,74.03074646922444,719.0,Pune,2,"{""type"":""MultiPoint"",""coordinates"":[]}",-9.808656137802297,-18.03122497926251,-10.683820375574077,-18.45293099799481
1_1_1_1_1_1_1_1_1_1_2_220_0_1_1_1_1_1_1_1_1_1_1_2_220_0,0.2014,0.1886,0.1305,0.1259,0.06295,0.0626,0.0797,0.0808,0.0743,0.0879,0.2617,0.2669,6,6,-0.432942,-0.40014848,-0.13020946,-0.171899,0.55773807,0.50450957,-0.533099,-0.53523153,18.59014073144723,73.71220386947566,720.0,Pune,2,"{""type"":""MultiPoint"",""coordinates"":[]}",-10.297311765344775,-18.420494537428112,-11.367210748452571,-18.558359180303153
1_1_1_1_1_1_1_1_1_1_2_221_0_1_1_1_1_1_1_1_1_1_1_2_221_0,0.1695,0.1978,0.1516,0.1781,0.1128,0.1206,0.1291,0.143,0.1446,0.168,0.1588,0.1922,6,6,-0.13529806,-0.16079812,0.03259214,0.014358974,0.0468029,0.067184895,-0.10316082,-0.14677805,18.594362813282597,73.75595182381228,721.0,Pune,2,"{""type"":""MultiPoint"",""coordinates"":[]}",1.6526755726699731,-5.503999403779361,2.8568981851028497,-2.032959757865392
1_1_1_1_1_1_1_1_1_1_2_222_0_1_1_1_1_1_1_1_1_1_1_2_222_0,0.21975,0.2174,0.20035,0.1868,0.1472,0.1616,0.1679,0.1826,0.1924,0.1896,0.2601,0.2622,6,6,-0.13375467,-0.087,-0.08408878,-0.09341118,0.14961326,0.16069058,-0.21542056,-0.17895684,18.727942296031166,73.66117956133768,722.0,Pune,2,"{""type"":""MultiPoint"",""coordinates"":[]}",-1.614423945246784,-12.900609810664843,-3.1844332078451965,-12.381659231533355
1_1_1_1_1_1_1_1_1_1_2_223_0_1_1_1_1_1_1_1_1_1_1_2_223_0,0.21545,0.2308,0.15155,0.1518,0.0611,0.0579,0.0756,0.0821,0.0838,0.0956,0.1663,0.238,4,4,-0.48050162,-0.4752317,0.12874918,-0.015358361,0.32986805,0.4268585,-0.37494832,-0.4870353,18.45144085157918,74.00047324414962,723.0,Pune,2,"{""type"":""MultiPoint"",""coordinates"":[]}",-8.61168646314323,-15.526941472652716,-10.355902988845225,-17.920510392128545
1_1_1_1_1_1_1_1_1_1_2_224_0_1_1_1_1_1_1_1_1_1_1_2_224_0,0.28765,0.278,0.2159,0.2323,0.0898,0.0814,0.1165,0.1024,0.1614,0.1354,0.23545,0.1967,5,6,-0.42348137,-0.46161935,0.09978972,0.17126606,0.18659443,0.18458296,-0.33797413,-0.31527916,18.57307274104896,73.65498118587725,724.0,Pune,2,"{""type"":""MultiPoint"",""coordinates"":[]}",-12.884751575235939,-20.335682782420484,-13.80195619810693,-20.43027855345052
1_1_1_1_1_1_1_1_1_1_2_225_0_1_1_1_1_1_1_1_1_1_1_2_225_0,0.26415,0.2331,0.2128,0.2024,0.0821,0.1326,0.1099,0.1548,0.149,0.1788,0.19705,0.2034,4,6,-0.412378,-0.20185615,0.14549002,0.068041235,0.13885276,0.06436421,-0.28392246,-0.1356784,18.58591864961187,73.95115573505146,725.0,Pune,2,"{""type"":""MultiPoint"",""coordinates"":[]}",-14.94917754766522,-22.524729662301723,-7.334392546183569,-16.579724092852352
1_1_1_1_1_1_1_1_1_1_2_226_0_1_1_1_1_1_1_1_1_1_1_2_226_0,0.23425,0.2516,0.1639,0.1887,0.05805,0.0708,0.0805,0.0994,0.0918,0.1346,0.22885,0.2085,1,5,-0.48848292,-0.43361825,0.011660549,0.093675286,0.42741308,0.2153891,-0.4795539,-0.3543358,18.417394702311046,73.83823750383763,726.0,Pune,2,"{""type"":""MultiPoint"",""coordinates"":[]}",-9.79650693927438,-15.238703750539313,-9.16433674647398,-18.208114827723886
1_1_1_1_1_1_1_1_1_1_2_227_0_1_1_1_1_1_1_1_1_1_1_2_227_0,0.2178,0.2084,0.193,0.1865,0.1154,0.1016,0.1436,0.1272,0.1649,0.1504,0.2058,0.1842,6,6,-0.20531267,-0.24195471,0.028328612,0.061640345,0.1103318,0.10101614,-0.17801946,-0.18304431,18.454045965903124,73.82395429082013,727.0,Pune,2,"{""type"":""MultiPoint"",""coordinates"":[]}",0.28587329617265067,-10.47091316580681,-0.24086763563567182,-8.25721282817717
1_1_1_1_1_1_1_1_1_1_2_228_0_1_1_1_1_1_1_1_1_1_1_2_228_0,0.20675,0.2093,0.17535,0.1676,0.07785,0.1008,0.10185,0.1294,0.1205,0.1448,0.2074,0.2364,6,6,-0.33992222,-0.23590198,-0.0015694797,-0.06080323,0.26501983,0.24029382,-0.3413096,-0.29250956,18.479468288443705,73.90606030778865,728.0,Pune,2,"{""type"":""MultiPoint"",""coordinates"":[]}",-11.40680607360921,-16.547483648285535,-8.810326946041888,-16.997927532673437
1_1_1_1_1_1_1_1_1_1_2_229_0_1_1_1_1_1_1_1_1_1_1_2_229_0,0.29745,0.2842,0.22635,0.2266,0.08625,0.0784,0.1085,0.1011,0.1474,0.1376,0.2134,0.1996,5,5,-0.46545142,-0.47521412,0.16452971,0.17486565,0.18292683,0.18386714,-0.3258776,-0.327569,18.74599843324197,73.90444334027724,729.0,Pune,2,"{""type"":""MultiPoint"",""coordinates"":[]}",-15.857682929113166,-23.249689668761686,-12.746419678640077,-20.842041931038505
1_1_1_1_1_1_1_1_1_1_2_230_0_1_1_1_1_1_1_1_1_1_1_2_230_0,0.17295,0.2144,0.1484,0.1905,0.07765,0.113,0.098,0.146,0.1284,0.1682,0.154,0.1996,6,6,-0.27661932,-0.18978912,0.057959933,0.03574879,0.09065156,0.085372485,-0.22222222,-0.1550926,18.569120153798835,74.0311956268665,730.0,Pune,2,"{""type"":""MultiPoint"",""coordinates"":[]}",-11.51356593565906,-20.077253844651068,-7.809460327322986,-18.44182405623906
1_1_1_1_1_1_1_1_1_1_2_231_0_1_1_1_1_1_1_1_1_1_1_2_231_0,0.2256,0.2427,0.1578,0.1818,0.06525,0.0696,0.0798,0.0916,0.0988,0.1282,0.2018,0.2071,1,1,-0.47740668,-0.45198923,0.05568554,0.07914629,0.34264803,0.23531166,-0.43323863,-0.3866756,18.45880703690896,73.75056193210756,731.0,Pune,2,"{""type"":""MultiPoint"",""coordinates"":[]}",-9.00871746379121,-14.14153675909005,-8.585446973171369,-15.573766979918277
1_1_1_1_1_1_1_1_1_1_2_232_0_1_1_1_1_1_1_1_1_1_1_2_232_0,0.17975,0.2025,0.1162,0.1374,0.0528,0.0454,0.0704,0.067,0.0677,0.0684,0.2143,0.2156,1,1,-0.43713772,-0.50278294,-0.08767923,-0.031332217,0.5198582,0.51830983,-0.50544435,-0.5258316,18.4275456650216,73.65273539766694,732.0,Pune,2,"{""type"":""MultiPoint"",""coordinates"":[]}",-8.478276424294632,-15.716634546208304,-7.996820801549185,-14.880623973663178
1_1_1_1_1_1_1_1_1_1_2_233_0_1_1_1_1_1_1_1_1_1_1_2_233_0,0.1769,0.1823,0.1003,0.1278,0.0515,0.0628,0.07785,0.091,0.06915,0.1042,0.2612,0.2056,4,4,-0.38881257,-0.33406514,-0.19242182,-0.060067028,0.5813531,0.32730794,-0.5407757,-0.38637897,18.454495123545183,74.02302095778101,733.0,Pune,2,"{""type"":""MultiPoint"",""coordinates"":[]}",-9.373838830461008,-16.896282907468617,-10.577410069527549,-17.763377274072646
1_1_1_1_1_1_1_1_1_1_2_234_0_1_1_1_1_1_1_1_1_1_1_2_234_0,0.30355,0.3248,0.2322,0.2517,0.07895,0.0816,0.1111,0.1138,0.1613,0.1644,0.24875,0.2394,5,5,-0.46412638,-0.48107615,0.09922144,0.15136476,0.21326667,0.18573551,-0.3825205,-0.3556059,18.37885697662232,73.83769851466715,734.0,Pune,2,"{""type"":""MultiPoint"",""coordinates"":[]}",-10.119610572355466,-18.368602645426158,-11.18896961464738,-18.33277856216476
1_1_1_1_1_1_1_1_1_1_2_235_0_1_1_1_1_1_1_1_1_1_1_2_235_0,0.23185,0.2826,0.1212,0.2128,0.0452,0.172,0.06675,0.2084,0.051,0.2292,0.31675,0.2953,1,6,-0.5529136,-0.15112016,-0.15475756,-0.02197612,0.72263765,0.12602478,-0.65189046,-0.17252333,18.5282468083714,73.74274658913572,735.0,Pune,2,"{""type"":""MultiPoint"",""coordinates"":[]}",-11.079265871508806,-16.34096593380112,-4.260007975420843,-14.30453104772907
1_1_1_1_1_1_1_1_1_1_2_236_0_1_1_1_1_1_1_1_1_1_1_2_236_0,0.2641,0.3367,0.1993,0.3256,0.0714,0.2254,0.0826,0.2648,0.108,0.3022,0.1714,0.3184,4,4,-0.52350736,-0.1195345,0.21285878,0.027934667,0.22691482,0.02610377,-0.3496063,-0.09190672,18.581516904719685,73.93283010325541,736.0,Pune,2,"{""type"":""MultiPoint"",""coordinates"":[]}",-10.368437419776143,-16.48247384412766,-12.26205740446478,-19.682658110768582
1_1_1_1_1_1_1_1_1_1_2_237_0_1_1_1_1_1_1_1_1_1_1_2_237_0,0.21895,0.2226,0.18965,0.1916,0.09195,0.0836,0.1133,0.1004,0.1375,0.123,0.1661,0.1566,5,7,-0.31798345,-0.37832817,0.13725491,0.17405063,0.0942029,0.12017167,-0.18897638,-0.21867704,18.63011576159055,73.94073527775566,737.0,Pune,2,"{""type"":""MultiPoint"",""coordinates"":[]}",-11.935720360476834,-19.049256751777634,-10.495492667361098,-17.7383516364999
1_1_1_1_1_1_1_1_1_1_2_238_0_1_1_1_1_1_1_1_1_1_1_2_238_0,0.23205,0.2116,0.1557,0.1687,0.06645,0.0505,0.0825,0.0688,0.1054,0.091,0.21815,0.1511,1,1,-0.4754411,-0.50927246,0.030875167,0.16680452,0.3484778,0.24824452,-0.4511891,-0.37426102,18.406614918901614,73.6966630150604,738.0,Pune,2,"{""type"":""MultiPoint"",""coordinates"":[]}",-9.660905138996004,-15.70464669385119,-9.576882794461651,-15.420327413556148
1_1_1_1_1_1_1_1_1_1_2_239_0_1_1_1_1_1_1_1_1_1_1_2_239_0,0.20965,0.2081,0.1422,0.1526,0.0529,0.043,0.06825,0.0563,0.0727,0.0684,0.189,0.1378,4,6,-0.5088161,-0.5741301,0.051799823,0.20323794,0.44440198,0.33656645,-0.46938777,-0.41988665,18.584930502799335,73.88171596358902,739.0,Pune,2,"{""type"":""MultiPoint"",""coordinates"":[]}",-9.935725139979258,-14.533144196348305,-8.193211093506175,-14.064055683767576
1_1_1_1_1_1_1_1_1_1_2_240_0_1_1_1_1_1_1_1_1_1_1_2_240_0,0.3148,0.2565,0.24555,0.2218,0.0913,0.0982,0.1118,0.1206,0.1406,0.1582,0.2227,0.2095,4,6,-0.4758556,-0.36038187,0.17134884,0.10085837,0.22598404,0.1395159,-0.3315396,-0.26931232,18.641344702642044,73.70798178764029,740.0,Pune,2,"{""type"":""MultiPoint"",""coordinates"":[]}",-11.80264611683435,-19.60748325439562,-11.63087581904115,-16.661531766067338
1_1_1_1_1_1_1_1_1_1_2_241_0_1_1_1_1_1_1_1_1_1_1_2_241_0,0.2958,0.2774,0.21035,0.1976,0.04655,0.0588,0.0727,0.0835,0.1154,0.1216,0.19085,0.1852,5,5,-0.6054274,-0.5372679,0.21565807,0.19930826,0.24636735,0.20730117,-0.44830203,-0.37848902,18.354153306309037,73.75397553018722,741.0,Pune,2,"{""type"":""MultiPoint"",""coordinates"":[]}",-13.367160093472227,-20.19542185463044,-12.02071340069156,-19.065813032682726
1_1_1_1_1_1_1_1_1_1_2_242_0_1_1_1_1_1_1_1_1_1_1_2_242_0,0.2722,0.3025,0.18655,0.2156,0.0768,0.0543,0.0916,0.0838,0.1018,0.1184,0.2374,0.2222,1,1,-0.4964266,-0.5661403,0.068288855,0.15303983,0.39976415,0.3047563,-0.4431611,-0.45228758,18.37337725338919,73.73529057227753,742.0,Pune,2,"{""type"":""MultiPoint"",""coordinates"":[]}",-9.17753329962511,-15.269548559536117,-9.405563635798995,-15.020209471953494
1_1_1_1_1_1_1_1_1_1_2_243_0_1_1_1_1_1_1_1_1_1_1_2_243_0,0.1352,0.365,0.1105,0.3453,0.0627,0.2512,0.0761,0.2878,0.0928,0.3112,0.13275,0.3252,4,6,-0.27969712,-0.1182598,0.009143497,0.057664447,0.1771226,0.021998743,-0.2712473,-0.06101142,18.735308481360946,73.81479147492212,743.0,Pune,2,"{""type"":""MultiPoint"",""coordinates"":[]}",-11.003723241343796,-19.96700987728427,-2.10244721059383,-10.164556124037299
1_1_1_1_1_1_1_1_1_1_2_244_0_1_1_1_1_1_1_1_1_1_1_2_244_0,0.2174,0.219,0.2106,0.2105,0.1006,0.108,0.1166,0.1164,0.1346,0.131,0.1659,0.1806,6,6,-0.3017964,-0.3059034,0.13435951,0.0960961,0.104159735,0.15917844,-0.17451328,-0.21616162,18.503363475001287,73.91710958578332,744.0,Pune,2,"{""type"":""MultiPoint"",""coordinates"":[]}",-4.269180238006819,-8.869179767315597,-4.293223175581643,-8.191641241315684
1_1_1_1_1_1_1_1_1_1_2_245_0_1_1_1_1_1_1_1_1_1_1_2_245_0,0.25915,0.257,0.20835,0.2061,0.07805,0.0675,0.1018,0.0892,0.1349,0.1174,0.1995,0.2025,6,6,-0.43593296,-0.48469093,0.13005559,0.11860718,0.19318181,0.26602063,-0.32426155,-0.38841274,18.717252344150143,74.0221226424969,745.0,Pune,2,"{""type"":""MultiPoint"",""coordinates"":[]}",-8.104833016868785,-17.300636128012915,-8.50966756421175,-14.681277137399913
1_1_1_1_1_1_1_1_1_1_2_246_0_1_1_1_1_1_1_1_1_1_1_2_246_0,0.1576,0.1676,0.12695,0.1394,0.06765,0.0734,0.0927,0.0936,0.0872,0.0938,0.1631,0.1924,6,6,-0.25928885,-0.28330782,-0.017149985,-0.06888889,0.30323613,0.34451434,-0.275215,-0.34545454,18.50596858932523,73.85171223309942,746.0,Pune,2,"{""type"":""MultiPoint"",""coordinates"":[]}",-3.664580994969027,-8.851408683114059,-4.335278139850394,-9.128752132749586
1_1_1_1_1_1_1_1_1_1_2_247_0_1_1_1_1_1_1_1_1_1_1_2_247_0,0.2269,0.2519,0.1572,0.1865,0.0519,0.0491,0.06895,0.0744,0.08075,0.1082,0.18765,0.1844,1,6,-0.5338854,-0.5439779,0.09468098,0.15471007,0.39828613,0.26042378,-0.46258768,-0.42503864,18.4929430177055,73.65659815338866,747.0,Pune,2,"{""type"":""MultiPoint"",""coordinates"":[]}",-8.509127157638801,-14.38683261446604,-7.859242035029819,-14.582347344016185
1_1_1_1_1_1_1_1_1_1_2_248_0_1_1_1_1_1_1_1_1_1_1_2_248_0,0.22715,0.2542,0.1606,0.1836,0.0494,0.0514,0.0616,0.0728,0.0786,0.1036,0.1657,0.1908,5,5,-0.5733333,-0.5547401,0.15642102,0.14247191,0.35652885,0.29619566,-0.45798504,-0.44764796,18.415418408685984,73.70088509689576,748.0,Pune,2,"{""type"":""MultiPoint"",""coordinates"":[]}",-9.338095335914085,-16.661029628073052,-9.209876485106033,-15.936214864608033
1_1_1_1_1_1_1_1_1_1_2_249_0_1_1_1_1_1_1_1_1_1_1_2_249_0,0.2122,0.2019,0.1765,0.1651,0.1077,0.0921,0.1445,0.1194,0.1466,0.124,0.2355,0.198,6,6,-0.18979535,-0.2567694,-0.05204378,0.009752438,0.2326616,0.22981367,-0.23947369,-0.24763705,18.520880623041617,73.8891719804472,749.0,Pune,2,"{""type"":""MultiPoint"",""coordinates"":[]}",1.38303790082118,-11.97204248142003,-2.827001791609197,-11.767643236832564
1_1_1_1_1_1_1_1_1_1_2_250_0_1_1_1_1_1_1_1_1_1_1_2_250_0,0.20045,0.1827,0.1407,0.1369,0.073,0.0619,0.097,0.0822,0.1074,0.1032,0.1973,0.2036,4,4,-0.34778956,-0.37938845,0.007919547,-0.054103028,0.2950443,0.32724902,-0.3408087,-0.42477256,18.65958050290967,73.97469159549539,750.0,Pune,2,"{""type"":""MultiPoint"",""coordinates"":[]}",-11.268562212015826,-17.369862325605922,-11.540831622357866,-17.080295802564933
1_1_1_1_1_1_1_1_1_1_2_251_0_1_1_1_1_1_1_1_1_1_1_2_251_0,0.33625,0.2679,0.27475,0.2211,0.1019,0.0734,0.1306,0.0916,0.1928,0.1266,0.2611,0.1706,4,6,-0.4405055,-0.49040332,0.12580565,0.22189282,0.15047367,0.14804845,-0.33316314,-0.3012967,18.64520745836376,73.85880892384397,751.0,Pune,2,"{""type"":""MultiPoint"",""coordinates"":[]}",-17.74657607145615,-24.17594140729119,-4.46801815697704,-14.80880419927287
1_1_1_1_1_1_1_1_1_1_2_252_0_1_1_1_1_1_1_1_1_1_1_2_252_0,0.1601,0.1751,0.156,0.1602,0.1013,0.0993,0.1207,0.112,0.1375,0.1332,0.158,0.156,6,6,-0.14031339,-0.21978405,0.0066016978,0.0576865,0.06937394,0.07883818,-0.13383566,-0.1641791,18.449554389482525,73.85548515729272,752.0,Pune,2,"{""type"":""MultiPoint"",""coordinates"":[]}",-1.3168988279772451,-14.390807362902454,0.17929545955255408,-12.61548395474717
1_1_1_1_1_1_1_1_1_1_2_253_0_1_1_1_1_1_1_1_1_1_1_2_253_0,0.17535,0.1865,0.1439,0.1388,0.05935,0.0449,0.07585,0.064,0.0809,0.07,0.162,0.1836,1,5,-0.39609873,-0.48902196,0.039573144,0.00783572,0.33388224,0.44794953,-0.36220306,-0.48303714,18.744022139616906,73.8282662041839,753.0,Pune,2,"{""type"":""MultiPoint"",""coordinates"":[]}",-8.925305703000156,-16.120132392729573,-8.215471080750286,-14.10601791883871
1_1_1_1_1_1_1_1_1_1_2_254_0_1_1_1_1_1_1_1_1_1_1_2_254_0,0.267,0.2733,0.1924,0.202,0.07775,0.0692,0.09215,0.0907,0.1261,0.13,0.1888,0.1909,5,5,-0.48684394,-0.50164837,0.17156647,0.1775097,0.19911084,0.18977875,-0.3440114,-0.35582387,18.48782262058602,73.7756249285345,754.0,Pune,2,"{""type"":""MultiPoint"",""coordinates"":[]}",-9.672135433741968,-15.831785518356188,-10.365771907006744,-15.362349735752517
1_1_1_1_1_1_1_1_1_1_2_255_0_1_1_1_1_1_1_1_1_1_1_2_255_0,0.1857,0.1847,0.14905,0.1529,0.0689,0.0732,0.09165,0.096,0.10025,0.1168,0.18605,0.1882,6,6,-0.3391022,-0.31599572,-0.00094149297,-0.009385894,0.29968566,0.23409836,-0.33993518,-0.3244194,18.55663357134957,73.79511837019989,755.0,Pune,2,"{""type"":""MultiPoint"",""coordinates"":[]}",-9.22738210255626,-14.384492934420031,-9.181888008898678,-15.177887250115013
1_1_1_1_1_1_1_1_1_1_2_256_0_1_1_1_1_1_1_1_1_1_1_2_256_0,0.196,0.1889,0.1355,0.1451,0.06665,0.0525,0.0792,0.0716,0.0879,0.0902,0.1765,0.1602,1,5,-0.4244186,-0.4502879,0.052348994,0.0822114,0.33509833,0.27955273,-0.38052404,-0.38222605,18.490427734909964,73.67986451924736,756.0,Pune,2,"{""type"":""MultiPoint"",""coordinates"":[]}",-12.015957882568891,-18.36857792058693,-9.928044841578343,-17.851717369265184
1_1_1_1_1_1_1_1_1_1_2_257_0_1_1_1_1_1_1_1_1_1_1_2_257_0,0.24845,0.1746,0.17605,0.1344,0.05535,0.0538,0.0725,0.0724,0.0953,0.0946,0.20355,0.164,1,4,-0.5482162,-0.4137652,0.09933628,0.031305376,0.36222184,0.26836812,-0.47473285,-0.38747886,18.389546928503343,73.73987198022654,757.0,Pune,2,"{""type"":""MultiPoint"",""coordinates"":[]}",-10.701591431222388,-17.05754705268297,-11.797702871926896,-19.109280511737058
1_1_1_1_1_1_1_1_1_1_2_258_0_1_1_1_1_1_1_1_1_1_1_2_258_0,0.2844,0.2499,0.2071,0.2181,0.0697,0.0522,0.0853,0.0684,0.1173,0.095,0.2052,0.1429,5,5,-0.5385448,-0.5702168,0.16176471,0.27240327,0.27255815,0.2013451,-0.41273665,-0.35257927,18.38478585749751,73.71373100545867,758.0,Pune,2,"{""type"":""MultiPoint"",""coordinates"":[]}",-9.753646092046687,-16.42883118759667,-9.798515288762445,-15.69055545926082
1_1_1_1_1_1_1_1_1_1_2_259_0_1_1_1_1_1_1_1_1_1_1_2_259_0,0.1657,0.1782,0.14845,0.149,0.07395,0.0736,0.09065,0.0888,0.1029,0.1009,0.15455,0.1571,6,6,-0.2927638,-0.33483145,0.03481655,0.06292872,0.20062149,0.21782945,-0.26060358,-0.27775517,18.49986004539322,73.7936810657453,759.0,Pune,2,"{""type"":""MultiPoint"",""coordinates"":[]}",-6.123061151170289,-10.74163922332449,-7.723182110958257,-9.616012950356332
1_1_1_1_1_1_1_1_1_1_2_260_0_1_1_1_1_1_1_1_1_1_1_2_260_0,0.1608,0.1821,0.10875,0.1258,0.0574,0.0588,0.0755,0.0907,0.0695,0.094,0.2037,0.233,4,4,-0.3609818,-0.335044,-0.11769547,-0.12262105,0.49121523,0.42507645,-0.45916906,-0.43960458,18.513065280069775,73.68732053610555,760.0,Pune,2,"{""type"":""MultiPoint"",""coordinates"":[]}",-11.054246133806163,-18.608466072059084,-11.227890845475759,-17.81289971943204
1_1_1_1_1_1_1_1_1_1_2_261_0_1_1_1_1_1_1_1_1_1_1_2_261_0,0.24955,0.2727,0.17035,0.1913,0.04795,0.0487,0.06515,0.0662,0.09295,0.1006,0.1767,0.1713,1,5,-0.5859549,-0.6093243,0.17090909,0.22837839,0.3105878,0.26002207,-0.4612363,-0.4425263,18.37661118841202,73.75882643272146,761.0,Pune,2,"{""type"":""MultiPoint"",""coordinates"":[]}",1.4788062830325044,-9.014306089567595,0.32648083332039135,-8.432593228988605
1_1_1_1_1_1_1_1_1_1_2_262_0_1_1_1_1_1_1_1_1_1_1_2_262_0,0.2737,0.2308,0.2105,0.1903,0.0826,0.0797,0.1074,0.104,0.1429,0.1332,0.1916,0.176,5,5,-0.4363684,-0.37873358,0.1764453,0.13470992,0.14559044,0.13842173,-0.28160536,-0.25714287,18.739350900139485,73.79925062050684,762.0,Pune,2,"{""type"":""MultiPoint"",""coordinates"":[]}",-10.250647701043698,-20.318838791161763,-10.339054186631166,-19.72581749156055
1_1_1_1_1_1_1_1_1_1_2_263_0_1_1_1_1_1_1_1_1_1_1_2_263_0,0.2677,0.2563,0.20745,0.195,0.0689,0.0556,0.09135,0.0766,0.1125,0.0896,0.2061,0.1979,5,5,-0.49115723,-0.5398017,0.13001266,0.12857772,0.2937853,0.37669566,-0.3857791,-0.44189435,18.676378998722704,74.00505465209862,763.0,Pune,2,"{""type"":""MultiPoint"",""coordinates"":[]}",-11.710253740280498,-18.745424986078262,-11.436123985672142,-16.56171938062227
1_1_1_1_1_1_1_1_1_1_2_264_0_1_1_1_1_1_1_1_1_1_1_2_264_0,0.14595,0.1659,0.10285,0.1065,0.05735,0.0402,0.07175,0.0678,0.0664,0.0592,0.1739,0.2174,4,4,-0.34083602,-0.41976893,-0.08738471,-0.13435951,0.44735748,0.5719451,-0.41583553,-0.5245442,18.526001020161097,73.9522337133924,764.0,Pune,2,"{""type"":""MultiPoint"",""coordinates"":[]}",-9.534615528549407,-16.126500007844328,-10.032711963023273,-17.67224468102799
1_1_1_1_1_1_1_1_1_1_2_265_0_1_1_1_1_1_1_1_1_1_1_2_265_0,0.26885,0.2459,0.202,0.1829,0.07195,0.0632,0.0897,0.0802,0.1142,0.1018,0.22515,0.1848,4,4,-0.49965137,-0.5081263,0.08846154,0.14186208,0.32694858,0.28960222,-0.43020487,-0.39471698,18.602088324726022,73.65704731103072,765.0,Pune,2,"{""type"":""MultiPoint"",""coordinates"":[]}",-11.353147756666006,-18.9224832864008,-10.575160982410651,-17.55948172540919
1_1_1_1_1_1_1_1_1_1_2_266_0_1_1_1_1_1_1_1_1_1_1_2_266_0,0.21445,0.2345,0.16115,0.1735,0.07565,0.0928,0.08655,0.1238,0.1076,0.1594,0.1809,0.2357,6,6,-0.42491695,-0.30895898,0.08486152,-0.0025521056,0.2540728,0.19311567,-0.35277623,-0.31126565,18.562292957639528,73.75334670948834,766.0,Pune,2,"{""type"":""MultiPoint"",""coordinates"":[]}",-9.28388533319702,-16.014279860201988,-8.237169941406384,-16.887197510685937
1_1_1_1_1_1_1_1_1_1_2_267_0_1_1_1_1_1_1_1_1_1_1_2_267_0,0.20145,0.2076,0.14045,0.1478,0.05515,0.0416,0.0746,0.0591,0.07375,0.0638,0.22095,0.2304,1,1,-0.4595182,-0.5568054,-0.046164773,-0.052054796,0.499491,0.56628144,-0.4951785,-0.59170985,18.68967406492768,73.72136668537368,767.0,Pune,2,"{""type"":""MultiPoint"",""coordinates"":[]}",-8.294877121684396,-14.325637612356877,-8.190504114492724,-14.91836674634169
1_1_1_1_1_1_1_1_1_1_2_268_0_1_1_1_1_1_1_1_1_1_1_2_268_0,0.14195,0.16,0.0929,0.1131,0.05715,0.0412,0.06905,0.0574,0.06485,0.0544,0.158,0.1613,1,1,-0.34549764,-0.4719411,-0.05350892,-0.004046063,0.41799417,0.49559572,-0.39176393,-0.47508,18.56426925126459,73.86231235345203,768.0,Pune,2,"{""type"":""MultiPoint"",""coordinates"":[]}",-8.196511425678043,-14.022961551736675,-8.786612459253432,-14.547055826679072
1_1_1_1_1_1_1_1_1_1_2_269_0_1_1_1_1_1_1_1_1_1_1_2_269_0,0.1876,0.1945,0.16765,0.1751,0.0642,0.0662,0.07795,0.082,0.0897,0.0996,0.1221,0.1307,5,5,-0.4129166,-0.40687162,0.211495,0.19618696,0.1529745,0.13504125,-0.22069483,-0.22896098,18.54261985291731,73.96624743182466,769.0,Pune,2,"{""type"":""MultiPoint"",""coordinates"":[]}",-10.611921277323177,-18.769739622921126,-11.403832162542686,-19.025708242826273
1_1_1_1_1_1_1_1_1_1_2_270_0_1_1_1_1_1_1_1_1_1_1_2_270_0,0.1997,0.1903,0.1803,0.1538,0.1065,0.1032,0.1302,0.1128,0.1486,0.1072,0.18895,0.2343,6,6,-0.2106699,-0.2556912,0.027659848,-0.103626944,0.119537845,0.37218156,-0.18408272,-0.3500432,18.578372801225267,73.74086012703907,770.0,Pune,2,"{""type"":""MultiPoint"",""coordinates"":[]}",-1.2585482286227714,-13.81360921287661,-1.0150795509626147,-12.310045225534695
1_1_1_1_1_1_1_1_1_1_2_271_0_1_1_1_1_1_1_1_1_1_1_2_271_0,0.0786,0.0964,0.0594,0.0711,0.0461,0.0345,0.059,0.0497,0.0486,0.0381,0.053,0.0761,0,0,-0.14244185,-0.3196441,0.19452888,0.11768116,0.04330709,0.33274958,0.05357143,-0.20985691,18.53219939562152,74.03757366538375,771.0,Pune,2,"{""type"":""MultiPoint"",""coordinates"":[]}",-16.027055751407715,-21.046917460305075,-17.137742027410383,-22.230514781974875
1_1_1_1_1_1_1_1_1_1_2_272_0_1_1_1_1_1_1_1_1_1_1_2_272_0,0.10765,0.1766,0.08715,0.1063,0.05765,0.0463,0.06855,0.0868,0.07345,0.0558,0.1424,0.328,4,4,-0.22190693,-0.34092635,-0.13897221,-0.30003965,0.3194348,0.70922357,-0.35008296,-0.58148503,18.678355292347767,73.80149640871714,772.0,Pune,2,"{""type"":""MultiPoint"",""coordinates"":[]}",-10.699711223406654,-17.35022607566858,-10.184646083859061,-18.79687982020593
1_1_1_1_1_1_1_1_1_1_2_273_0_1_1_1_1_1_1_1_1_1_1_2_273_0,0.18055,0.2018,0.12135,0.1427,0.0588,0.0638,0.07565,0.0866,0.08585,0.1076,0.183,0.1962,4,4,-0.40944573,-0.3994452,-0.0067391004,0.014070352,0.3613539,0.29163924,-0.41503963,-0.38755304,18.47353940756852,73.66162871897973,773.0,Pune,2,"{""type"":""MultiPoint"",""coordinates"":[]}",-10.159301821124613,-17.706399626920337,-10.749604460267939,-18.401174679294396
1_1_1_1_1_1_1_1_1_1_2_274_0_1_1_1_1_1_1_1_1_1_1_2_274_0,0.1682,0.1576,0.12225,0.0888,0.0647,0.048,0.09225,0.0714,0.09485,0.0662,0.21055,0.3289,4,4,-0.2916107,-0.37641922,-0.111815184,-0.3521069,0.37884742,0.66489494,-0.39068693,-0.6432676,18.549447049076612,74.03972962206564,774.0,Pune,2,"{""type"":""MultiPoint"",""coordinates"":[]}",-11.29466222817893,-19.02805360515529,-11.920835602115229,-17.492869358924295
1_1_1_1_1_1_1_1_1_1_2_275_0_1_1_1_1_1_1_1_1_1_1_2_275_0,0.3144,0.2194,0.22465,0.192,0.0786,0.0548,0.101,0.0708,0.1462,0.0956,0.23965,0.1512,5,5,-0.5137217,-0.51206064,0.13491562,0.1840259,0.24219257,0.22528364,-0.407016,-0.36216217,18.48970908268267,73.72774472389092,775.0,Pune,2,"{""type"":""MultiPoint"",""coordinates"":[]}",-9.843892538726509,-16.734687155351455,-8.062145590146176,-15.280888831281196
1_1_1_1_1_1_1_1_1_1_2_276_0_1_1_1_1_1_1_1_1_1_1_2_276_0,0.26635,0.268,0.18405,0.1975,0.05495,0.0538,0.07575,0.0741,0.1153,0.1088,0.18775,0.1785,5,5,-0.557147,-0.5667933,0.17308962,0.20044793,0.23906946,0.24260356,-0.42504743,-0.41330168,18.35181768657032,73.67258816544599,776.0,Pune,2,"{""type"":""MultiPoint"",""coordinates"":[]}",-6.805674205372155,-14.830917509781338,-6.8456126263740815,-15.259368684744008
1_1_1_1_1_1_1_1_1_1_2_277_0_1_1_1_1_1_1_1_1_1_1_2_277_0,0.2436,0.255,0.17965,0.198,0.0655,0.056,0.0844,0.0768,0.1119,0.1076,0.1916,0.172,5,5,-0.48536587,-0.5370705,0.1194853,0.19437939,0.26260296,0.23032904,-0.3884058,-0.38263667,18.425030382226065,73.79341157116006,777.0,Pune,2,"{""type"":""MultiPoint"",""coordinates"":[]}",-10.621458194487609,-16.699688450876295,-10.377439357727766,-17.432814778168233
1_1_1_1_1_1_1_1_1_1_2_278_0_1_1_1_1_1_1_1_1_1_1_2_278_0,0.1399,0.1616,0.0967,0.1191,0.05625,0.038,0.06585,0.0509,0.06285,0.0562,0.1388,0.1376,6,6,-0.3599028,-0.5209412,0.003946896,0.080213904,0.3766427,0.42002064,-0.35646224,-0.45994696,18.638200599147627,73.77544526547767,778.0,Pune,2,"{""type"":""MultiPoint"",""coordinates"":[]}",-9.394282797638661,-14.339031873566341,-8.047317004200064,-13.825026966321882
1_1_1_1_1_1_1_1_1_1_2_279_0_1_1_1_1_1_1_1_1_1_1_2_279_0,0.24835,0.2286,0.203,0.1967,0.0731,0.0988,0.0875,0.1268,0.1097,0.1582,0.1571,0.187,5,5,-0.47893405,-0.2864378,0.22505857,0.10009625,0.17766117,0.083429895,-0.2845462,-0.19184193,18.65499909496066,73.87210399004894,779.0,Pune,2,"{""type"":""MultiPoint"",""coordinates"":[]}",-8.831302303021154,-18.17946557705432,-11.141398647878447,-17.560612665556043
1_1_1_1_1_1_1_1_1_1_2_280_0_1_1_1_1_1_1_1_1_1_1_2_280_0,0.14815,0.1523,0.12315,0.0891,0.0616,0.0449,0.0799,0.0654,0.09725,0.0524,0.1393,0.2938,4,4,-0.29927647,-0.39917317,0.030787963,-0.31719345,0.17776369,0.6972848,-0.2709854,-0.63585746,18.747615400753386,73.95349135479016,780.0,Pune,2,"{""type"":""MultiPoint"",""coordinates"":[]}",-9.875616457972644,-16.822902118599565,-9.046660630892982,-17.655100519495914
1_1_1_1_1_1_1_1_1_1_2_281_0_1_1_1_1_1_1_1_1_1_1_2_281_0,0.18595,0.1837,0.1589,0.1541,0.0697,0.0618,0.083,0.0756,0.0935,0.0842,0.1469,0.1582,6,6,-0.3827849,-0.41689163,0.11732011,0.07458321,0.22212978,0.30528054,-0.27794692,-0.35329342,18.46886816809109,73.87093618017958,781.0,Pune,2,"{""type"":""MultiPoint"",""coordinates"":[]}",-6.092538580053555,-15.42833294908734,-4.490592503198033,-14.584470179391417
1_1_1_1_1_1_1_1_1_1_2_282_0_1_1_1_1_1_1_1_1_1_1_2_282_0,0.014,0.0125,0.011,0.011,0.03905,0.0396,0.0412,0.0551,0.0314,0.0349,0.02235,0.0104,0,0,0.49275362,0.6301775,-0.22971115,0.09170306,-0.1683721,-0.54083884,0.29661682,0.6824427,18.403111489293547,73.71714460353832,782.0,Pune,2,"{""type"":""MultiPoint"",""coordinates"":[]}",-21.71799867913842,-29.970336008563557,-21.244402691988444,-28.857864757659684
1_1_1_1_1_1_1_1_1_1_2_283_0_1_1_1_1_1_1_1_1_1_1_2_283_0,0.1598,0.1739,0.08775,0.1249,0.04765,0.0517,0.0623,0.0677,0.05425,0.0724,0.1955,0.1808,1,1,-0.43899146,-0.43956953,-0.10047847,-0.019453058,0.5655656,0.42812008,-0.5166796,-0.4551308,18.486744642245075,73.90093991066917,783.0,Pune,2,"{""type"":""MultiPoint"",""coordinates"":[]}",-11.704840447496231,-16.601846130629802,-9.397443234147525,-17.047279246302615
1_1_1_1_1_1_1_1_1_1_2_284_0_1_1_1_1_1_1_1_1_1_1_2_284_0,0.1861,0.1911,0.1067,0.118,0.0482,0.0375,0.07085,0.0578,0.0603,0.0514,0.2891,0.272,1,1,-0.44853085,-0.53555644,-0.21675085,-0.17469229,0.65483683,0.6821274,-0.6063342,-0.6494845,18.61349692883434,73.84138160733205,784.0,Pune,2,"{""type"":""MultiPoint"",""coordinates"":[]}",-6.753700114368648,-12.952294452555426,-7.816528546983981,-13.064354099704278
1_1_1_1_1_1_1_1_1_1_2_285_0_1_1_1_1_1_1_1_1_1_1_2_285_0,0.1996,0.2038,0.1978,0.2002,0.1036,0.129,0.1197,0.1356,0.1298,0.1472,0.1695,0.1922,6,6,-0.2502349,-0.20094284,0.08154972,0.02929293,0.13264284,0.13258691,-0.17219917,-0.17266627,18.462490129573847,73.8666242668158,785.0,Pune,2,"{""type"":""MultiPoint"",""coordinates"":[]}",-5.484912301956804,-12.083860100701951,-7.284052651449732,-14.432256250974206
1_1_1_1_1_1_1_1_1_1_2_286_0_1_1_1_1_1_1_1_1_1_1_2_286_0,0.20685,0.2074,0.1667,0.1706,0.09765,0.0662,0.1212,0.0821,0.1281,0.0999,0.22015,0.212,6,6,-0.26108825,-0.4328152,-0.031147541,-0.01096805,0.2643216,0.35941008,-0.28987843,-0.4416865,18.58870342699264,73.80158624024556,786.0,Pune,2,"{""type"":""MultiPoint"",""coordinates"":[]}",-3.6313127632195563,-13.961769653699672,-3.408278350179063,-14.52255434698266
1_1_1_1_1_1_1_1_1_1_2_287_0_1_1_1_1_1_1_1_1_1_1_2_287_0,0.248,0.1671,0.16905,0.1544,0.067,0.0482,0.08355,0.056,0.1133,0.0681,0.2006,0.0938,1,1,-0.49600363,-0.49798298,0.10566206,0.28095055,0.27811405,0.15873997,-0.41193032,-0.25233644,18.44048140511292,73.74139911620955,787.0,Pune,2,"{""type"":""MultiPoint"",""coordinates"":[]}",-11.854030577194205,-15.948444575381561,-10.019591524125628,-16.968550708271703
1_1_1_1_1_1_1_1_1_1_2_288_0_1_1_1_1_1_1_1_1_1_1_2_288_0,0.17505,0.1913,0.13415,0.1273,0.07125,0.0549,0.082,0.0804,0.0861,0.0866,0.19415,0.2376,4,4,-0.36199182,-0.4081708,-0.05173348,-0.10795057,0.38554862,0.46576187,-0.40611985,-0.49433962,18.609813836169447,73.66270669732067,788.0,Pune,2,"{""type"":""MultiPoint"",""coordinates"":[]}",-10.309105363228955,-17.32830714679571,-10.05897100448056,-16.420207274001395
1_1_1_1_1_1_1_1_1_1_2_289_0_1_1_1_1_1_1_1_1_1_1_2_289_0,0.1866,0.1959,0.1172,0.1544,0.0518,0.0582,0.0653,0.0788,0.0681,0.0869,0.17435,0.1851,1,6,-0.4815403,-0.4262832,0.033938218,0.028346457,0.4382347,0.36102942,-0.4550386,-0.4028041,18.530582428110108,73.92546391792564,789.0,Pune,2,"{""type"":""MultiPoint"",""coordinates"":[]}",-9.690400689153838,-14.953523882745252,-6.27797833259438,-13.597204711665626
1_1_1_1_1_1_1_1_1_1_2_290_0_1_1_1_1_1_1_1_1_1_1_2_290_0,0.1986,0.1895,0.15695,0.1386,0.0517,0.0534,0.07365,0.0788,0.1093,0.1034,0.1648,0.2188,1,5,-0.45895317,-0.41259784,0.093010455,-0.07176096,0.20248085,0.35816264,-0.38226044,-0.4704301,18.37562304159949,73.9267215593234,790.0,Pune,2,"{""type"":""MultiPoint"",""coordinates"":[]}",-9.011904928973983,-15.78765524357107,-9.257845514290427,-17.30191414602199
1_1_1_1_1_1_1_1_1_1_2_291_0_1_1_1_1_1_1_1_1_1_1_2_291_0,0.2094,0.22,0.18635,0.1823,0.1097,0.0948,0.1298,0.1186,0.1529,0.1312,0.2091,0.2264,6,6,-0.2346698,-0.2994684,0.00071684585,-0.014336918,0.15524861,0.26621923,-0.23399232,-0.31246376,18.647453246574056,73.76816891167631,791.0,Pune,2,"{""type"":""MultiPoint"",""coordinates"":[]}",-3.43214726327905,-6.310753515880034,-1.090943755695326,-5.758215959335114
1_1_1_1_1_1_1_1_1_1_2_292_0_1_1_1_1_1_1_1_1_1_1_2_292_0,0.2083,0.2093,0.16635,0.177,0.0727,0.0822,0.0895,0.106,0.1065,0.1288,0.1543,0.1738,6,6,-0.39892545,-0.32762447,0.14892444,0.0926651,0.18328221,0.14871117,-0.26579162,-0.24231593,18.748962873679563,73.6928900908671,792.0,Pune,2,"{""type"":""MultiPoint"",""coordinates"":[]}",-10.436413897936575,-16.817137579440825,-3.7384117024263572,-16.27036739640273
1_1_1_1_1_1_1_1_1_1_2_293_0_1_1_1_1_1_1_1_1_1_1_2_293_0,0.2176,0.2407,0.15605,0.1757,0.0472,0.0658,0.06125,0.0913,0.0633,0.1232,0.177,0.1824,5,5,-0.5606957,-0.45,0.102889,0.13779248,0.47315854,0.19371727,-0.4858342,-0.3328462,18.374904389372197,73.65039977792824,793.0,Pune,2,"{""type"":""MultiPoint"",""coordinates"":[]}",-10.507521273777519,-17.202451254880224,-7.486913243074302,-17.45630911139681
1_1_1_1_1_1_1_1_1_1_2_294_0_1_1_1_1_1_1_1_1_1_1_2_294_0,0.23075,0.2381,0.20145,0.2033,0.1757,0.2354,0.214,0.292,0.2462,0.3104,0.2712,0.3424,6,6,-0.03766161,0.10167893,-0.08058572,-0.1796727,0.048318516,0.04901961,-0.11788953,-0.079445146,18.73252370398017,73.79727432688178,794.0,Pune,2,"{""type"":""MultiPoint"",""coordinates"":[]}",-0.950579051533672,-11.339179044835461,-0.639424263300608,-9.610724672043947
1_1_1_1_1_1_1_1_1_1_2_295_0_1_1_1_1_1_1_1_1_1_1_2_295_0,0.20255,0.2712,0.12805,0.1947,0.05805,0.062,0.0771,0.0824,0.0839,0.1072,0.1854,0.2082,5,5,-0.44859645,-0.5339367,0.044206727,0.13141426,0.3769031,0.32022828,-0.41257143,-0.43289745,18.725067687121985,73.96175585540406,795.0,Pune,2,"{""type"":""MultiPoint"",""coordinates"":[]}",-10.416856318970218,-15.242942443751064,-13.188996714816707,-18.15632050287885
1_1_1_1_1_1_1_1_1_1_2_296_0_1_1_1_1_1_1_1_1_1_1_2_296_0,0.15285,0.1766,0.1323,0.1451,0.09515,0.118,0.1136,0.141,0.1242,0.151,0.1834,0.2186,6,6,-0.14730719,-0.11209068,-0.09085502,-0.106275305,0.19245774,0.18290043,-0.23501684,-0.21579532,18.63613447399415,73.83365609588861,796.0,Pune,2,"{""type"":""MultiPoint"",""coordinates"":[]}",-9.306781409639862,-11.351666879052196,-6.662761217948212,-11.20803555138097
1_1_1_1_1_1_1_1_1_1_2_297_0_1_1_1_1_1_1_1_1_1_1_2_297_0,0.1454,0.1703,0.083,0.1379,0.0518,0.0554,0.06945,0.0724,0.0565,0.0907,0.2664,0.1378,4,4,-0.35350245,-0.40337867,-0.29383194,0.10548523,0.65004647,0.20612691,-0.5864225,-0.31113225,18.546752103224257,74.01224117437158,797.0,Pune,2,"{""type"":""MultiPoint"",""coordinates"":[]}",-10.848383705685269,-18.14791736601653,-10.324511227383779,-18.31161308037838
1_1_1_1_1_1_1_1_1_1_2_298_0_1_1_1_1_1_1_1_1_1_1_2_298_0,0.2599,0.2632,0.2008,0.1948,0.0742,0.0641,0.09255,0.0862,0.1203,0.0996,0.18805,0.1959,5,5,-0.47481912,-0.50658274,0.16039737,0.14659116,0.21971786,0.32588834,-0.34034213,-0.3888692,18.688865581171967,73.74193810538002,798.0,Pune,2,"{""type"":""MultiPoint"",""coordinates"":[]}",-11.63433183472922,-18.415978006446046,-11.104460627277026,-17.034746008399388
1_1_1_1_1_1_1_1_1_1_2_299_0_1_1_1_1_1_1_1_1_1_1_2_299_0,0.19375,0.2136,0.1289,0.1586,0.06215,0.063,0.08225,0.0777,0.0913,0.0996,0.1868,0.1836,4,5,-0.4039855,-0.46652934,0.01826304,0.0755287,0.34340164,0.29661018,-0.38858947,-0.40528128,18.693267326064152,73.8845905724982,799.0,Pune,2,"{""type"":""MultiPoint"",""coordinates"":[]}",-11.082050055994914,-17.09520692347769,-10.269261396249288,-17.842504447684902
1_1_1_1_1_1_1_1_1_1_2_300_0_1_1_1_1_1_1_1_1_1_1_2_300_0,0.3765,0.3504,0.25845,0.247,0.1135,0.1046,0.1634,0.138,0.2331,0.191,0.3184,0.2702,1,5,-0.39470273,-0.43488944,0.08360915,0.12922978,0.15466909,0.17172593,-0.32171026,-0.32386085,18.366729720286703,73.74436355664714,800.0,Pune,2,"{""type"":""MultiPoint"",""coordinates"":[]}",-16.7980007429156,-22.946816243323266,-14.50203705733552,-20.754477028789836
1_1_1_1_1_1_1_1_1_1_2_301_0_1_1_1_1_1_1_1_1_1_1_2_301_0,0.26715,0.2365,0.20595,0.1991,0.0823,0.075,0.1076,0.0974,0.1461,0.1278,0.1963,0.1616,5,6,-0.4257505,-0.4165918,0.15287517,0.18814369,0.14661215,0.116793364,-0.29187232,-0.24787645,18.428982969476188,73.87964983843554,801.0,Pune,2,"{""type"":""MultiPoint"",""coordinates"":[]}",-9.340999106531035,-17.835083096194126,-8.490145002838704,-16.110455567235093
1_1_1_1_1_1_1_1_1_1_2_302_0_1_1_1_1_1_1_1_1_1_1_2_302_0,0.23225,0.2375,0.1555,0.184,0.0717,0.0677,0.0986,0.0866,0.113,0.1148,0.2195,0.167,1,1,-0.4039595,-0.46559703,0.028223574,0.17428924,0.32030076,0.18523775,-0.38006917,-0.3170347,18.43006094781713,74.0431432201453,802.0,Pune,2,"{""type"":""MultiPoint"",""coordinates"":[]}",-10.522392002153078,-14.449192458916787,-9.80765058290838,-15.871571230332455
1_1_1_1_1_1_1_1_1_1_2_303_0_1_1_1_1_1_1_1_1_1_1_2_303_0,0.22575,0.2629,0.17695,0.2087,0.079,0.0844,0.0941,0.1128,0.117,0.1418,0.17395,0.199,4,6,-0.4115992,-0.3995209,0.1295972,0.13834164,0.19573809,0.16784038,-0.29789218,-0.27645928,18.68715878213214,73.78667420652917,803.0,Pune,2,"{""type"":""MultiPoint"",""coordinates"":[]}",-9.446560184758045,-13.995260401255699,-6.03060211190471,-14.701478758974819
1_1_1_1_1_1_1_1_1_1_2_304_0_1_1_1_1_1_1_1_1_1_1_2_304_0,0.1953,0.1992,0.1293,0.1396,0.0669,0.0652,0.08205,0.0864,0.07325,0.098,0.2072,0.2288,4,4,-0.40832883,-0.394958,-0.029565217,-0.06915888,0.47762525,0.4002448,-0.4326707,-0.45177665,18.696231766501747,73.84075278663316,804.0,Pune,2,"{""type"":""MultiPoint"",""coordinates"":[]}",-10.701166649809256,-19.39612162442826,-12.121109202722204,-17.421955222335686
1_1_1_1_1_1_1_1_1_1_2_305_0_1_1_1_1_1_1_1_1_1_1_2_305_0,0.26425,0.2304,0.1922,0.187,0.0794,0.0624,0.1006,0.0852,0.1406,0.112,0.2135,0.1613,5,5,-0.4485405,-0.46007603,0.10622711,0.17641051,0.20587404,0.18038785,-0.35943967,-0.3087221,18.415777734799637,73.81748642077447,805.0,Pune,2,"{""type"":""MultiPoint"",""coordinates"":[]}",-13.897020506409097,-19.72399444739187,-12.675880432019039,-18.823718041927474
1_1_1_1_1_1_1_1_1_1_2_306_0_1_1_1_1_1_1_1_1_1_1_2_306_0,0.26795,0.2446,0.19415,0.2166,0.0721,0.0552,0.0901,0.0692,0.1192,0.093,0.2078,0.1466,5,5,-0.49671835,-0.5589548,0.12643196,0.25051126,0.27094802,0.22370617,-0.395099,-0.35866544,18.6860808037912,73.71579713061215,806.0,Pune,2,"{""type"":""MultiPoint"",""coordinates"":[]}",-7.4201831414028705,-13.467821839478463,-6.473102808920919,-14.005507649523686
1_1_1_1_1_1_1_1_1_1_2_307_0_1_1_1_1_1_1_1_1_1_1_2_307_0,0.18195,0.1977,0.13,0.1679,0.0561,0.0993,0.0724,0.1086,0.06735,0.1278,0.1638,0.1556,6,6,-0.43070573,-0.2908913,0.052494578,0.11916219,0.4172615,0.09809457,-0.3869602,-0.17789553,18.497434594126094,73.87237348463417,807.0,Pune,2,"{""type"":""MultiPoint"",""coordinates"":[]}",-9.050350850068014,-13.181622073182648,-5.155602614668593,-11.598098299967871
1_1_1_1_1_1_1_1_1_1_2_308_0_1_1_1_1_1_1_1_1_1_1_2_308_0,0.1516,0.1477,0.12025,0.1218,0.0728,0.0783,0.0822,0.0807,0.0977,0.093,0.1149,0.108,1,1,-0.29683492,-0.293345,0.13771106,0.15526007,0.080903105,0.07462686,-0.16590562,-0.14467409,18.409579359339208,73.84722065667883,808.0,Pune,2,"{""type"":""MultiPoint"",""coordinates"":[]}",-19.206946635642005,-27.80033755540566,-18.72377351698338,-26.647249516509927
1_1_1_1_1_1_1_1_1_1_2_309_0_1_1_1_1_1_1_1_1_1_1_2_309_0,0.2005,0.1717,0.14525,0.1428,0.0484,0.0405,0.0655,0.0554,0.06415,0.0604,0.2,0.1658,5,5,-0.50751877,-0.5121092,0.0012484394,0.017481482,0.5142911,0.46595934,-0.5065913,-0.49909583,18.48710396835872,73.7424770945505,809.0,Pune,2,"{""type"":""MultiPoint"",""coordinates"":[]}",-8.384747591566242,-14.473610506650836,-8.264893979980194,-14.004813114754995
1_1_1_1_1_1_1_1_1_1_2_310_0_1_1_1_1_1_1_1_1_1_1_2_310_0,0.3216,0.3073,0.2389,0.2428,0.07305,0.073,0.1016,0.0896,0.1509,0.1216,0.2237,0.1771,5,5,-0.51984876,-0.5485009,0.1795342,0.26878613,0.19434063,0.18580516,-0.37534583,-0.328084,18.363405953735462,73.95933040413694,810.0,Pune,2,"{""type"":""MultiPoint"",""coordinates"":[]}",-15.361909299999825,-23.610169621109268,-15.993397846944644,-21.78226286313485
1_1_1_1_1_1_1_1_1_1_2_311_0_1_1_1_1_1_1_1_1_1_1_2_311_0,0.27095,0.2529,0.2069,0.1965,0.09975,0.1018,0.1264,0.1282,0.1642,0.1584,0.26595,0.2423,4,4,-0.3637851,-0.3272107,0.009312721,0.021405492,0.23654538,0.20938358,-0.35567734,-0.3079622,18.436977975504853,73.99741897218361,811.0,Pune,2,"{""type"":""MultiPoint"",""coordinates"":[]}",-9.897936609030136,-18.0167697917171,-9.145067762229658,-16.92558340115096
1_1_1_1_1_1_1_1_1_1_2_312_0_1_1_1_1_1_1_1_1_1_1_2_312_0,0.1641,0.1823,0.1322,0.1504,0.0905,0.0797,0.1024,0.0936,0.1131,0.107,0.1256,0.1283,6,6,-0.2315197,-0.3214933,0.1328961,0.17385705,0.052366987,0.09052274,-0.10175438,-0.15637675,18.5621132945827,73.76340784067047,812.0,Pune,2,"{""type"":""MultiPoint"",""coordinates"":[]}",-2.6039642301252925,-10.94212404185706,-2.7976745287630327,-9.934777069765605
1_1_1_1_1_1_1_1_1_1_2_313_0_1_1_1_1_1_1_1_1_1_1_2_313_0,0.24045,0.2729,0.18235,0.2071,0.0704,0.0888,0.08835,0.1152,0.0964,0.1292,0.20065,0.2707,6,6,-0.46259123,-0.40633857,0.090228975,0.0040470934,0.35095102,0.35383847,-0.3885813,-0.40295413,18.66829416116563,73.7208276962032,813.0,Pune,2,"{""type"":""MultiPoint"",""coordinates"":[]}",-10.989809764894193,-16.230131160440628,-10.091957449537837,-16.891267474593395
1_1_1_1_1_1_1_1_1_1_2_314_0_1_1_1_1_1_1_1_1_1_1_2_314_0,0.2461,0.2632,0.1813,0.1853,0.0762,0.069,0.09555,0.0952,0.127,0.1326,0.21005,0.2229,4,4,-0.44065565,-0.46875,0.07903102,0.08290475,0.2464026,0.25400844,-0.37467277,-0.40144607,18.405806435145905,73.74463305123237,814.0,Pune,2,"{""type"":""MultiPoint"",""coordinates"":[]}",-13.01279957779354,-20.289999977252116,-10.450999643716255,-16.94455947079482
1_1_1_1_1_1_1_1_1_1_2_315_0_1_1_1_1_1_1_1_1_1_1_2_315_0,0.1932,0.2149,0.1121,0.1549,0.0634,0.0676,0.0909,0.0941,0.07485,0.103,0.26545,0.2454,4,6,-0.36008447,-0.39093852,-0.15752752,-0.066261135,0.56009406,0.4087256,-0.48982742,-0.44565538,18.506866904609357,73.69118329182726,815.0,Pune,2,"{""type"":""MultiPoint"",""coordinates"":[]}",-12.410638169157302,-19.247731523147795,-11.024120880706441,-17.997914751656467
1_1_1_1_1_1_1_1_1_1_2_316_0_1_1_1_1_1_1_1_1_1_1_2_316_0,0.23075,0.2427,0.1941,0.2093,0.0905,0.0896,0.1075,0.11,0.1339,0.1374,0.16145,0.16,6,6,-0.36437547,-0.37624043,0.17669557,0.2053638,0.09327916,0.07599193,-0.2005949,-0.18518518,18.637841273033978,74.0341600673041,816.0,Pune,2,"{""type"":""MultiPoint"",""coordinates"":[]}",-11.633734587196924,-19.76691311156899,-12.612529513441173,-19.392961797475063
1_1_1_1_1_1_1_1_1_1_2_317_0_1_1_1_1_1_1_1_1_1_1_2_317_0,0.2003,0.2184,0.1565,0.1805,0.0603,0.0502,0.07785,0.0749,0.10185,0.1198,0.16435,0.1665,4,6,-0.4402301,-0.48926014,0.098587684,0.13484022,0.23478587,0.1631156,-0.35714287,-0.37945318,18.39736227147518,73.72567859873746,817.0,Pune,2,"{""type"":""MultiPoint"",""coordinates"":[]}",-8.722156365664432,-17.18524586337903,-9.25164550754262,-17.291031531047505
1_1_1_1_1_1_1_1_1_1_2_318_0_1_1_1_1_1_1_1_1_1_1_2_318_0,0.2511,0.2484,0.19905,0.1908,0.0809,0.0566,0.1019,0.0742,0.136,0.1018,0.1828,0.1602,5,5,-0.42266288,-0.5399876,0.15740955,0.21585903,0.1468005,0.22290076,-0.28415877,-0.3668942,18.53166040645105,73.75217889961898,818.0,Pune,2,"{""type"":""MultiPoint"",""coordinates"":[]}",-6.395445408790604,-13.655951517836806,-6.873627833508893,-13.564522494646884
1_1_1_1_1_1_1_1_1_1_2_319_0_1_1_1_1_1_1_1_1_1_1_2_319_0,0.1705,0.1759,0.1379,0.139,0.09765,0.0819,0.1211,0.1082,0.1278,0.1142,0.21815,0.2214,6,6,-0.16941015,-0.23829637,-0.122603886,-0.11452303,0.2611649,0.31942788,-0.28607222,-0.3434466,18.46554440153985,73.86698359292946,819.0,Pune,2,"{""type"":""MultiPoint"",""coordinates"":[]}",-9.254061171197744,-15.218685713476416,-7.878397050395769,-16.003570221337288
1_1_1_1_1_1_1_1_1_1_2_320_0_1_1_1_1_1_1_1_1_1_1_2_320_0,0.1636,0.1736,0.13205,0.1421,0.088,0.0884,0.0994,0.1102,0.10155,0.122,0.1542,0.1744,6,6,-0.24410646,-0.22339676,0.02957835,-0.0022988506,0.2058651,0.17678812,-0.21608832,-0.22557977,18.651495665352595,73.77418762407991,820.0,Pune,2,"{""type"":""MultiPoint"",""coordinates"":[]}",-4.597910162631143,-14.128778107269088,-5.6471888843002835,-14.454166253637649
1_1_1_1_1_1_1_1_1_1_2_321_0_1_1_1_1_1_1_1_1_1_1_2_321_0,0.1572,0.1591,0.09455,0.0963,0.0465,0.0378,0.0654,0.0502,0.05715,0.042,0.1928,0.1976,6,6,-0.41239893,-0.52030575,-0.10171428,-0.10793384,0.5427085,0.6494157,-0.49341595,-0.59483457,18.697579239427927,73.66306602343433,821.0,Pune,2,"{""type"":""MultiPoint"",""coordinates"":[]}",-7.399643577412914,-12.107761567616455,-7.327297355943466,-12.998382825921142
1_1_1_1_1_1_1_1_1_1_2_322_0_1_1_1_1_1_1_1_1_1_1_2_322_0,0.1656,0.1917,0.1267,0.1571,0.06475,0.0846,0.0812,0.0988,0.0848,0.1062,0.15765,0.2005,6,6,-0.3419773,-0.31979346,0.024593968,-0.022437532,0.30047432,0.30746657,-0.32007536,-0.33979285,18.661107638892677,73.88620754000961,822.0,Pune,2,"{""type"":""MultiPoint"",""coordinates"":[]}",-10.095875629848965,-19.189074342402947,-4.441000514792519,-11.860675505003755
1_1_1_1_1_1_1_1_1_1_2_323_0_1_1_1_1_1_1_1_1_1_1_2_323_0,0.16395,0.1824,0.10235,0.15,0.05635,0.0642,0.0729,0.0806,0.0719,0.1096,0.2309,0.1569,4,4,-0.3844205,-0.38707224,-0.16955806,0.07515473,0.5250991,0.17748593,-0.520079,-0.32126316,18.56373026209412,74.00595296738274,823.0,Pune,2,"{""type"":""MultiPoint"",""coordinates"":[]}",-12.00073706460268,-19.12284376901868,-11.032979449011044,-19.574386173626745
1_1_1_1_1_1_1_1_1_1_2_324_0_1_1_1_1_1_1_1_1_1_1_2_324_0,0.2331,0.2145,0.1895,0.1795,0.0691,0.0606,0.08735,0.0796,0.0886,0.0845,0.2196,0.2123,6,6,-0.45482916,-0.4586875,0.029821074,0.005154639,0.42504868,0.43059298,-0.43085194,-0.45460775,18.72048627917297,73.96633726335307,824.0,Pune,2,"{""type"":""MultiPoint"",""coordinates"":[]}",-3.670077689199136,-17.672017028436308,-2.1196873752854377,-16.515692200295838
1_1_1_1_1_1_1_1_1_1_2_325_0_1_1_1_1_1_1_1_1_1_1_2_325_0,0.2277,0.2198,0.16205,0.1612,0.0632,0.0384,0.08045,0.0567,0.0946,0.0652,0.2183,0.2248,6,6,-0.4778517,-0.58987343,0.021076234,-0.011246064,0.39533398,0.5503448,-0.4614226,-0.5971581,18.65769404081302,73.65264556613853,825.0,Pune,2,"{""type"":""MultiPoint"",""coordinates"":[]}",-9.787072753821528,-16.245135080620866,-7.920936087587581,-15.20396360946185
1_1_1_1_1_1_1_1_1_1_2_326_0_1_1_1_1_1_1_1_1_1_1_2_326_0,0.17835,0.2042,0.1287,0.1589,0.0611,0.1522,0.08155,0.1766,0.0813,0.2002,0.19375,0.2695,6,6,-0.37245095,-0.072478995,-0.041386724,-0.13785096,0.40883476,0.14754099,-0.4075554,-0.20824927,18.541991032218423,73.79952011509208,826.0,Pune,2,"{""type"":""MultiPoint"",""coordinates"":[]}",-9.888714956692299,-15.822936501994683,-3.9509512120857866,-9.681337387553981
1_1_1_1_1_1_1_1_1_1_2_327_0_1_1_1_1_1_1_1_1_1_1_2_327_0,0.1492,0.166,0.1281,0.1306,0.0738,0.0642,0.0862,0.0772,0.097,0.0882,0.13205,0.1438,6,6,-0.26762956,-0.3651316,0.06097778,0.07165913,0.15302336,0.23965517,-0.21008018,-0.30135748,18.5500758697755,73.84317823790029,827.0,Pune,2,"{""type"":""MultiPoint"",""coordinates"":[]}",-8.047413186875783,-14.347407639146075,-7.967916434540655,-14.57220488497622
1_1_1_1_1_1_1_1_1_1_2_328_0_1_1_1_1_1_1_1_1_1_1_2_328_0,0.13885,0.182,0.10995,0.1458,0.0697,0.067,0.0765,0.0754,0.0767,0.083,0.08655,0.1344,6,6,-0.28952867,-0.41414142,0.23203194,0.15044248,0.060336906,0.23643054,-0.061637536,-0.2812202,18.55600475065069,73.74642968180062,828.0,Pune,2,"{""type"":""MultiPoint"",""coordinates"":[]}",-5.215201163121627,-14.44546517206354,-2.16767262878243,-14.163364721016102
1_1_1_1_1_1_1_1_1_1_2_329_0_1_1_1_1_1_1_1_1_1_1_2_329_0,0.2772,0.2719,0.2,0.2098,0.0726,0.0806,0.0992,0.11,0.1426,0.1534,0.215,0.2156,5,5,-0.47290117,-0.42393297,0.1263714,0.11548718,0.20246086,0.16856368,-0.36855507,-0.3243243,18.431228757686487,74.00379701070085,829.0,Pune,2,"{""type"":""MultiPoint"",""coordinates"":[]}",-11.676924403835717,-17.299570459059403,-13.224355595039883,-18.3748252770973
1_1_1_1_1_1_1_1_1_1_2_330_0_1_1_1_1_1_1_1_1_1_1_2_330_0,0.25875,0.261,0.1954,0.1794,0.075,0.0493,0.09355,0.0686,0.1171,0.0916,0.19325,0.176,5,5,-0.46891853,-0.58373785,0.1449115,0.19450802,0.24536814,0.3153961,-0.347629,-0.43908423,18.526629840859982,73.76197053621588,830.0,Pune,2,"{""type"":""MultiPoint"",""coordinates"":[]}",-9.857680227568574,-16.309795876227646,-9.933919075687216,-15.80351632661091
1_1_1_1_1_1_1_1_1_1_2_331_0_1_1_1_1_1_1_1_1_1_1_2_331_0,0.1012,0.1003,0.0673,0.0674,0.05765,0.0597,0.083,0.0804,0.0672,0.0678,0.1815,0.1886,0,0,-0.09880564,-0.110127285,-0.28404668,-0.3056421,0.45958987,0.47113883,-0.37240076,-0.40223047,18.688146928944672,73.81533046409258,831.0,Pune,2,"{""type"":""MultiPoint"",""coordinates"":[]}",-11.395577158456794,-16.664869327400115,-10.426948779437687,-15.637959272399314
1_1_1_1_1_1_1_1_1_1_2_332_0_1_1_1_1_1_1_1_1_1_1_2_332_0,0.2605,0.2524,0.1972,0.192,0.0534,0.0602,0.0814,0.0858,0.08935,0.1172,0.23815,0.2485,4,4,-0.5238374,-0.49260792,0.044821016,0.0077859852,0.45435116,0.35903746,-0.49053356,-0.4866886,18.35073970822938,73.97469159549539,832.0,Pune,2,"{""type"":""MultiPoint"",""coordinates"":[]}",-10.344538372301617,-17.09260145127572,-11.84490257697192,-19.75314151285461
1_1_1_1_1_1_1_1_1_1_2_333_0_1_1_1_1_1_1_1_1_1_1_2_333_0,0.30645,0.3129,0.2455,0.2458,0.0902,0.0832,0.1059,0.1048,0.1404,0.1466,0.2095,0.2122,4,4,-0.48635867,-0.49820444,0.1879058,0.191773,0.197485,0.18283166,-0.32847178,-0.33880126,18.686979119075318,73.69109346029886,833.0,Pune,2,"{""type"":""MultiPoint"",""coordinates"":[]}",-14.138522415294343,-21.997959026446892,-13.155080423539813,-20.609777311478346
1_1_1_1_1_1_1_1_1_1_2_334_0_1_1_1_1_1_1_1_1_1_1_2_334_0,0.2247,0.205,0.15505,0.152,0.06535,0.0522,0.082,0.0712,0.08745,0.0808,0.1802,0.1681,5,6,-0.46527553,-0.48443156,0.10990368,0.0989011,0.34653464,0.35074326,-0.37452325,-0.40493104,18.663443258631386,73.75676030756799,834.0,Pune,2,"{""type"":""MultiPoint"",""coordinates"":[]}",-12.6214323059526,-17.645892733714035,-10.805917696604794,-17.80596117938206
1_1_1_1_1_1_1_1_1_1_2_335_0_1_1_1_1_1_1_1_1_1_1_2_335_0,0.22345,0.2192,0.17405,0.1879,0.07105,0.05,0.084,0.0612,0.1062,0.0807,0.1598,0.1233,4,5,-0.45356968,-0.56348073,0.16607958,0.28,0.20150375,0.20882353,-0.31091058,-0.33658537,18.53390619466135,73.77885886355733,835.0,Pune,2,"{""type"":""MultiPoint"",""coordinates"":[]}",-8.96565041964743,-14.54069022090119,-8.715166832850143,-14.203526380765492
1_1_1_1_1_1_1_1_1_1_2_336_0_1_1_1_1_1_1_1_1_1_1_2_336_0,0.2666,0.2722,0.19225,0.1868,0.0753,0.0607,0.0916,0.0802,0.1057,0.0963,0.21335,0.2286,5,5,-0.48855388,-0.5448354,0.110949054,0.087060705,0.33740792,0.4072022,-0.39924577,-0.48056996,18.70216064737693,73.73026000668646,836.0,Pune,2,"{""type"":""MultiPoint"",""coordinates"":[]}",-11.489557503780572,-17.314476623422248,-10.977351528337957,-14.963182223972016
1_1_1_1_1_1_1_1_1_1_2_337_0_1_1_1_1_1_1_1_1_1_1_2_337_0,0.1457,0.1609,0.0792,0.1271,0.04745,0.0556,0.06735,0.0755,0.0583,0.0839,0.2508,0.1628,1,4,-0.36775404,-0.36125213,-0.26506937,-0.0058696326,0.6227758,0.31982166,-0.5766148,-0.36634493,18.464376591670497,74.02841084948574,837.0,Pune,2,"{""type"":""MultiPoint"",""coordinates"":[]}",-11.363422648745997,-17.755258000392804,-11.243853280911116,-18.758853597322414
1_1_1_1_1_1_1_1_1_1_2_338_0_1_1_1_1_1_1_1_1_1_1_2_338_0,0.12935,0.1417,0.0739,0.0872,0.0438,0.0322,0.05755,0.045,0.05145,0.0398,0.1391,0.1666,6,6,-0.38416266,-0.5179432,-0.036319613,-0.080765486,0.45998424,0.6143411,-0.41469616,-0.5746692,18.53525366758753,73.84075278663316,838.0,Pune,2,"{""type"":""MultiPoint"",""coordinates"":[]}",-11.497325859871676,-16.608119196787026,-10.38853380801816,-15.977043881611682
1_1_1_1_1_1_1_1_1_1_2_339_0_1_1_1_1_1_1_1_1_1_1_2_339_0,0.1784,0.179,0.12965,0.122,0.0581,0.0477,0.07695,0.0748,0.0917,0.0918,0.182,0.188,4,4,-0.39729783,-0.4105595,-0.009988901,-0.024523161,0.32992327,0.34381703,-0.40567678,-0.4307458,18.69551311427445,74.04601782905448,839.0,Pune,2,"{""type"":""MultiPoint"",""coordinates"":[]}",-12.374408763807088,-17.58065630677375,-11.686966232025433,-18.338167055737614
1_1_1_1_1_1_1_1_1_1_2_340_0_1_1_1_1_1_1_1_1_1_1_2_340_0,0.22715,0.2178,0.2138,0.2082,0.095,0.1114,0.1116,0.1286,0.1333,0.1488,0.1703,0.1855,6,6,-0.341107,-0.25750577,0.14303686,0.08008926,0.12187088,0.10978163,-0.20822987,-0.1811525,18.52249759055303,74.04862294337842,840.0,Pune,2,"{""type"":""MultiPoint"",""coordinates"":[]}",-6.122142091573776,-14.444553433362874,-4.090079620515871,-14.24310695176188
1_1_1_1_1_1_1_1_1_1_2_341_0_1_1_1_1_1_1_1_1_1_1_2_341_0,0.27095,0.2598,0.1971,0.2046,0.0628,0.0631,0.0857,0.0782,0.1063,0.1054,0.2029,0.1696,1,1,-0.5194168,-0.5372781,0.14361085,0.21006055,0.31241915,0.23345454,-0.4060984,-0.36884585,18.417754028424696,74.04556867141241,841.0,Pune,2,"{""type"":""MultiPoint"",""coordinates"":[]}",-6.925832974564462,-11.7790059498588,-5.740905118069161,-12.375315284209696
1_1_1_1_1_1_1_1_1_1_2_342_0_1_1_1_1_1_1_1_1_1_1_2_342_0,0.26965,0.2441,0.2282,0.1947,0.0981,0.0653,0.117,0.086,0.1267,0.104,0.2738,0.2086,6,6,-0.3948015,-0.47894576,-0.007636397,0.07841838,0.36729088,0.33461294,-0.40122825,-0.4161575,18.700723342922345,73.9575337735687,842.0,Pune,2,"{""type"":""MultiPoint"",""coordinates"":[]}",-10.215483887911825,-16.76583403582621,-10.180713480569047,-17.058049945814997
1_1_1_1_1_1_1_1_1_1_2_343_0_1_1_1_1_1_1_1_1_1_1_2_343_0,0.1793,0.1703,0.1637,0.1432,0.0935,0.0858,0.1178,0.1078,0.1426,0.1244,0.16845,0.1618,6,6,-0.20700102,-0.2247393,0.031200575,0.0255947,0.08310561,0.13067785,-0.17694323,-0.20029673,18.673234895228287,73.88755501293579,843.0,Pune,2,"{""type"":""MultiPoint"",""coordinates"":[]}",0.7378953725938822,-8.059041378856303,-0.45133753205652527,-8.288440791745002
1_1_1_1_1_1_1_1_1_1_2_344_0_1_1_1_1_1_1_1_1_1_1_2_344_0,0.226,0.232,0.1583,0.18,0.04795,0.047,0.06565,0.0618,0.0813,0.0869,0.19835,0.1663,1,5,-0.54980284,-0.57930565,0.06515848,0.16495104,0.41855893,0.3135861,-0.5026515,-0.4581324,18.540463896235423,73.73978214869813,844.0,Pune,2,"{""type"":""MultiPoint"",""coordinates"":[]}",-8.377762515126031,-14.410192252946064,-6.586785171148448,-14.844989675017576
1_1_1_1_1_1_1_1_1_1_2_345_0_1_1_1_1_1_1_1_1_1_1_2_345_0,0.177,0.1805,0.12635,0.1406,0.0436,0.0374,0.06335,0.052,0.0801,0.0768,0.14235,0.1147,4,6,-0.47285208,-0.5526882,0.10850164,0.22289973,0.27983817,0.19791123,-0.38405445,-0.37612477,18.399069070515008,73.95403034396064,845.0,Pune,2,"{""type"":""MultiPoint"",""coordinates"":[]}",-10.494012459579537,-18.272876842631042,-9.33352988267819,-17.912900124630667
1_1_1_1_1_1_1_1_1_1_2_346_0_1_1_1_1_1_1_1_1_1_1_2_346_0,0.22925,0.2522,0.1872,0.2147,0.0914,0.1208,0.1103,0.154,0.1316,0.1786,0.2276,0.2332,6,6,-0.35031658,-0.24175283,0.0036116887,0.039142974,0.26726058,0.13258864,-0.34714413,-0.20454545,18.436708480919616,73.9928375642346,846.0,Pune,2,"{""type"":""MultiPoint"",""coordinates"":[]}",-9.857495477237544,-17.624953696760628,-8.936710762832478,-15.206739420707914
1_1_1_1_1_1_1_1_1_1_2_347_0_1_1_1_1_1_1_1_1_1_1_2_347_0,0.2627,0.2001,0.1858,0.1473,0.0739,0.0584,0.0927,0.0785,0.122,0.0932,0.2222,0.1924,4,4,-0.47833428,-0.43646806,0.08352238,0.019617835,0.29110983,0.34733894,-0.41124165,-0.42045036,18.69416564134827,73.86842089738404,847.0,Pune,2,"{""type"":""MultiPoint"",""coordinates"":[]}",-12.335399110827314,-18.42432207584677,-12.396564586971143,-16.826320500700717
1_1_1_1_1_1_1_1_1_1_2_348_0_1_1_1_1_1_1_1_1_1_1_2_348_0,0.2523,0.2765,0.1833,0.2087,0.0655,0.0888,0.0842,0.1152,0.1123,0.1394,0.18285,0.2247,4,6,-0.49955425,-0.41179475,0.15960014,0.10335196,0.239031,0.2342763,-0.3694065,-0.32215357,18.52357556889397,73.95160489269351,848.0,Pune,2,"{""type"":""MultiPoint"",""coordinates"":[]}",-11.855110244368227,-19.74520947514527,-6.527638893495432,-15.578782163911754
1_1_1_1_1_1_1_1_1_1_2_349_0_1_1_1_1_1_1_1_1_1_1_2_349_0,0.30935,0.2822,0.2456,0.2413,0.0867,0.0792,0.109,0.1028,0.1443,0.1286,0.20475,0.1798,4,6,-0.47890523,-0.46597403,0.20346236,0.22164503,0.17318435,0.16601816,-0.30517927,-0.2724699,18.56534722960553,73.74678900791426,849.0,Pune,2,"{""type"":""MultiPoint"",""coordinates"":[]}",-12.494085404225821,-19.919780317476622,-11.717186618848762,-20.2850656523974
1_1_1_1_1_1_1_1_1_1_2_350_0_1_1_1_1_1_1_1_1_1_1_2_350_0,0.21455,0.1877,0.1861,0.1572,0.0991,0.0744,0.1226,0.093,0.1414,0.1082,0.18475,0.1924,7,6,-0.27272728,-0.33737087,0.0746306,-0.012365167,0.1329143,0.28010646,-0.20221247,-0.3482831,18.606939227260263,73.97738654134774,850.0,Pune,2,"{""type"":""MultiPoint"",""coordinates"":[]}",-10.362979275463376,-18.068707205833437,-11.391457984874872,-18.408570596313204
1_1_1_1_1_1_1_1_1_1_2_351_0_1_1_1_1_1_1_1_1_1_1_2_351_0,0.2417,0.2639,0.23015,0.2395,0.1345,0.174,0.1469,0.178,0.1673,0.1784,0.2197,0.2629,6,6,-0.24395265,-0.19438787,0.04768097,0.0018982536,0.13540052,0.19147971,-0.19858156,-0.19256067,18.49168537630773,73.99867661358138,851.0,Pune,2,"{""type"":""MultiPoint"",""coordinates"":[]}",3.5283527410250777,-15.284127176521562,-1.5121860046468625,-17.134344771394208
1_1_1_1_1_1_1_1_1_1_2_352_0_1_1_1_1_1_1_1_1_1_1_2_352_0,0.2019,0.169,0.1534,0.1373,0.06135,0.0496,0.0759,0.0628,0.0865,0.073,0.1731,0.11,1,6,-0.45356372,-0.45815358,0.0768,0.21146953,0.33359015,0.2021858,-0.39036146,-0.27314815,18.574420213975134,73.97199664964303,852.0,Pune,2,"{""type"":""MultiPoint"",""coordinates"":[]}",-12.553303123176423,-17.389709721036123,-11.581171262011614,-19.52336412675331
1_1_1_1_1_1_1_1_1_1_2_353_0_1_1_1_1_1_1_1_1_1_1_2_353_0,0.16865,0.1774,0.13185,0.154,0.0716,0.0966,0.08605,0.1116,0.0872,0.1228,0.1697,0.1742,6,6,-0.3243031,-0.22768167,-0.0031032953,0.009101251,0.32113662,0.17306398,-0.3270772,-0.21903428,18.551692837286915,73.93247077714177,853.0,Pune,2,"{""type"":""MultiPoint"",""coordinates"":[]}",-4.115795962132645,-13.210852788687308,-4.623240906883427,-13.754238543431388
1_1_1_1_1_1_1_1_1_1_2_354_0_1_1_1_1_1_1_1_1_1_1_2_354_0,0.1469,0.1873,0.12815,0.1583,0.0978,0.1126,0.1134,0.1294,0.1259,0.151,0.15615,0.1729,6,6,-0.12869766,-0.18282285,-0.030523015,0.03997779,0.10725049,0.06761346,-0.15859766,-0.14389679,18.571994762708016,73.87623624035588,854.0,Pune,2,"{""type"":""MultiPoint"",""coordinates"":[]}",-6.689211974375608,-11.322719109863685,-1.6887693459105557,-8.772855160923735
1_1_1_1_1_1_1_1_1_1_2_355_0_1_1_1_1_1_1_1_1_1_1_2_355_0,0.16345,0.1759,0.10825,0.1243,0.0582,0.0542,0.0799,0.08,0.064,0.0871,0.2985,0.2447,6,4,-0.34333265,-0.37475577,-0.29234767,-0.16357584,0.64689654,0.47498494,-0.57769555,-0.50723743,18.713209925371604,73.94091494081249,855.0,Pune,2,"{""type"":""MultiPoint"",""coordinates"":[]}",-12.257508036010552,-17.749468280357096,-10.540934749998518,-16.856580358965005
1_1_1_1_1_1_1_1_1_1_2_356_0_1_1_1_1_1_1_1_1_1_1_2_356_0,0.17765,0.2153,0.1246,0.1478,0.0718,0.0688,0.0921,0.0883,0.0929,0.0966,0.1866,0.2393,4,4,-0.3171455,-0.41831356,-0.024571037,-0.052793663,0.3352415,0.42482883,-0.33907428,-0.46092796,18.571815099651197,73.87372095756035,856.0,Pune,2,"{""type"":""MultiPoint"",""coordinates"":[]}",-8.603557905953467,-15.858013925914156,-7.956117452396012,-16.139769134405633
1_1_1_1_1_1_1_1_1_1_2_357_0_1_1_1_1_1_1_1_1_1_1_2_357_0,0.193,0.2147,0.12845,0.1693,0.0574,0.1036,0.0715,0.1254,0.07875,0.15,0.1864,0.184,4,4,-0.4593573,-0.26256984,0.017395888,0.07700025,0.4059966,0.1017964,-0.44552153,-0.18939884,18.730277915769875,73.82700856278613,857.0,Pune,2,"{""type"":""MultiPoint"",""coordinates"":[]}",-10.948685425750028,-17.024719054874588,-9.258588266167818,-17.041951382902635
1_1_1_1_1_1_1_1_1_1_2_358_0_1_1_1_1_1_1_1_1_1_1_2_358_0,0.32355,0.3485,0.25215,0.2758,0.0763,0.0872,0.0918,0.1122,0.1295,0.1566,0.19415,0.2237,4,4,-0.5579632,-0.51291513,0.2499517,0.21810555,0.19975282,0.17643966,-0.3579297,-0.33194402,18.54962671213344,73.69836981410022,858.0,Pune,2,"{""type"":""MultiPoint"",""coordinates"":[]}",-15.858317829371206,-25.217198696353783,-15.629727084115153,-24.264715173011847
1_1_1_1_1_1_1_1_1_1_2_359_0_1_1_1_1_1_1_1_1_1_1_2_359_0,0.2608,0.2447,0.1842,0.1758,0.0708,0.053,0.09385,0.0718,0.1245,0.0993,0.22345,0.1853,5,5,-0.4707458,-0.54628754,0.07712958,0.13813953,0.28437993,0.3021785,-0.40844625,-0.44146246,18.7177015017922,73.9018382259533,859.0,Pune,2,"{""type"":""MultiPoint"",""coordinates"":[]}",-6.123014504475719,-13.14597333655108,-6.417768697045173,-14.320343253030858
1_1_1_1_1_1_1_1_1_1_2_360_0_1_1_1_1_1_1_1_1_1_1_2_360_0,0.20025,0.2056,0.18345,0.1737,0.0865,0.0816,0.1121,0.1068,0.1159,0.1302,0.1861,0.1958,6,6,-0.28221548,-0.3162612,0.036624823,0.024414549,0.23245034,0.201227,-0.2481556,-0.29411766,18.650058360898004,73.76457565053983,860.0,Pune,2,"{""type"":""MultiPoint"",""coordinates"":[]}",2.3621842899420358,-7.857178260243777,2.848324488350877,-7.016524472756508
1_1_1_1_1_1_1_1_1_1_2_361_0_1_1_1_1_1_1_1_1_1_1_2_361_0,0.2106,0.2165,0.1561,0.1702,0.0674,0.0728,0.0889,0.096,0.0979,0.1156,0.2218,0.212,6,6,-0.4063439,-0.3856,-0.025901943,0.010501751,0.38755083,0.2942613,-0.4277438,-0.37662336,18.50974151351853,73.82620007903043,861.0,Pune,2,"{""type"":""MultiPoint"",""coordinates"":[]}",-7.340931315000969,-12.902902870858506,-7.862737117011532,-14.850066659523973
1_1_1_1_1_1_1_1_1_1_2_362_0_1_1_1_1_1_1_1_1_1_1_2_362_0,0.15865,0.1634,0.1412,0.1475,0.1127,0.1098,0.1293,0.1248,0.1471,0.151,0.1911,0.1763,6,6,-0.101927415,-0.13393477,-0.09278056,-0.03797468,0.13010053,0.07729911,-0.1928839,-0.17103952,18.52429422112127,73.97046951366002,862.0,Pune,2,"{""type"":""MultiPoint"",""coordinates"":[]}",-5.779824891949743,-13.047991810851991,-8.40550195131549,-16.429287629388334
1_1_1_1_1_1_1_1_1_1_2_363_0_1_1_1_1_1_1_1_1_1_1_2_363_0,0.34505,0.3416,0.25395,0.2537,0.07955,0.0828,0.1146,0.1202,0.1775,0.1768,0.2556,0.2604,5,5,-0.5013597,-0.47942832,0.148922,0.13488372,0.18032786,0.19121684,-0.3808752,-0.36836573,18.35397364325221,73.91118070490813,863.0,Pune,2,"{""type"":""MultiPoint"",""coordinates"":[]}",-13.864630136938045,-21.54406091678314,-12.333578475319214,-19.55658116744425
1_1_1_1_1_1_1_1_1_1_2_364_0_1_1_1_1_1_1_1_1_1_1_2_364_0,0.2497,0.2457,0.1722,0.1839,0.059,0.052,0.07285,0.0698,0.08955,0.0872,0.17455,0.1634,5,4,-0.5482871,-0.5575277,0.17713612,0.2011733,0.3218478,0.30407023,-0.41107517,-0.40137222,18.43266606214108,73.72936169140235,864.0,Pune,2,"{""type"":""MultiPoint"",""coordinates"":[]}",-11.157650615754356,-18.22373167951768,-9.478340287738998,-16.493535620505625
1_1_1_1_1_1_1_1_1_1_2_365_0_1_1_1_1_1_1_1_1_1_1_2_365_0,0.21635,0.217,0.1685,0.1453,0.066,0.0434,0.07815,0.0661,0.09345,0.0611,0.162,0.2261,4,1,-0.46926996,-0.5330272,0.14365005,-0.020537125,0.26834998,0.57451254,-0.34915677,-0.54757017,18.468329178920623,73.9379505003749,865.0,Pune,2,"{""type"":""MultiPoint"",""coordinates"":[]}",-10.69354248492504,-16.600241746430857,-7.745261559916916,-13.788695885395349
1_1_1_1_1_1_1_1_1_1_2_366_0_1_1_1_1_1_1_1_1_1_1_2_366_0,0.2531,0.2489,0.2093,0.2227,0.0861,0.1002,0.1053,0.121,0.1301,0.144,0.17275,0.1887,5,6,-0.41238838,-0.34576914,0.18868145,0.13756855,0.14082879,0.13435528,-0.24258228,-0.21859865,18.63002593006214,73.71418016310072,866.0,Pune,2,"{""type"":""MultiPoint"",""coordinates"":[]}",-13.163159462241776,-20.60459588572419,-11.486140033628791,-18.169919544429256
1_1_1_1_1_1_1_1_1_1_2_367_0_1_1_1_1_1_1_1_1_1_1_2_367_0,0.1961,0.2185,0.14695,0.1696,0.0675,0.0755,0.0857,0.0992,0.0905,0.1278,0.1853,0.198,5,5,-0.3917672,-0.3755115,0.028316729,0.049219687,0.34372735,0.21546961,-0.36752766,-0.33243608,18.489978577267905,73.7019630752367,867.0,Pune,2,"{""type"":""MultiPoint"",""coordinates"":[]}",-10.903789225343845,-18.42226893923658,-10.120933231663667,-18.693509094205496
1_1_1_1_1_1_1_1_1_1_2_368_0_1_1_1_1_1_1_1_1_1_1_2_368_0,0.1626,0.1698,0.13515,0.14,0.07015,0.0708,0.08095,0.0822,0.0838,0.0934,0.13885,0.1533,6,6,-0.33524942,-0.34761906,0.07878587,0.05106778,0.24724905,0.24280502,-0.2634213,-0.30191082,18.47901913080165,73.899592437743,868.0,Pune,2,"{""type"":""MultiPoint"",""coordinates"":[]}",-0.27771900299857255,-10.041482302026862,-1.4870538910537259,-10.352260730835688
1_1_1_1_1_1_1_1_1_1_2_369_0_1_1_1_1_1_1_1_1_1_1_2_369_0,0.21505,0.1891,0.1556,0.1727,0.06135,0.0475,0.07805,0.0549,0.09375,0.067,0.1618,0.1172,4,5,-0.46741727,-0.55,0.1413029,0.23473719,0.2662884,0.27252987,-0.34917656,-0.36199883,18.669461971034984,73.75631114992593,869.0,Pune,2,"{""type"":""MultiPoint"",""coordinates"":[]}",-10.120105191799402,-16.2342942290266,-9.8918652536847,-16.131874964667986
1_1_1_1_1_1_1_1_1_1_2_370_0_1_1_1_1_1_1_1_1_1_1_2_370_0,0.2124,0.2163,0.1926,0.1903,0.1242,0.0922,0.148,0.1124,0.1758,0.1378,0.1848,0.1638,7,7,-0.17869034,-0.3160937,0.0694864,0.13812155,0.024958402,0.0862069,-0.11057692,-0.18609703,18.667306014353095,73.8658157830601,870.0,Pune,2,"{""type"":""MultiPoint"",""coordinates"":[]}",-9.885368396938896,-19.317511681766458,-10.560743090723426,-21.080602235754114
1_1_1_1_1_1_1_1_1_1_2_371_0_1_1_1_1_1_1_1_1_1_1_2_371_0,0.1965,0.2246,0.1509,0.1902,0.06835,0.0786,0.094,0.101,0.1222,0.14,0.2159,0.1868,6,6,-0.35283992,-0.37960687,-0.047041707,0.09188138,0.27713695,0.14320685,-0.3933527,-0.2981237,18.434642355766144,73.9169299227265,871.0,Pune,2,"{""type"":""MultiPoint"",""coordinates"":[]}",-10.027218723905287,-17.32865434943206,-10.582715388507314,-18.94038005692501
1_1_1_1_1_1_1_1_1_1_2_372_0_1_1_1_1_1_1_1_1_1_1_2_372_0,0.33315,0.2365,0.24495,0.21,0.1221,0.0576,0.1594,0.0724,0.223,0.098,0.2723,0.1344,5,4,-0.35275605,-0.53123987,0.10050376,0.27527636,0.09953564,0.15662651,-0.2615242,-0.29980657,18.364304269019584,73.75702980215323,872.0,Pune,2,"{""type"":""MultiPoint"",""coordinates"":[]}",-8.231656128257391,-16.447885000582634,-6.96687911156306,-14.54646401238826
1_1_1_1_1_1_1_1_1_1_2_373_0_1_1_1_1_1_1_1_1_1_1_2_373_0,0.17115,0.2575,0.1309,0.2226,0.0618,0.0948,0.07805,0.1224,0.08755,0.1562,0.1726,0.2087,6,6,-0.3735955,-0.3556199,-0.0042181816,0.104676105,0.32692677,0.14387503,-0.37721923,-0.26064634,18.57073712131025,74.00370717917245,873.0,Pune,2,"{""type"":""MultiPoint"",""coordinates"":[]}",11.074803679363654,-14.295956871271411,-11.421569341550184,-22.759189421264455
1_1_1_1_1_1_1_1_1_1_2_374_0_1_1_1_1_1_1_1_1_1_1_2_374_0,0.1421,0.1583,0.09005,0.1185,0.04795,0.0536,0.0688,0.073,0.0633,0.0712,0.229,0.1851,6,6,-0.34755808,-0.3687851,-0.2341687,-0.078043096,0.5668833,0.4444011,-0.5379449,-0.43432778,18.72740330686069,73.99670031995632,874.0,Pune,2,"{""type"":""MultiPoint"",""coordinates"":[]}",-10.15740338554782,-18.506393097710344,-9.860151627432753,-16.815451673097883
1_1_1_1_1_1_1_1_1_1_2_375_0_1_1_1_1_1_1_1_1_1_1_2_375_0,0.15025,0.1925,0.11945,0.1318,0.05695,0.0442,0.06865,0.0657,0.06685,0.0608,0.1728,0.2445,6,6,-0.37277296,-0.49109218,-0.06980344,-0.11899313,0.44210306,0.6017032,-0.43135226,-0.5764023,18.4996803823364,73.85198172768466,875.0,Pune,2,"{""type"":""MultiPoint"",""coordinates"":[]}",-7.651535743814786,-12.342134948613921,-6.7353275005095306,-13.011807364005714
1_1_1_1_1_1_1_1_1_1_2_376_0_1_1_1_1_1_1_1_1_1_1_2_376_0,0.2361,0.27,0.214,0.2257,0.07875,0.0799,0.0927,0.1,0.1174,0.1338,0.15665,0.1802,4,4,-0.4361314,-0.45945945,0.20229153,0.1994669,0.14322203,0.1477707,-0.2564668,-0.28622413,18.65410077967654,73.95501849077317,876.0,Pune,2,"{""type"":""MultiPoint"",""coordinates"":[]}",-10.242281192230877,-20.680117273725166,-9.319484611801544,-19.964852847997243
1_1_1_1_1_1_1_1_1_1_2_377_0_1_1_1_1_1_1_1_1_1_1_2_377_0,0.2602,0.2395,0.2004,0.1912,0.0777,0.0731,0.09695,0.0986,0.1261,0.1224,0.2017,0.1838,4,6,-0.45709085,-0.4167406,0.1266508,0.13158517,0.23062843,0.20052253,-0.35074502,-0.30169973,18.64044638735793,74.03371090966203,877.0,Pune,2,"{""type"":""MultiPoint"",""coordinates"":[]}",-11.766635151957281,-19.363086717842766,-8.906749459045502,-16.142999984716532
1_1_1_1_1_1_1_1_1_1_2_378_0_1_1_1_1_1_1_1_1_1_1_2_378_0,0.1697,0.1681,0.1122,0.1004,0.0506,0.0364,0.0689,0.06,0.06045,0.0424,0.18185,0.3317,6,6,-0.42246437,-0.47391495,-0.034561228,-0.32733095,0.50103176,0.77332264,-0.45044866,-0.6936431,18.486924305301898,73.89653816577699,878.0,Pune,2,"{""type"":""MultiPoint"",""coordinates"":[]}",-7.062933172565501,-13.433663428402046,-8.45632486854404,-14.147694920503708
1_1_1_1_1_1_1_1_1_1_2_379_0_1_1_1_1_1_1_1_1_1_1_2_379_0,0.14005,0.15,0.10435,0.1166,0.0455,0.0329,0.05635,0.044,0.0533,0.045,0.122,0.1173,3,1,-0.4261711,-0.5463917,0.068879984,0.12233446,0.39189962,0.44547135,-0.36809644,-0.45443273,18.64341082779552,73.80904225710374,879.0,Pune,2,"{""type"":""MultiPoint"",""coordinates"":[]}",-6.994690747607351,-11.470153612122164,-6.297947222469969,-12.488698208963003
1_1_1_1_1_1_1_1_1_1_2_380_0_1_1_1_1_1_1_1_1_1_1_2_380_0,0.1235,0.1679,0.0907,0.1155,0.05535,0.111,0.0691,0.1318,0.07,0.1332,0.167,0.2602,6,6,-0.28245068,-0.12045379,-0.14974183,-0.21560383,0.4092827,0.32282665,-0.41465482,-0.327551,18.492853186177086,74.04413136695783,880.0,Pune,2,"{""type"":""MultiPoint"",""coordinates"":[]}",-9.813538306515273,-18.658916052815172,-11.487574514883825,-17.26105097924218
1_1_1_1_1_1_1_1_1_1_2_381_0_1_1_1_1_1_1_1_1_1_1_2_381_0,0.30025,0.2162,0.20375,0.1853,0.0791,0.0562,0.1051,0.0698,0.1511,0.0904,0.252,0.1332,5,5,-0.4814358,-0.5118881,0.08736985,0.23755008,0.2503101,0.19141324,-0.41136935,-0.3123153,18.39736227147518,73.87794303939572,881.0,Pune,2,"{""type"":""MultiPoint"",""coordinates"":[]}",-6.52265283020716,-13.511304505201275,-5.985208769393807,-13.677215049665266
1_1_1_1_1_1_1_1_1_1_2_382_0_1_1_1_1_1_1_1_1_1_1_2_382_0,0.17745,0.2079,0.1121,0.1432,0.0433,0.0416,0.05725,0.0601,0.04985,0.065,0.16905,0.1628,1,1,-0.51214314,-0.5514925,0.024242423,0.12166172,0.5445409,0.42932397,-0.49403447,-0.46074474,18.46536473848303,73.73493124616388,882.0,Pune,2,"{""type"":""MultiPoint"",""coordinates"":[]}",-7.963749736657699,-14.242637217970874,-8.356650140571967,-15.649467420021079
1_1_1_1_1_1_1_1_1_1_2_383_0_1_1_1_1_1_1_1_1_1_1_2_383_0,0.24905,0.2032,0.16785,0.1856,0.0869,0.0463,0.1088,0.0566,0.1206,0.0701,0.22865,0.1197,1,1,-0.391924,-0.5642802,0.042704627,0.258594,0.30937722,0.2613277,-0.35516372,-0.35791266,18.57208459423643,73.6862425577646,883.0,Pune,2,"{""type"":""MultiPoint"",""coordinates"":[]}",-7.175573242358201,-13.732948575340808,-7.568482232610981,-13.087124143774965
1_1_1_1_1_1_1_1_1_1_2_384_0_1_1_1_1_1_1_1_1_1_1_2_384_0,0.26285,0.2381,0.19975,0.1702,0.0782,0.052,0.09455,0.0662,0.121,0.0828,0.19985,0.2046,4,6,-0.47090095,-0.5649031,0.13615733,0.075672016,0.24575347,0.42379957,-0.35767663,-0.5110783,18.57208459423643,73.8650072993044,884.0,Pune,2,"{""type"":""MultiPoint"",""coordinates"":[]}",-6.533203616376411,-14.60686792194795,-6.599083319069087,-14.585011396468563
1_1_1_1_1_1_1_1_1_1_2_385_0_1_1_1_1_1_1_1_1_1_1_2_385_0,0.23225,0.2051,0.167,0.1618,0.0765,0.0674,0.09255,0.086,0.1182,0.1094,0.21735,0.1695,5,5,-0.43011084,-0.40913776,0.03314057,0.0950347,0.29548502,0.21548942,-0.40271056,-0.32681018,18.610173162283097,73.68803918833285,885.0,Pune,2,"{""type"":""MultiPoint"",""coordinates"":[]}",-12.728824854675747,-18.53381001837747,-13.066398318702017,-18.092345181513497
1_1_1_1_1_1_1_1_1_1_2_386_0_1_1_1_1_1_1_1_1_1_1_2_386_0,0.27415,0.2491,0.21295,0.2042,0.078,0.069,0.10175,0.0886,0.1403,0.1162,0.2011,0.1698,4,6,-0.45863262,-0.4752739,0.15370858,0.18930532,0.17809021,0.18741259,-0.3280502,-0.3142415,18.454045965903124,73.93714201661919,886.0,Pune,2,"{""type"":""MultiPoint"",""coordinates"":[]}",-10.982455655630961,-19.492058771305786,-11.24020350908188,-17.719474908822097
1_1_1_1_1_1_1_1_1_1_2_387_0_1_1_1_1_1_1_1_1_1_1_2_387_0,0.21565,0.175,0.1455,0.1046,0.0665,0.0344,0.07665,0.0545,0.084,0.056,0.2,0.2443,4,4,-0.47553882,-0.52505445,0.03765187,-0.16527545,0.4084507,0.6270396,-0.44587022,-0.6352075,18.553938625497214,73.65965242535466,887.0,Pune,2,"{""type"":""MultiPoint"",""coordinates"":[]}",-11.093052353241262,-16.66774147268346,-9.961598825073674,-16.279608290544463
1_1_1_1_1_1_1_1_1_1_2_388_0_1_1_1_1_1_1_1_1_1_1_2_388_0,0.2202,0.2607,0.1766,0.2218,0.0788,0.1002,0.09495,0.1286,0.1151,0.177,0.1709,0.2198,6,6,-0.3974298,-0.339327,0.12605472,0.085119665,0.1951049,0.107862905,-0.28568742,-0.26176807,18.62813946796549,73.69378840615121,888.0,Pune,2,"{""type"":""MultiPoint"",""coordinates"":[]}",-12.341365140606825,-17.61540637108722,-7.989063430875029,-17.584706681421874
1_1_1_1_1_1_1_1_1_1_2_389_0_1_1_1_1_1_1_1_1_1_1_2_389_0,0.20585,0.33,0.1732,0.2667,0.07015,0.0916,0.0851,0.122,0.1112,0.1682,0.1502,0.2453,4,4,-0.41501975,-0.460177,0.15629828,0.14722754,0.14919664,0.18645707,-0.27666807,-0.33569288,18.69721991331428,73.89968226927141,889.0,Pune,2,"{""type"":""MultiPoint"",""coordinates"":[]}",-15.649495938991189,-24.26147850490523,-16.624063955449103,-25.91678488184226
1_1_1_1_1_1_1_1_1_1_2_390_0_1_1_1_1_1_1_1_1_1_1_2_390_0,0.24485,0.2843,0.1585,0.2049,0.056,0.0583,0.0766,0.0798,0.1044,0.1154,0.2305,0.2018,1,5,-0.52340955,-0.56165886,0.030188283,0.16971816,0.37653032,0.27238336,-0.5011397,-0.43323863,18.356488926047746,73.71894123410655,890.0,Pune,2,"{""type"":""MultiPoint"",""coordinates"":[]}",-9.622276035807618,-16.277081508839103,-8.377819085262315,-14.880356692869858
1_1_1_1_1_1_1_1_1_1_2_391_0_1_1_1_1_1_1_1_1_1_1_2_391_0,0.3177,0.2753,0.2295,0.213,0.0685,0.0552,0.0927,0.0704,0.1301,0.1026,0.2199,0.1807,5,5,-0.5482456,-0.59271044,0.18191965,0.20745614,0.25657144,0.2756795,-0.4069098,-0.43926722,18.48809211517125,73.7050173472027,891.0,Pune,2,"{""type"":""MultiPoint"",""coordinates"":[]}",-11.59710356784133,-17.347390611100376,-10.074498944417002,-18.200754228983513
1_1_1_1_1_1_1_1_1_1_2_392_0_1_1_1_1_1_1_1_1_1_1_2_392_0,0.1982,0.1912,0.1293,0.1374,0.0583,0.0494,0.0802,0.0632,0.08435,0.069,0.22685,0.163,4,4,-0.42385057,-0.5031447,-0.06740384,0.07961603,0.45790488,0.4051724,-0.47760952,-0.44120246,18.66416191085868,73.97037968213161,892.0,Pune,2,"{""type"":""MultiPoint"",""coordinates"":[]}",-9.576094425900267,-16.76417982827346,-9.387406206230116,-14.310776906373029
1_1_1_1_1_1_1_1_1_1_2_393_0_1_1_1_1_1_1_1_1_1_1_2_393_0,0.2453,0.2738,0.20745,0.2184,0.07985,0.0619,0.09945,0.0782,0.1245,0.1064,0.1761,0.1622,5,5,-0.42306018,-0.5556818,0.16421452,0.2559633,0.17165668,0.20774385,-0.27817094,-0.34941763,18.638110767619214,73.71723443506673,893.0,Pune,2,"{""type"":""MultiPoint"",""coordinates"":[]}",-13.116714997147152,-20.807196299314587,-13.715946966220221,-22.261216356875764
1_1_1_1_1_1_1_1_1_1_2_394_0_1_1_1_1_1_1_1_1_1_1_2_394_0,0.13235,0.1403,0.1081,0.1088,0.08415,0.0642,0.0952,0.0749,0.1049,0.0799,0.1188,0.1184,6,6,-0.16326082,-0.30390334,0.053951822,0.08465404,0.06213679,0.19415028,-0.11028037,-0.2250388,18.47955811997212,73.89105844254385,894.0,Pune,2,"{""type"":""MultiPoint"",""coordinates"":[]}",-4.213299782167617,-15.42642824476572,-4.511257821701164,-14.835098269330418
1_1_1_1_1_1_1_1_1_1_2_395_0_1_1_1_1_1_1_1_1_1_1_2_395_0,0.1824,0.2012,0.0985,0.1385,0.05405,0.0518,0.07935,0.0752,0.07355,0.0966,0.24345,0.2133,1,1,-0.39369628,-0.45586106,-0.14336033,-0.029191798,0.53596216,0.3765731,-0.5083643,-0.47868285,18.609634173112624,73.81604911631987,895.0,Pune,2,"{""type"":""MultiPoint"",""coordinates"":[]}",-7.1743592947488155,-13.080992037383481,-7.597324398377805,-13.856331490803884
1_1_1_1_1_1_1_1_1_1_2_396_0_1_1_1_1_1_1_1_1_1_1_2_396_0,0.21225,0.2087,0.14515,0.1577,0.0599,0.0382,0.07985,0.0492,0.1005,0.0722,0.1901,0.1366,4,6,-0.45326942,-0.6184568,0.055051573,0.20880394,0.3083276,0.30842912,-0.40840897,-0.47039828,18.38649265653733,73.6591134361842,896.0,Pune,2,"{""type"":""MultiPoint"",""coordinates"":[]}",-9.1690472607285,-15.811917179947734,-9.375840814634634,-16.117046536849074
1_1_1_1_1_1_1_1_1_1_2_397_0_1_1_1_1_1_1_1_1_1_1_2_397_0,0.2369,0.3027,0.15975,0.2178,0.05615,0.0593,0.0706,0.0786,0.08815,0.1192,0.18425,0.203,1,5,-0.540813,-0.5877262,0.12501484,0.19715247,0.35279003,0.2600869,-0.4459486,-0.44176137,18.4411102258118,73.73690753978894,897.0,Pune,2,"{""type"":""MultiPoint"",""coordinates"":[]}",-3.317547933405065,-10.109820260197665,-4.020985294192853,-10.315921308620354
1_1_1_1_1_1_1_1_1_1_2_398_0_1_1_1_1_1_1_1_1_1_1_2_398_0,0.2869,0.2711,0.2364,0.2354,0.0888,0.083,0.1137,0.1062,0.1565,0.1418,0.20285,0.1954,5,6,-0.43235147,-0.43705276,0.17161818,0.16227224,0.12898289,0.15895611,-0.28163007,-0.29575598,18.650058360898004,73.85395802130972,898.0,Pune,2,"{""type"":""MultiPoint"",""coordinates"":[]}",-14.940815848990107,-22.400683102995988,-6.810455317850477,-14.605777291686053
1_1_1_1_1_1_1_1_1_1_2_399_0_1_1_1_1_1_1_1_1_1_1_2_399_0,0.18145,0.1972,0.13205,0.153,0.1036,0.1356,0.09665,0.1172,0.0941,0.113,0.203,0.2252,6,6,-0.30492628,-0.2544529,-0.056054104,-0.066287875,0.36654326,0.33175635,-0.35491407,-0.31542057,18.669821297148637,73.74508220887444,899.0,Pune,2,"{""type"":""MultiPoint"",""coordinates"":[]}",-7.938165268110076,-13.850956287546182,-7.16640224687967,-12.468816463222165
1_1_1_1_1_1_1_1_1_1_2_400_0_1_1_1_1_1_1_1_1_1_1_2_400_0,0.206,0.2129,0.16385,0.1556,0.0617,0.0514,0.0739,0.0706,0.0791,0.0764,0.16105,0.1928,6,6,-0.47195426,-0.50194,0.122462876,0.049544,0.34124506,0.43239227,-0.37093,-0.46393317,18.497793920239744,73.88791433904944,900.0,Pune,2,"{""type"":""MultiPoint"",""coordinates"":[]}",-8.330652243895043,-13.903733163692662,-7.392535859338966,-13.905520214066167
1_1_1_1_1_1_1_1_1_1_2_401_0_1_1_1_1_1_1_1_1_1_1_2_401_0,0.2023,0.2417,0.1573,0.1989,0.0757,0.084,0.0926,0.109,0.1115,0.1404,0.18535,0.1995,6,6,-0.3719905,-0.37838608,0.04372501,0.09564823,0.24877885,0.17387468,-0.33369312,-0.29335493,18.48593615848937,73.73151764808424,901.0,Pune,2,"{""type"":""MultiPoint"",""coordinates"":[]}",-8.889909717509155,-15.484677766886312,-9.00148453111387,-14.678783355229513
1_1_1_1_1_1_1_1_1_1_2_402_0_1_1_1_1_1_1_1_1_1_1_2_402_0,0.2717,0.2478,0.223,0.2085,0.09965,0.1056,0.1272,0.1208,0.1577,0.1338,0.21965,0.215,6,6,-0.3622462,-0.34454694,0.10593264,0.07087295,0.16417119,0.23279816,-0.26654172,-0.28052413,18.464556254727324,73.99714947759837,902.0,Pune,2,"{""type"":""MultiPoint"",""coordinates"":[]}",-6.190232991975552,-16.39577248484837,-5.129645323419912,-14.596434522394881
1_1_1_1_1_1_1_1_1_1_2_403_0_1_1_1_1_1_1_1_1_1_1_2_403_0,0.23725,0.2268,0.1769,0.1783,0.066,0.0622,0.07765,0.0799,0.09135,0.1046,0.1766,0.1619,1,5,-0.5068276,-0.47896966,0.14655069,0.16696681,0.31815636,0.21500938,-0.38918388,-0.33912325,18.62508519599948,73.89375338839622,903.0,Pune,2,"{""type"":""MultiPoint"",""coordinates"":[]}",-10.218579303540999,-17.784490993752197,-10.422060262504434,-16.287917301510074
1_1_1_1_1_1_1_1_1_1_2_404_0_1_1_1_1_1_1_1_1_1_1_2_404_0,0.14495,0.162,0.0921,0.1076,0.0514,0.0356,0.0654,0.051,0.05765,0.0471,0.1644,0.1636,1,1,-0.37817922,-0.52112675,-0.062873766,-0.004914005,0.48074758,0.55291885,-0.4308094,-0.5246971,18.572982909520547,73.8658157830601,904.0,Pune,2,"{""type"":""MultiPoint"",""coordinates"":[]}",-8.122756033517991,-13.540810918064869,-7.745434841240999,-14.292488725104901
1_1_1_1_1_1_1_1_1_1_2_405_0_1_1_1_1_1_1_1_1_1_1_2_405_0,0.1896,0.2013,0.1295,0.1565,0.0652,0.0724,0.0807,0.0993,0.09445,0.128,0.148,0.2254,1,4,-0.40288568,-0.33932135,0.123222746,-0.05647996,0.22087029,0.2756084,-0.29427198,-0.38835847,18.7469865800545,73.7080716191687,905.0,Pune,2,"{""type"":""MultiPoint"",""coordinates"":[]}",-9.33319018557023,-16.75346790017066,-9.570360021620644,-16.067541856367754
1_1_1_1_1_1_1_1_1_1_2_406_0_1_1_1_1_1_1_1_1_1_1_2_406_0,0.2861,0.2469,0.20415,0.1733,0.07485,0.0516,0.0945,0.0696,0.1308,0.0908,0.2199,0.1987,5,5,-0.50341564,-0.56018955,0.13083003,0.10816876,0.2540633,0.37271157,-0.39885497,-0.48117778,18.605052765163617,73.66612029540033,906.0,Pune,2,"{""type"":""MultiPoint"",""coordinates"":[]}",-12.195076010620653,-18.765717747747505,-11.80668403262974,-18.12137823956808
1_1_1_1_1_1_1_1_1_1_2_407_0_1_1_1_1_1_1_1_1_1_1_2_407_0,0.31975,0.3278,0.27305,0.26,0.1053,0.1016,0.1333,0.1284,0.1767,0.1756,0.2188,0.236,4,6,-0.41154397,-0.437089,0.18744777,0.16282369,0.10644753,0.14674442,-0.24282874,-0.29527992,18.692189347723208,73.73493124616388,907.0,Pune,2,"{""type"":""MultiPoint"",""coordinates"":[]}",-11.414137743056399,-18.530304615634606,-14.034880870650996,-20.952311591857832
1_1_1_1_1_1_1_1_1_1_2_408_0_1_1_1_1_1_1_1_1_1_1_2_408_0,0.2728,0.2693,0.2415,0.223,0.1074,0.1234,0.128,0.141,0.1538,0.1656,0.199,0.2114,6,6,-0.36127743,-0.31269804,0.15642221,0.12044934,0.12811792,0.12148541,-0.21712539,-0.19977298,18.4764140164777,73.8342849165875,908.0,Pune,2,"{""type"":""MultiPoint"",""coordinates"":[]}",-9.514218705257992,-14.352553078539268,-8.11392171903053,-14.322557571008643
1_1_1_1_1_1_1_1_1_1_2_409_0_1_1_1_1_1_1_1_1_1_1_2_409_0,0.18485,0.1938,0.133,0.1462,0.06635,0.0682,0.08685,0.0924,0.0981,0.1112,0.1915,0.196,1,4,-0.36069193,-0.3542977,-0.017669722,-0.00564392,0.32251382,0.27604166,-0.3759655,-0.3592233,18.64430914307964,73.92717071696546,909.0,Pune,2,"{""type"":""MultiPoint"",""coordinates"":[]}",-9.117253029663958,-15.344562396254712,-9.617218625798355,-16.00405886817502
1_1_1_1_1_1_1_1_1_1_2_410_0_1_1_1_1_1_1_1_1_1_1_2_410_0,0.16795,0.2272,0.16235,0.2277,0.0858,0.149,0.1041,0.1714,0.1227,0.1882,0.13915,0.2004,6,6,-0.2346995,-0.13998997,0.093780525,0.062675394,0.06282223,0.03139475,-0.14409044,-0.07799892,18.688416423529908,73.79574719089878,910.0,Pune,2,"{""type"":""MultiPoint"",""coordinates"":[]}",-6.440938713072638,-11.487458754539887,-3.4655171180738047,-12.106714469054275
1_1_1_1_1_1_1_1_1_1_2_411_0_1_1_1_1_1_1_1_1_1_1_2_411_0,0.1743,0.1959,0.12705,0.1467,0.08405,0.091,0.0967,0.109,0.101,0.1128,0.1834,0.1919,6,6,-0.28634685,-0.28501147,-0.025440313,0.010314595,0.28973278,0.2595996,-0.3095323,-0.27550682,18.638200599147627,73.92312829818692,911.0,Pune,2,"{""type"":""MultiPoint"",""coordinates"":[]}",-5.188129273397834,-15.324890125818966,-4.602440468233307,-16.383703720995783
1_1_1_1_1_1_1_1_1_1_2_412_0_1_1_1_1_1_1_1_1_1_1_2_412_0,0.20615,0.2042,0.1426,0.1497,0.05665,0.0522,0.0732,0.0768,0.08135,0.1001,0.2212,0.2264,6,6,-0.47592625,-0.4533808,-0.035217036,-0.05155597,0.46223766,0.38683,-0.5027174,-0.4934037,18.42853381183413,73.83931548217858,912.0,Pune,2,"{""type"":""MultiPoint"",""coordinates"":[]}",-7.131736783031746,-13.73765851090316,-7.215837342722074,-13.68882934239657
1_1_1_1_1_1_1_1_1_1_2_413_0_1_1_1_1_1_1_1_1_1_1_2_413_0,0.17875,0.1929,0.1657,0.1542,0.1041,0.0741,0.1273,0.1042,0.1537,0.1023,0.1699,0.1816,6,6,-0.16810979,-0.29855266,0.025383623,0.030173564,0.050061803,0.2793237,-0.14333782,-0.27081874,18.663443258631386,73.89716698647587,913.0,Pune,2,"{""type"":""MultiPoint"",""coordinates"":[]}",-11.512386856315725,-18.761313065968032,-8.82709842775044,-16.482124411398956
1_1_1_1_1_1_1_1_1_1_2_414_0_1_1_1_1_1_1_1_1_1_1_2_414_0,0.1548,0.1449,0.0878,0.0839,0.05645,0.0332,0.07225,0.0515,0.05845,0.0422,0.2013,0.2002,1,1,-0.3635763,-0.47556007,-0.1305813,-0.1602434,0.54995185,0.6518152,-0.47176018,-0.5907827,18.654190611204957,73.7824521246938,914.0,Pune,2,"{""type"":""MultiPoint"",""coordinates"":[]}",-7.481931265718997,-13.65186490854848,-8.180763061181787,-14.926870922980317
1_1_1_1_1_1_1_1_1_1_2_415_0_1_1_1_1_1_1_1_1_1_1_2_415_0,0.2022,0.2365,0.1361,0.1743,0.0538,0.0571,0.074,0.0752,0.0752,0.0916,0.2067,0.2124,1,4,-0.46415642,-0.5174848,-0.011005136,0.05368679,0.46647748,0.39736843,-0.4727467,-0.47705147,18.74510011795785,73.99705964606996,915.0,Pune,2,"{""type"":""MultiPoint"",""coordinates"":[]}",-10.329267019870672,-17.0006029090491,-10.458238471190262,-17.18813276118072
1_1_1_1_1_1_1_1_1_1_2_416_0_1_1_1_1_1_1_1_1_1_1_2_416_0,0.15945,0.1691,0.1416,0.1406,0.0718,0.0584,0.0893,0.0733,0.0924,0.0762,0.13815,0.1675,6,6,-0.28201005,-0.39521453,0.07157258,0.0047534164,0.19843851,0.37464094,-0.21477248,-0.391196,18.47542586966517,73.83401542200227,916.0,Pune,2,"{""type"":""MultiPoint"",""coordinates"":[]}",-3.028731251584684,-14.822873542201622,-4.176176867732527,-14.691743622146562
1_1_1_1_1_1_1_1_1_1_2_417_0_1_1_1_1_1_1_1_1_1_1_2_417_0,0.14295,0.1924,0.10615,0.1664,0.0527,0.0556,0.0705,0.0718,0.07205,0.0792,0.17225,0.1532,4,4,-0.33942375,-0.45647237,-0.092956856,0.113425925,0.41015145,0.31841654,-0.4191555,-0.36177778,18.693267326064152,73.88494989861185,917.0,Pune,2,"{""type"":""MultiPoint"",""coordinates"":[]}",-11.029343052017417,-19.199958307269995,-12.060651586772853,-16.798427628380686
1_1_1_1_1_1_1_1_1_1_2_418_0_1_1_1_1_1_1_1_1_1_1_2_418_0,0.21875,0.2248,0.1723,0.1769,0.1044,0.117,0.1187,0.1256,0.1298,0.1494,0.2097,0.2449,6,6,-0.29648837,-0.28310502,0.021122651,-0.042793274,0.2353461,0.24220137,-0.2771011,-0.3219973,18.568311670043126,73.91710958578332,918.0,Pune,2,"{""type"":""MultiPoint"",""coordinates"":[]}",-3.068911752290772,-12.776935467613626,-4.297518810998193,-13.514143740514664
1_1_1_1_1_1_1_1_1_1_2_419_0_1_1_1_1_1_1_1_1_1_1_2_419_0,0.1459,0.18,0.08995,0.1387,0.04265,0.0468,0.0566,0.0646,0.05215,0.0807,0.1595,0.1443,1,5,-0.44098765,-0.47179067,-0.044531763,0.11008326,0.5072053,0.28266665,-0.47616845,-0.38152227,18.43113892615808,73.98762733558671,919.0,Pune,2,"{""type"":""MultiPoint"",""coordinates"":[]}",-9.227840116971324,-15.44951931370962,-9.024260020211987,-14.895442203821428
1_1_1_1_1_1_1_1_1_1_2_420_0_1_1_1_1_1_1_1_1_1_1_2_420_0,0.2758,0.344,0.2182,0.2994,0.0818,0.1172,0.0989,0.1384,0.1342,0.1576,0.18985,0.2264,5,6,-0.47211102,-0.42620233,0.1845807,0.20617111,0.17173275,0.17916666,-0.31497836,-0.24122807,18.67826546081936,73.92196048831757,920.0,Pune,2,"{""type"":""MultiPoint"",""coordinates"":[]}",-11.055211848279445,-15.852672127280488,4.796738949915909,-5.831485262572704
1_1_1_1_1_1_1_1_1_1_2_421_0_1_1_1_1_1_1_1_1_1_1_2_421_0,0.1681,0.1608,0.13485,0.1276,0.06285,0.0538,0.076,0.064,0.0905,0.0754,0.1273,0.1342,6,6,-0.37730438,-0.430605,0.1381178,0.09016949,0.16896234,0.28053436,-0.25233644,-0.3541877,18.587625448651696,73.82655940514408,921.0,Pune,2,"{""type"":""MultiPoint"",""coordinates"":[]}",-8.152668318405928,-18.17405249349415,-6.511514562675648,-16.645779422742248
1_1_1_1_1_1_1_1_1_1_2_422_0_1_1_1_1_1_1_1_1_1_1_2_422_0,0.17405,0.1732,0.12405,0.1126,0.0642,0.0402,0.0811,0.0574,0.0907,0.0601,0.1694,0.1836,1,1,-0.3642955,-0.50216824,0.013539089,-0.029147983,0.30257595,0.5067706,-0.352495,-0.5236515,18.445691633760813,73.764395987483,922.0,Pune,2,"{""type"":""MultiPoint"",""coordinates"":[]}",-9.900636907803172,-15.011696171186589,-7.956682990876191,-13.553152997902975
1_1_1_1_1_1_1_1_1_1_2_423_0_1_1_1_1_1_1_1_1_1_1_2_423_0,0.1868,0.1596,0.15285,0.1188,0.09745,0.0588,0.1197,0.0808,0.1486,0.084,0.195,0.2292,6,6,-0.21892333,-0.327787,-0.021477213,-0.17901234,0.13504075,0.46360153,-0.2392755,-0.47870967,18.62535469058472,73.82413395387695,923.0,Pune,2,"{""type"":""MultiPoint"",""coordinates"":[]}",-10.225288276403756,-15.987105732340154,-7.780306514603127,-15.223941489062618
1_1_1_1_1_1_1_1_1_1_2_424_0_1_1_1_1_1_1_1_1_1_1_2_424_0,0.1529,0.1433,0.10745,0.0916,0.0593,0.0465,0.073,0.057,0.0814,0.0504,0.1607,0.2164,1,4,-0.35369632,-0.43085372,-0.024872448,-0.20322491,0.3275506,0.6221889,-0.37526745,-0.58302855,18.66748567740992,73.97909334038756,924.0,Pune,2,"{""type"":""MultiPoint"",""coordinates"":[]}",-12.150769140582124,-18.070761901706508,-11.773001580555363,-18.24667278347324
1_1_1_1_1_1_1_1_1_1_2_425_0_1_1_1_1_1_1_1_1_1_1_2_425_0,0.1914,0.2003,0.1387,0.1459,0.057,0.049,0.0752,0.0772,0.0849,0.0956,0.18455,0.1788,1,5,-0.43585896,-0.4436036,0.018220508,0.05671327,0.36982742,0.303207,-0.4209817,-0.396875,18.512526290899302,73.65713714255914,925.0,Pune,2,"{""type"":""MultiPoint"",""coordinates"":[]}",-10.510980941382712,-16.100005978797817,-10.690730543432409,-17.24749188649706
1_1_1_1_1_1_1_1_1_1_2_426_0_1_1_1_1_1_1_1_1_1_1_2_426_0,0.19585,0.2051,0.1784,0.178,0.1164,0.1108,0.1251,0.1228,0.1372,0.1372,0.1701,0.1714,6,6,-0.22043931,-0.25099117,0.0703648,0.08950863,0.107061505,0.11082307,-0.15243903,-0.16519375,18.582505051532216,73.8244932799906,926.0,Pune,2,"{""type"":""MultiPoint"",""coordinates"":[]}",-1.5839288949846373,-8.273960234018764,0.9376892264381318,-9.80950522041196
1_1_1_1_1_1_1_1_1_1_2_427_0_1_1_1_1_1_1_1_1_1_1_2_427_0,0.2706,0.2616,0.2094,0.2096,0.0826,0.079,0.1026,0.1032,0.1318,0.1396,0.2187,0.1993,4,4,-0.45016077,-0.43421054,0.10606989,0.13517033,0.24793153,0.17615816,-0.36134455,-0.31768596,18.68500282545025,73.87947017537871,927.0,Pune,2,"{""type"":""MultiPoint"",""coordinates"":[]}",-11.656178058861231,-18.975761502880204,-13.01823276889418,-19.54264559181518
1_1_1_1_1_1_1_1_1_1_2_428_0_1_1_1_1_1_1_1_1_1_1_2_428_0,0.24865,0.1654,0.17875,0.1342,0.07485,0.061,0.0946,0.0759,0.1199,0.096,0.20615,0.1274,6,6,-0.44879824,-0.37090757,0.09344767,0.12978142,0.26452997,0.14055505,-0.37090605,-0.25332022,18.620773282635707,73.77364863490943,928.0,Pune,2,"{""type"":""MultiPoint"",""coordinates"":[]}",-9.911208270394287,-15.54850791975185,-8.879591122504102,-15.483477831958144
1_1_1_1_1_1_1_1_1_1_2_429_0_1_1_1_1_1_1_1_1_1_1_2_429_0,0.1767,0.237,0.11245,0.1771,0.06495,0.0686,0.0804,0.094,0.072,0.1182,0.2208,0.2068,4,4,-0.3745624,-0.43202418,-0.1109434,0.06804867,0.5081967,0.27261537,-0.46613547,-0.375,18.582505051532216,73.69989695008323,929.0,Pune,2,"{""type"":""MultiPoint"",""coordinates"":[]}",-8.168401117620814,-14.500772219743796,-9.52046147475316,-16.41776720788805
1_1_1_1_1_1_1_1_1_1_2_430_0_1_1_1_1_1_1_1_1_1_1_2_430_0,0.21755,0.2586,0.1406,0.1639,0.04215,0.0446,0.0579,0.0689,0.0709,0.093,0.19505,0.2303,1,5,-0.579597,-0.5792366,0.054532234,0.057885047,0.46681708,0.42468295,-0.542202,-0.5394385,18.353344822553325,73.65731680561596,930.0,Pune,2,"{""type"":""MultiPoint"",""coordinates"":[]}",-8.217480130178984,-15.462171089845555,-7.569259417266857,-14.275436652476008
1_1_1_1_1_1_1_1_1_1_2_431_0_1_1_1_1_1_1_1_1_1_1_2_431_0,0.15475,0.1533,0.11315,0.1328,0.0644,0.0602,0.0835,0.0746,0.0885,0.0982,0.1832,0.1215,4,6,-0.2990556,-0.3453269,-0.08418405,0.115720525,0.34854618,0.10605371,-0.37382826,-0.2391637,18.516299215092605,74.0447601876567,931.0,Pune,2,"{""type"":""MultiPoint"",""coordinates"":[]}",-10.307933592308515,-17.01247143638834,-10.815638557783489,-20.028670612559342
1_1_1_1_1_1_1_1_1_1_2_432_0_1_1_1_1_1_1_1_1_1_1_2_432_0,0.2469,0.1997,0.1947,0.1602,0.0739,0.0833,0.0918,0.1116,0.1152,0.1406,0.1727,0.1669,4,7,-0.45792738,-0.28300676,0.17683508,0.08947081,0.19972213,0.085528456,-0.3058601,-0.19856374,18.567503186287414,73.96831355697813,932.0,Pune,2,"{""type"":""MultiPoint"",""coordinates"":[]}",-12.214680250155974,-20.61614824802795,-10.13294874370475,-20.61390864499125
1_1_1_1_1_1_1_1_1_1_2_433_0_1_1_1_1_1_1_1_1_1_1_2_433_0,0.1657,0.1851,0.10975,0.1234,0.05825,0.0517,0.07675,0.0733,0.07405,0.0771,0.182,0.2299,4,4,-0.36687976,-0.43266255,-0.046879493,-0.107951805,0.42159733,0.49771988,-0.4067633,-0.51649076,18.68491299392184,74.03613636092916,933.0,Pune,2,"{""type"":""MultiPoint"",""coordinates"":[]}",-11.709488633177411,-18.08550884118449,-12.281214118692878,-17.683485480464153
1_1_1_1_1_1_1_1_1_1_2_434_0_1_1_1_1_1_1_1_1_1_1_2_434_0,0.2434,0.2374,0.20535,0.1929,0.1011,0.0717,0.1202,0.0932,0.1401,0.1168,0.2013,0.1734,6,6,-0.33883387,-0.43617666,0.094670564,0.15579358,0.17926186,0.1950379,-0.25225505,-0.3008252,18.59795607441907,73.94882011531274,934.0,Pune,2,"{""type"":""MultiPoint"",""coordinates"":[]}",-9.093634776106166,-15.687500898220495,-8.961620746317182,-14.958308816508461
1_1_1_1_1_1_1_1_1_1_2_435_0_1_1_1_1_1_1_1_1_1_1_2_435_0,0.1902,0.1838,0.1752,0.175,0.1219,0.1166,0.1442,0.138,0.1661,0.1544,0.19,0.1776,6,6,-0.1375598,-0.14232442,0.00052603893,0.017155506,0.06711598,0.06987952,-0.13704368,-0.12547529,18.45799855315325,73.88252444734472,935.0,Pune,2,"{""type"":""MultiPoint"",""coordinates"":[]}",2.1680833803376856,-7.272697522877131,-1.1301937589135371,-6.654052957829359
1_1_1_1_1_1_1_1_1_1_2_436_0_1_1_1_1_1_1_1_1_1_1_2_436_0,0.2896,0.2444,0.2305,0.2001,0.08525,0.0808,0.109,0.1044,0.1489,0.1396,0.20925,0.1828,5,6,-0.4530858,-0.40137616,0.16107047,0.14419475,0.16850482,0.13399504,-0.31500393,-0.2729805,18.539835075536537,74.0191582020593,936.0,Pune,2,"{""type"":""MultiPoint"",""coordinates"":[]}",-11.231484306531776,-19.931102703436423,-11.24316952279425,-17.222796739076028
1_1_1_1_1_1_1_1_1_1_2_437_0_1_1_1_1_1_1_1_1_1_1_2_437_0,0.22735,0.2255,0.1703,0.1679,0.0763,0.0636,0.09425,0.0904,0.1088,0.0964,0.22455,0.2226,4,4,-0.41386816,-0.427667,0.006196061,0.00647177,0.34723264,0.3956113,-0.4087202,-0.4223642,18.63882941984651,73.66171855050814,937.0,Pune,2,"{""type"":""MultiPoint"",""coordinates"":[]}",-11.565106961279632,-17.470360515434265,-10.263182726209745,-17.750504260719012
1_1_1_1_1_1_1_1_1_1_2_438_0_1_1_1_1_1_1_1_1_1_1_2_438_0,0.24465,0.2627,0.17055,0.2085,0.0624,0.0646,0.086,0.0853,0.0948,0.1152,0.20375,0.1748,1,1,-0.4798125,-0.5097701,0.091213204,0.20091428,0.3649305,0.20551725,-0.40638483,-0.34409842,18.43275589366949,74.02868034407096,938.0,Pune,2,"{""type"":""MultiPoint"",""coordinates"":[]}",-10.590906862520244,-14.206602393009895,-10.482870177091044,-16.14622091670972
1_1_1_1_1_1_1_1_1_1_2_439_0_1_1_1_1_1_1_1_1_1_1_2_439_0,0.2249,0.2579,0.1715,0.1977,0.04985,0.0576,0.0686,0.0781,0.0909,0.1022,0.15275,0.1869,4,5,-0.53253835,-0.53511906,0.19104992,0.1596223,0.25384772,0.2929782,-0.38016716,-0.41056603,18.401225027196897,73.77993684189828,939.0,Pune,2,"{""type"":""MultiPoint"",""coordinates"":[]}",-10.205672406347494,-16.934220791261787,-10.29834203765239,-16.90721053190279
1_1_1_1_1_1_1_1_1_1_2_440_0_1_1_1_1_1_1_1_1_1_1_2_440_0,0.2844,0.2342,0.2267,0.1936,0.08545,0.0916,0.1097,0.1166,0.1479,0.149,0.21585,0.1915,5,4,-0.4432885,-0.33523375,0.13703148,0.10030538,0.18680413,0.12481645,-0.32606357,-0.2431029,18.368885676968592,73.83078148697943,940.0,Pune,2,"{""type"":""MultiPoint"",""coordinates"":[]}",-13.102588578820132,-20.86012801314855,-10.747365895153674,-18.926579140581573
1_1_1_1_1_1_1_1_1_1_2_441_0_1_1_1_1_1_1_1_1_1_1_2_441_0,0.12655,0.135,0.07655,0.0809,0.0538,0.0367,0.0638,0.0581,0.0585,0.0481,0.15425,0.1842,1,1,-0.3296559,-0.39823925,-0.09864672,-0.15413533,0.45005876,0.58588034,-0.41481313,-0.5204292,18.50812454600712,73.88782450752103,941.0,Pune,2,"{""type"":""MultiPoint"",""coordinates"":[]}",-7.3291558744848135,-13.854102017247829,-6.745056729730397,-15.2795395510719
1_1_1_1_1_1_1_1_1_1_2_442_0_1_1_1_1_1_1_1_1_1_1_2_442_0,0.15345,0.1666,0.12395,0.1262,0.0694,0.0528,0.07655,0.0678,0.07115,0.0662,0.1426,0.1742,6,6,-0.3343478,-0.4215017,0.036649216,-0.022300469,0.33426902,0.44925123,-0.30139175,-0.43966943,18.48809211517125,73.84380705859917,942.0,Pune,2,"{""type"":""MultiPoint"",""coordinates"":[]}",-6.731454526071942,-15.071633633889475,-6.364143714783169,-14.75775130659802
1_1_1_1_1_1_1_1_1_1_2_443_0_1_1_1_1_1_1_1_1_1_1_2_443_0,0.2904,0.295,0.21925,0.2217,0.06175,0.0634,0.08535,0.0817,0.1202,0.1056,0.22195,0.2116,4,6,-0.5457086,-0.5662331,0.13360007,0.16462693,0.2973842,0.33417404,-0.44451675,-0.44289124,18.378138324395024,73.9086654221126,943.0,Pune,2,"{""type"":""MultiPoint"",""coordinates"":[]}",-13.194142559114585,-19.560953103885126,-11.022139566694019,-18.494966283114962
1_1_1_1_1_1_1_1_1_1_2_444_0_1_1_1_1_1_1_1_1_1_1_2_444_0,0.2863,0.2835,0.2248,0.2273,0.0681,0.0768,0.0925,0.103,0.1139,0.136,0.2224,0.2336,4,6,-0.51161563,-0.46701163,0.12561432,0.09649971,0.32262862,0.26406926,-0.41251191,-0.38799763,18.35621943146251,73.99723930912678,944.0,Pune,2,"{""type"":""MultiPoint"",""coordinates"":[]}",-9.880029331656326,-15.902149794277685,-10.717138386718636,-16.642720860828533
1_1_1_1_1_1_1_1_1_1_2_445_0_1_1_1_1_1_1_1_1_1_1_2_445_0,0.15515,0.1595,0.09455,0.0962,0.0608,0.038,0.0738,0.0593,0.0696,0.052,0.18605,0.2404,1,1,-0.35531774,-0.45795247,-0.090562716,-0.20230058,0.45550558,0.6443229,-0.43197998,-0.60427094,18.50857370364918,73.92187065678915,945.0,Pune,2,"{""type"":""MultiPoint"",""coordinates"":[]}",-7.033029787467235,-12.628697031467608,-7.458334965439962,-12.047400056868938
1_1_1_1_1_1_1_1_1_1_2_446_0_1_1_1_1_1_1_1_1_1_1_2_446_0,0.14595,0.184,0.08495,0.1287,0.0613,0.0604,0.0765,0.0924,0.0631,0.0888,0.2876,0.2756,6,6,-0.312205,-0.33140376,-0.32672125,-0.19930375,0.6401483,0.5126235,-0.57978576,-0.4978261,18.62813946796549,73.76259935691476,946.0,Pune,2,"{""type"":""MultiPoint"",""coordinates"":[]}",-12.971952984763572,-20.136231851042382,-10.68477190818443,-19.344096576980508
1_1_1_1_1_1_1_1_1_1_2_447_0_1_1_1_1_1_1_1_1_1_1_2_447_0,0.23495,0.2199,0.1945,0.1858,0.07915,0.1278,0.10105,0.1494,0.1208,0.1738,0.2006,0.2106,6,6,-0.39851192,-0.19090171,0.078865804,0.021602787,0.24828874,0.09573361,-0.33001822,-0.17,18.60020186262937,73.95250320797763,947.0,Pune,2,"{""type"":""MultiPoint"",""coordinates"":[]}",-1.8529919298429336,-13.910778285702152,-1.231917079588157,-13.94399015134211
1_1_1_1_1_1_1_1_1_1_2_448_0_1_1_1_1_1_1_1_1_1_1_2_448_0,0.25595,0.2358,0.1981,0.2182,0.07525,0.0562,0.0921,0.0717,0.1124,0.0902,0.17095,0.1324,1,5,-0.47076568,-0.53365856,0.19910987,0.28082564,0.20663491,0.18957771,-0.2997529,-0.29740325,18.715994702752376,73.6599219199399,948.0,Pune,2,"{""type"":""MultiPoint"",""coordinates"":[]}",-8.465258341393778,-14.237851666307817,-8.423440329158666,-15.201801047523888
1_1_1_1_1_1_1_1_1_1_2_449_0_1_1_1_1_1_1_1_1_1_1_2_449_0,0.16925,0.1868,0.10065,0.1215,0.03885,0.0514,0.06025,0.0708,0.0534,0.0647,0.2321,0.2504,4,6,-0.47494555,-0.45031056,-0.15659648,-0.14547119,0.62591946,0.5893367,-0.5878228,-0.5591532,18.378946808150733,73.87138533782164,949.0,Pune,2,"{""type"":""MultiPoint"",""coordinates"":[]}",-7.528603420935579,-16.023923584082848,-8.974516619262495,-16.511295885130203
1_1_1_1_1_1_1_1_1_1_2_450_0_1_1_1_1_1_1_1_1_1_1_2_450_0,0.2128,0.2339,0.12175,0.1311,0.0607,0.0532,0.08225,0.0872,0.069,0.0668,0.3578,0.3936,4,4,-0.4424674,-0.456867,-0.25411847,-0.254502,0.6766635,0.7098175,-0.62617886,-0.6372712,18.481264919011945,73.9958918362006,950.0,Pune,2,"{""type"":""MultiPoint"",""coordinates"":[]}",-13.240516311230088,-22.800019418693672,-13.601220907162414,-22.426075939905058
1_1_1_1_1_1_1_1_1_1_2_451_0_1_1_1_1_1_1_1_1_1_1_2_451_0,0.18915,0.2361,0.1544,0.1815,0.0638,0.0623,0.07945,0.0794,0.0891,0.1038,0.15695,0.1572,4,4,-0.408414,-0.49667194,0.0930367,0.20061022,0.27575696,0.2045977,-0.3278342,-0.32882503,18.71662352345126,73.73304478406723,951.0,Pune,2,"{""type"":""MultiPoint"",""coordinates"":[]}",-12.143817440546997,-18.03593708906923,-11.628883757409533,-17.440376344796462
1_1_1_1_1_1_1_1_1_1_2_452_0_1_1_1_1_1_1_1_1_1_1_2_452_0,0.24845,0.2746,0.17345,0.2138,0.0566,0.0797,0.07085,0.1052,0.07485,0.136,0.2265,0.2226,1,5,-0.5562167,-0.4460242,0.046215393,0.10458568,0.50323546,0.2414947,-0.5234572,-0.3581452,18.422874425544176,73.85620380952003,952.0,Pune,2,"{""type"":""MultiPoint"",""coordinates"":[]}",-10.631641393671869,-15.083702987592446,-11.242210202502651,-18.63644611220166
1_1_1_1_1_1_1_1_1_1_2_453_0_1_1_1_1_1_1_1_1_1_1_2_453_0,0.18235,0.1986,0.14085,0.1692,0.0704,0.076,0.09265,0.1004,0.0942,0.112,0.2057,0.2168,6,6,-0.32618183,-0.3284281,-0.06017266,-0.04381319,0.3717906,0.3187348,-0.37891737,-0.3669609,18.672606074529405,73.80248455552967,953.0,Pune,2,"{""type"":""MultiPoint"",""coordinates"":[]}",-7.8431758963645155,-17.088956248690582,-6.573881598360057,-18.004598388956694
1_1_1_1_1_1_1_1_1_1_2_454_0_1_1_1_1_1_1_1_1_1_1_2_454_0,0.17185,0.1826,0.16425,0.1688,0.0785,0.072,0.0966,0.0888,0.1094,0.1048,0.1233,0.1555,6,6,-0.2803129,-0.34561533,0.16449264,0.0801538,0.059733562,0.19477525,-0.12141883,-0.27302498,18.451261188522352,73.83680019938303,954.0,Pune,2,"{""type"":""MultiPoint"",""coordinates"":[]}",-2.7708480809457487,-7.512544586522027,-3.671816409243032,-11.10544341685223
1_1_1_1_1_1_1_1_1_1_2_455_0_1_1_1_1_1_1_1_1_1_1_2_455_0,0.216,0.2157,0.16455,0.1785,0.0529,0.0656,0.0819,0.0912,0.1161,0.1266,0.1987,0.1856,4,4,-0.45015106,-0.4056696,0.041716903,0.07500623,0.26238883,0.18898143,-0.41625088,-0.34104046,18.389187602389693,74.04646698669653,955.0,Pune,2,"{""type"":""MultiPoint"",""coordinates"":[]}",-11.604837905182883,-20.067810445017965,-12.117292722039588,-19.529707247070334
1_1_1_1_1_1_1_1_1_1_2_456_0_1_1_1_1_1_1_1_1_1_1_2_456_0,0.2432,0.2468,0.1998,0.2029,0.09705,0.106,0.1183,0.1324,0.155,0.1592,0.2065,0.2266,6,6,-0.34550485,-0.30168778,0.081609964,0.042670045,0.14246197,0.17470191,-0.27155173,-0.26239553,18.7432136558612,73.89483136673717,956.0,Pune,2,"{""type"":""MultiPoint"",""coordinates"":[]}",-6.805144191292898,-17.20574706469722,-9.070097515127333,-17.845636136292814
1_1_1_1_1_1_1_1_1_1_2_457_0_1_1_1_1_1_1_1_1_1_1_2_457_0,0.19145,0.19,0.1644,0.1633,0.087,0.0732,0.1046,0.0922,0.1224,0.1096,0.14675,0.141,6,6,-0.29336262,-0.3465627,0.13217032,0.14803626,0.09047,0.12529927,-0.16769445,-0.20926243,18.717611670263796,73.80320320775697,957.0,Pune,2,"{""type"":""MultiPoint"",""coordinates"":[]}",-4.3454039727060705,-9.511111813713846,0.4600606966423688,-7.9624553700093825
1_1_1_1_1_1_1_1_1_1_2_458_0_1_1_1_1_1_1_1_1_1_1_2_458_0,0.1959,0.1994,0.11985,0.1466,0.0639,0.0608,0.0841,0.0905,0.0939,0.1008,0.2662,0.2458,1,4,-0.3992857,-0.37564677,-0.15213157,-0.10422282,0.4784782,0.41834968,-0.5198401,-0.46179006,18.74563910712832,74.01278016354205,958.0,Pune,2,"{""type"":""MultiPoint"",""coordinates"":[]}",-11.670932492055528,-17.400142965506276,-11.095607192156303,-17.806408791949035
1_1_1_1_1_1_1_1_1_1_2_459_0_1_1_1_1_1_1_1_1_1_1_2_459_0,0.16385,0.1543,0.13695,0.1107,0.0534,0.0294,0.06945,0.0464,0.06705,0.0397,0.15615,0.1686,6,6,-0.40462923,-0.53761834,0.0240625,-0.044286158,0.39919356,0.618819,-0.38430852,-0.5683721,18.5199823077575,73.9401962885852,959.0,Pune,2,"{""type"":""MultiPoint"",""coordinates"":[]}",-10.343760096717906,-17.229197031463844,-10.143862242325127,-17.1707017758806
1_1_1_1_1_1_1_1_1_1_2_460_0_1_1_1_1_1_1_1_1_1_1_2_460_0,0.29335,0.2979,0.2031,0.2156,0.0596,0.0628,0.0801,0.0824,0.1205,0.1176,0.21325,0.189,5,5,-0.5710269,-0.5666579,0.15811291,0.22365989,0.27790263,0.23287672,-0.45389467,-0.3927782,18.39269103199776,73.81856439911542,960.0,Pune,2,"{""type"":""MultiPoint"",""coordinates"":[]}",-13.120099641492995,-18.958650333107425,-11.669527409469765,-18.21123392310349
1_1_1_1_1_1_1_1_1_1_2_461_0_1_1_1_1_1_1_1_1_1_1_2_461_0,0.29955,0.2886,0.2435,0.2249,0.1029,0.087,0.132,0.1098,0.1758,0.1458,0.2324,0.2096,4,5,-0.38825166,-0.44879517,0.12623367,0.15857086,0.13865753,0.17951603,-0.2755214,-0.31246087,18.47425805979581,73.79934045203525,961.0,Pune,2,"{""type"":""MultiPoint"",""coordinates"":[]}",-12.27497413261321,-19.020300796680253,-11.111973449286442,-17.15705527397805
1_1_1_1_1_1_1_1_1_1_2_462_0_1_1_1_1_1_1_1_1_1_1_2_462_0,0.2001,0.2048,0.13045,0.1478,0.0635,0.0525,0.0765,0.0771,0.08145,0.093,0.19425,0.205,1,4,-0.44685465,-0.4529975,0.014834538,-0.00048804295,0.40914038,0.37583894,-0.43490306,-0.45338532,18.488181946699665,73.80392185998426,962.0,Pune,2,"{""type"":""MultiPoint"",""coordinates"":[]}",-10.03284465561249,-15.265110621712388,-10.563464353367952,-17.006595648843476
1_1_1_1_1_1_1_1_1_1_2_463_0_1_1_1_1_1_1_1_1_1_1_2_463_0,0.3131,0.3727,0.2202,0.2813,0.08005,0.1084,0.1142,0.1384,0.1685,0.1994,0.23875,0.279,5,5,-0.46548092,-0.45842302,0.13472864,0.14377782,0.17249846,0.16638796,-0.35288283,-0.33684716,18.39089440142952,73.8462325098663,963.0,Pune,2,"{""type"":""MultiPoint"",""coordinates"":[]}",-15.382473277865966,-22.69682699145857,-13.348517386599184,-23.175616085976152
1_1_1_1_1_1_1_1_1_1_2_464_0_1_1_1_1_1_1_1_1_1_1_2_464_0,0.2312,0.1843,0.164,0.1409,0.0526,0.0495,0.0798,0.0782,0.1104,0.0918,0.1846,0.2148,4,4,-0.48681673,-0.40419048,0.11207311,-0.07642195,0.25152543,0.40117416,-0.39636913,-0.46621162,18.3802044495485,73.97765603593298,964.0,Pune,2,"{""type"":""MultiPoint"",""coordinates"":[]}",-11.394538522897195,-19.162524625161826,-10.528623694699967,-19.510204056165023
1_1_1_1_1_1_1_1_1_1_2_465_0_1_1_1_1_1_1_1_1_1_1_2_465_0,0.3258,0.3468,0.24715,0.2527,0.0741,0.0776,0.09655,0.106,0.137,0.1448,0.24425,0.2453,5,5,-0.54279625,-0.5318021,0.14305763,0.17142375,0.28131148,0.25762624,-0.43339202,-0.39652717,18.378587482037084,73.79682516923972,965.0,Pune,2,"{""type"":""MultiPoint"",""coordinates"":[]}",-12.651893924953159,-19.24844417472903,-13.052627135539758,-19.275223085400537
1_1_1_1_1_1_1_1_1_1_2_466_0_1_1_1_1_1_1_1_1_1_1_2_466_0,0.26085,0.276,0.1896,0.2037,0.0676,0.0567,0.08535,0.0724,0.1146,0.1096,0.1818,0.1606,4,5,-0.50693244,-0.58438575,0.17858353,0.26431516,0.22672065,0.18874907,-0.36103314,-0.37854078,18.615652885516223,73.84012396593428,966.0,Pune,2,"{""type"":""MultiPoint"",""coordinates"":[]}",-13.748417437276661,-20.898557290775962,-12.722447865425632,-21.5701391971158
1_1_1_1_1_1_1_1_1_1_2_467_0_1_1_1_1_1_1_1_1_1_1_2_467_0,0.16425,0.181,0.0868,0.1273,0.05745,0.065,0.0792,0.081,0.0608,0.0905,0.3282,0.2252,4,4,-0.34935305,-0.3816794,-0.3329272,-0.10881339,0.6874036,0.42667088,-0.61119294,-0.47093403,18.543428336673017,74.00613263043957,967.0,Pune,2,"{""type"":""MultiPoint"",""coordinates"":[]}",-7.060258270104139,-19.256681316090635,-9.830792951978907,-18.175135633403293
1_1_1_1_1_1_1_1_1_1_2_468_0_1_1_1_1_1_1_1_1_1_1_2_468_0,0.2684,0.209,0.1963,0.1949,0.0708,0.0426,0.0896,0.0492,0.1131,0.0645,0.18505,0.0973,5,5,-0.49944136,-0.61890006,0.18381299,0.36467516,0.24132149,0.2027194,-0.34753323,-0.32832766,18.492044702421374,73.77248082504008,968.0,Pune,2,"{""type"":""MultiPoint"",""coordinates"":[]}",-8.94570838762471,-15.3507049010097,-8.5456672409572,-15.747739495594884
1_1_1_1_1_1_1_1_1_1_2_469_0_1_1_1_1_1_1_1_1_1_1_2_469_0,0.152,0.2241,0.10835,0.1648,0.06185,0.0773,0.08345,0.1064,0.0889,0.1354,0.19535,0.2367,4,4,-0.2911446,-0.35612708,-0.124802075,-0.02734375,0.37449428,0.27223864,-0.401363,-0.37977266,18.47057496713092,73.98295609610929,969.0,Pune,2,"{""type"":""MultiPoint"",""coordinates"":[]}",-8.505941640847665,-16.041445613479063,-9.013373207048913,-17.098429778714767
1_1_1_1_1_1_1_1_1_1_2_470_0_1_1_1_1_1_1_1_1_1_1_2_470_0,0.20095,0.1879,0.1261,0.1312,0.04135,0.044,0.0646,0.07,0.0649,0.0772,0.2681,0.2016,1,4,-0.5134626,-0.45715395,-0.14316171,-0.0351733,0.61021024,0.446198,-0.61166215,-0.48453608,18.384067205270213,73.87866169162301,970.0,Pune,2,"{""type"":""MultiPoint"",""coordinates"":[]}",-9.530651110397498,-16.7445056209531,-10.046539312705375,-17.461943428227837
1_1_1_1_1_1_1_1_1_1_2_471_0_1_1_1_1_1_1_1_1_1_1_2_471_0,0.2334,0.2412,0.16375,0.1837,0.0607,0.0584,0.092,0.0828,0.125,0.1224,0.2394,0.1802,5,5,-0.4345421,-0.4888889,-0.012690355,0.14475557,0.31394073,0.19101124,-0.44477972,-0.3703422,18.406614918901614,73.89483136673717,971.0,Pune,2,"{""type"":""MultiPoint"",""coordinates"":[]}",-10.896614229820429,-16.5116382529619,-10.182541480495468,-18.836890001354956
1_1_1_1_1_1_1_1_1_1_2_472_0_1_1_1_1_1_1_1_1_1_1_2_472_0,0.18385,0.1975,0.1096,0.1288,0.05615,0.0535,0.07435,0.0754,0.07,0.0846,0.21685,0.2139,1,4,-0.42408985,-0.44741663,-0.08235588,-0.03986388,0.51194006,0.43316582,-0.4893544,-0.4787418,18.528067145314573,73.69468672143533,972.0,Pune,2,"{""type"":""MultiPoint"",""coordinates"":[]}",-9.953796798158109,-16.237593135971068,-11.221857755528365,-18.16642874632734
1_1_1_1_1_1_1_1_1_1_2_473_0_1_1_1_1_1_1_1_1_1_1_2_473_0,0.22905,0.2636,0.159,0.1911,0.0534,0.0507,0.06665,0.0647,0.0844,0.0995,0.17675,0.1772,5,5,-0.5492053,-0.6058483,0.12888122,0.19600727,0.3536282,0.28080955,-0.45234182,-0.46506822,18.49941088775116,73.78406909220523,973.0,Pune,2,"{""type"":""MultiPoint"",""coordinates"":[]}",-6.119455196500525,-11.313346369993686,-5.97508681853145,-12.535781899725462
1_1_1_1_1_1_1_1_1_1_2_474_0_1_1_1_1_1_1_1_1_1_1_2_474_0,0.18535,0.2104,0.1182,0.1551,0.0639,0.064,0.0833,0.0904,0.0927,0.1112,0.2451,0.217,4,4,-0.37986228,-0.39893618,-0.13880822,-0.015442208,0.45115453,0.32236442,-0.49269184,-0.41184124,18.4606036674772,73.96067787706312,974.0,Pune,2,"{""type"":""MultiPoint"",""coordinates"":[]}",-12.627661389758336,-19.611681132101026,-11.573398500625693,-18.73204894494464
1_1_1_1_1_1_1_1_1_1_2_475_0_1_1_1_1_1_1_1_1_1_1_2_475_0,0.18525,0.1842,0.14785,0.1401,0.0661,0.049,0.0862,0.0672,0.08465,0.0744,0.2009,0.1851,6,6,-0.36489224,-0.46539378,-0.040528294,-0.002437043,0.40710908,0.4265896,-0.39951235,-0.46730083,18.495098974387385,73.80032859884778,975.0,Pune,2,"{""type"":""MultiPoint"",""coordinates"":[]}",-3.4653411925886566,-14.534805504579065,-3.798609077499135,-15.200756605942997
1_1_1_1_1_1_1_1_1_1_2_476_0_1_1_1_1_1_1_1_1_1_1_2_476_0,0.2427,0.2805,0.16585,0.1952,0.0464,0.0499,0.0644,0.0698,0.08325,0.1012,0.1857,0.1907,5,5,-0.58059263,-0.6014844,0.13305323,0.19057725,0.38092583,0.30661187,-0.485006,-0.46410748,18.398260586759303,73.80113708260349,976.0,Pune,2,"{""type"":""MultiPoint"",""coordinates"":[]}",-3.6581145109324193,-9.97851056289134,-3.702136389068608,-10.228287013588044
1_1_1_1_1_1_1_1_1_1_2_477_0_1_1_1_1_1_1_1_1_1_1_2_477_0,0.2259,0.2704,0.17165,0.1932,0.06455,0.0708,0.08635,0.096,0.12165,0.1482,0.1714,0.2111,1,5,-0.44691753,-0.47598255,0.13717593,0.1231568,0.16976625,0.17506263,-0.3299709,-0.37479648,18.40643525584479,73.91755874342539,977.0,Pune,2,"{""type"":""MultiPoint"",""coordinates"":[]}",-14.408211382154875,-21.915777817476357,-13.330571576377285,-22.115625036830266
1_1_1_1_1_1_1_1_1_1_2_478_0_1_1_1_1_1_1_1_1_1_1_2_478_0,0.2248,0.2072,0.1783,0.1705,0.0607,0.0513,0.0928,0.0772,0.117,0.1074,0.19165,0.1964,4,4,-0.41561714,-0.4571027,0.07960139,0.026759168,0.2418597,0.2929559,-0.34751275,-0.43567252,18.385235015139568,73.99481385785967,978.0,Pune,2,"{""type"":""MultiPoint"",""coordinates"":[]}",-10.44134260591755,-18.620754921913264,-8.964457695394724,-17.199556524547294
1_1_1_1_1_1_1_1_1_1_2_479_0_1_1_1_1_1_1_1_1_1_1_2_479_0,0.17805,0.1948,0.16095,0.1711,0.0838,0.0824,0.09585,0.1076,0.0991,0.1108,0.1722,0.2083,6,6,-0.30010954,-0.2883598,0.016702356,-0.03349045,0.26944342,0.30554685,-0.28483492,-0.31877175,18.455483270357718,73.87165483240688,979.0,Pune,2,"{""type"":""MultiPoint"",""coordinates"":[]}",-6.158719512645229,-13.487514708895132,-7.588576517386555,-14.770314008764803
1_1_1_1_1_1_1_1_1_1_2_480_0_1_1_1_1_1_1_1_1_1_1_2_480_0,0.26245,0.2631,0.20905,0.2071,0.0708,0.0614,0.0854,0.0814,0.1159,0.113,0.1615,0.159,4,5,-0.50898373,-0.5274311,0.23811771,0.24662402,0.16438356,0.16911764,-0.30822197,-0.32279533,18.61071215145357,73.85961740759967,980.0,Pune,2,"{""type"":""MultiPoint"",""coordinates"":[]}",-9.000132844922298,-15.128146718116396,-9.793903613331993,-14.996045705202182
1_1_1_1_1_1_1_1_1_1_2_481_0_1_1_1_1_1_1_1_1_1_1_2_481_0,0.1591,0.1584,0.1275,0.1285,0.0647,0.0734,0.08105,0.0899,0.0865,0.1032,0.1275,0.1444,6,6,-0.3250052,-0.27587596,0.1102582,0.04623514,0.19158879,0.16639742,-0.22272836,-0.23260777,18.74779506381021,73.87758371328206,981.0,Pune,2,"{""type"":""MultiPoint"",""coordinates"":[]}",-8.323222606297282,-18.661140658834228,-5.713606154275025,-17.987395260842476
1_1_1_1_1_1_1_1_1_1_2_482_0_1_1_1_1_1_1_1_1_1_1_2_482_0,0.2483,0.2449,0.20655,0.216,0.0686,0.088,0.08415,0.1138,0.1132,0.148,0.1707,0.1809,5,5,-0.49375847,-0.36548647,0.18520287,0.1503053,0.2025361,0.10003041,-0.33961153,-0.22768918,18.62301907084601,74.01969719122977,982.0,Pune,2,"{""type"":""MultiPoint"",""coordinates"":[]}",-10.914825436990691,-19.482576968187587,-12.108915403020982,-20.14528958816999
1_1_1_1_1_1_1_1_1_1_2_483_0_1_1_1_1_1_1_1_1_1_1_2_483_0,0.16005,0.1852,0.1164,0.1494,0.0531,0.0494,0.0735,0.0652,0.0718,0.0686,0.19235,0.1929,1,1,-0.37058446,-0.47923324,-0.09165721,-0.020364983,0.4563695,0.4753346,-0.44705662,-0.49476948,18.653471958977654,73.96301349680184,983.0,Pune,2,"{""type"":""MultiPoint"",""coordinates"":[]}",-10.105791343668656,-16.165842409200135,-8.438889150509667,-16.15834160674962
1_1_1_1_1_1_1_1_1_1_2_484_0_1_1_1_1_1_1_1_1_1_1_2_484_0,0.32385,0.304,0.2884,0.2632,0.118,0.1456,0.1479,0.1742,0.1748,0.2062,0.2524,0.2557,6,6,-0.37297297,-0.27143455,0.123991325,0.08629623,0.18164794,0.10716605,-0.26105422,-0.18957897,18.583852524458397,73.72693624013522,984.0,Pune,2,"{""type"":""MultiPoint"",""coordinates"":[]}",0.24113794640090802,-4.704706640749319,-2.488131050148078,-8.435015358465227
1_1_1_1_1_1_1_1_1_1_2_485_0_1_1_1_1_1_1_1_1_1_1_2_485_0,0.26,0.2719,0.1739,0.1978,0.0838,0.078,0.1008,0.0964,0.1069,0.103,0.2947,0.2646,1,1,-0.44124168,-0.4765137,-0.062556334,0.01360671,0.4676295,0.43960828,-0.4902655,-0.465928,18.596698433021302,73.65399303906472,985.0,Pune,2,"{""type"":""MultiPoint"",""coordinates"":[]}",-7.30938475223218,-13.221072844159774,-8.105958389303378,-14.781269005011207
1_1_1_1_1_1_1_1_1_1_2_486_0_1_1_1_1_1_1_1_1_1_1_2_486_0,0.28645,0.2634,0.23455,0.2278,0.0871,0.0882,0.1042,0.1054,0.138,0.1354,0.1868,0.1754,4,5,-0.46653014,-0.4284165,0.21056524,0.20054695,0.1502463,0.12870012,-0.2838488,-0.24928775,18.614754570232105,73.96624743182466,986.0,Pune,2,"{""type"":""MultiPoint"",""coordinates"":[]}",-14.253880066070867,-21.16527619747066,-13.515445556132427,-21.91672950030139
1_1_1_1_1_1_1_1_1_1_2_487_0_1_1_1_1_1_1_1_1_1_1_2_487_0,0.16535,0.175,0.1482,0.1585,0.0849,0.0912,0.09825,0.11,0.1036,0.1242,0.14395,0.1532,6,6,-0.25455236,-0.22807017,0.06918849,0.06642291,0.16299738,0.10454218,-0.18868704,-0.16413374,18.49788375176816,73.85090374934371,987.0,Pune,2,"{""type"":""MultiPoint"",""coordinates"":[]}",-3.4155415150484685,-13.220824215970705,-2.023975335862813,-11.475811005273899
1_1_1_1_1_1_1_1_1_1_2_488_0_1_1_1_1_1_1_1_1_1_1_2_488_0,0.16045,0.1287,0.09485,0.073,0.06,0.0432,0.0935,0.06,0.0655,0.0462,0.26035,0.2142,4,0,-0.26363456,-0.36406994,-0.23740494,-0.24934383,0.59797454,0.6451613,-0.4715275,-0.56236327,18.68787743435944,73.82530176374631,988.0,Pune,2,"{""type"":""MultiPoint"",""coordinates"":[]}",-10.025520028789769,-17.426842799908645,-11.996622845193263,-18.16106816111306
1_1_1_1_1_1_1_1_1_1_2_489_0_1_1_1_1_1_1_1_1_1_1_2_489_0,0.2105,0.2217,0.15085,0.1733,0.0773,0.0828,0.09575,0.1138,0.0965,0.1136,0.2196,0.2438,6,6,-0.37469387,-0.32160953,-0.02115787,-0.047475833,0.3894337,0.36429772,-0.39273822,-0.3635347,18.6079273740728,73.72109719078844,989.0,Pune,2,"{""type"":""MultiPoint"",""coordinates"":[]}",-10.494480907818009,-15.324568144857231,-9.55934332475427,-16.0278672633432
1_1_1_1_1_1_1_1_1_1_2_490_0_1_1_1_1_1_1_1_1_1_1_2_490_0,0.22365,0.2459,0.14495,0.1727,0.0443,0.0495,0.06425,0.0668,0.0733,0.0806,0.21455,0.1929,1,1,-0.55366445,-0.5727534,0.020766772,0.120783955,0.49070698,0.41060328,-0.5390961,-0.48556027,18.5853796604414,73.6614490559229,990.0,Pune,2,"{""type"":""MultiPoint"",""coordinates"":[]}",-6.709949970374245,-12.311484103842968,-6.038276348223441,-13.516079523884002
1_1_1_1_1_1_1_1_1_1_2_491_0_1_1_1_1_1_1_1_1_1_1_2_491_0,0.2107,0.2384,0.1327,0.1845,0.0412,0.0466,0.05385,0.0608,0.0709,0.0861,0.1807,0.1765,1,1,-0.5928936,-0.59358287,0.07664793,0.14919257,0.436407,0.3442498,-0.54082286,-0.48756847,18.44766792738588,73.69603419436152,991.0,Pune,2,"{""type"":""MultiPoint"",""coordinates"":[]}",-8.940895874242843,-15.06188339969783,-9.515164344808484,-16.11257785380491
1_1_1_1_1_1_1_1_1_1_2_492_0_1_1_1_1_1_1_1_1_1_1_2_492_0,0.15955,0.1592,0.1444,0.1435,0.09985,0.1344,0.1216,0.1528,0.1438,0.1664,0.1649,0.1756,6,6,-0.13498132,-0.020512821,-0.016489444,-0.048984468,0.06835115,0.026900584,-0.15113439,-0.06942753,18.63514632718162,73.82054069274048,992.0,Pune,2,"{""type"":""MultiPoint"",""coordinates"":[]}",-7.068280017549359,-12.907208547594983,-8.12992723801956,-16.442513972542688
1_1_1_1_1_1_1_1_1_1_2_493_0_1_1_1_1_1_1_1_1_1_1_2_493_0,0.19295,0.1938,0.1793,0.1768,0.1019,0.1028,0.1189,0.1228,0.1347,0.1362,0.1604,0.1568,6,6,-0.23745391,-0.22425774,0.09211829,0.10553337,0.08708912,0.070307165,-0.14858575,-0.12160229,18.463568107914792,73.84749015126405,993.0,Pune,2,"{""type"":""MultiPoint"",""coordinates"":[]}",-6.773850287108881,-12.508936903113291,-9.217590099790613,-14.382332914157029
1_1_1_1_1_1_1_1_1_1_2_494_0_1_1_1_1_1_1_1_1_1_1_2_494_0,0.05485,0.0896,0.0394,0.0562,0.0544,0.0446,0.0606,0.0532,0.0564,0.0446,0.06395,0.1408,0,0,0.049805112,-0.25490198,-0.07659933,-0.22222222,0.062733695,0.5188781,-0.026896829,-0.4515464,18.622030924033474,73.79790314758067,994.0,Pune,2,"{""type"":""MultiPoint"",""coordinates"":[]}",-16.88219531509352,-23.591601291307693,-15.87092188520063,-24.329558584891508
1_1_1_1_1_1_1_1_1_1_2_495_0_1_1_1_1_1_1_1_1_1_1_2_495_0,0.1374,0.1406,0.1034,0.1054,0.0555,0.0484,0.07735,0.0667,0.0883,0.0946,0.1348,0.1599,4,4,-0.27962747,-0.35648817,0.0095518,-0.06422629,0.20842671,0.25658154,-0.27079895,-0.41129744,18.734050839963174,73.96112703470519,995.0,Pune,2,"{""type"":""MultiPoint"",""coordinates"":[]}",-11.589514086990867,-18.09144095331348,-8.648256740241832,-17.706720686414293
1_1_1_1_1_1_1_1_1_1_2_496_0_1_1_1_1_1_1_1_1_1_1_2_496_0,0.2446,0.234,0.21205,0.208,0.09225,0.127,0.1071,0.1514,0.1116,0.1786,0.1813,0.2189,6,6,-0.3909582,-0.21432278,0.14862643,0.033340693,0.23796518,0.10138365,-0.25728154,-0.18228464,18.63325986508497,73.79457938102942,996.0,Pune,2,"{""type"":""MultiPoint"",""coordinates"":[]}",-3.618768987643583,-13.792259366103982,-4.3875247226722225,-10.154046491757708
1_1_1_1_1_1_1_1_1_1_2_497_0_1_1_1_1_1_1_1_1_1_1_2_497_0,0.24955,0.2214,0.18185,0.1773,0.0684,0.0507,0.08175,0.0678,0.1141,0.0932,0.1783,0.1432,5,5,-0.5064896,-0.53112036,0.16653033,0.21448162,0.21956225,0.21150592,-0.37127477,-0.35734597,18.52896546059869,73.81946271439953,997.0,Pune,2,"{""type"":""MultiPoint"",""coordinates"":[]}",-7.915716757401591,-13.864750284038163,-7.817564010323257,-13.9126944982824
1_1_1_1_1_1_1_1_1_1_2_498_0_1_1_1_1_1_1_1_1_1_1_2_498_0,0.18135,0.2153,0.14485,0.1774,0.1038,0.1516,0.1221,0.1728,0.133,0.1928,0.16685,0.2365,6,6,-0.19525458,-0.10950786,0.041642733,-0.046923418,0.11288978,0.10179362,-0.15487109,-0.15563157,18.611879961322924,73.75550266617022,998.0,Pune,2,"{""type"":""MultiPoint"",""coordinates"":[]}",-7.670172772498294,-17.277136652616427,-3.1039028097454553,-13.746507552265319
1_1_1_1_1_1_1_1_1_1_2_499_0_1_1_1_1_1_1_1_1_1_1_2_499_0,0.2376,0.2281,0.1864,0.1787,0.08075,0.0769,0.106,0.098,0.1238,0.1252,0.202,0.1903,4,4,-0.3830035,-0.39895737,0.080982715,0.09034417,0.24002455,0.20633915,-0.3116883,-0.3201526,18.64368032238076,73.69037480807155,999.0,Pune,2,"{""type"":""MultiPoint"",""coordinates"":[]}",-11.737620775645523,-18.23156202237465,-11.462371587429772,-19.211735800413617
1_1_1_1_1_1_1_1_1_2_0_0_1_1_1_1_1_1_1_1_1_2_0_0,0.2986,0.2578,0.2199,0.1959,0.0792,0.0657,0.1028,0.0836,0.146,0.1032,0.2362,0.1876,4,4,-0.48779273,-0.5102519,0.11667913,0.15761113,0.23600209,0.29023385,-0.3935103,-0.38348082,20.96959825602302,79.0022029145987,1000.0,Nagpur,3,"{""type"":""MultiPoint"",""coordinates"":[]}",-11.883627691189984,-18.003094426894076,-10.954184811586675,-17.40421035532346
1_1_1_1_1_1_1_1_1_2_1_0_1_1_1_1_1_1_1_1_1_2_1_0,0.232,0.1909,0.1555,0.1126,0.0577,0.0533,0.0753,0.0798,0.0982,0.0725,0.2346,0.283,4,4,-0.5099251,-0.41041744,-0.0055722245,-0.1943448,0.40985578,0.59212375,-0.5140368,-0.5600882,21.05197376757678,79.21770875125897,1001.0,Nagpur,3,"{""type"":""MultiPoint"",""coordinates"":[]}",-10.424329183068416,-18.064329794623262,-10.190769576904504,-16.977132503161172
1_1_1_1_1_1_1_1_1_2_2_0_1_1_1_1_1_1_1_1_1_2_2_0,0.1832,0.1921,0.1374,0.1206,0.0568,0.063,0.0819,0.0904,0.0852,0.0812,0.1888,0.295,4,4,-0.38211995,-0.36,-0.015053763,-0.21125026,0.37810218,0.56831473,-0.3949021,-0.530877,21.045685560587945,79.261546537124,1002.0,Nagpur,3,"{""type"":""MultiPoint"",""coordinates"":[]}",-9.379872239264133,-16.269519909650676,-9.808675025143307,-15.867908094218786
1_1_1_1_1_1_1_1_1_2_3_0_1_1_1_1_1_1_1_1_1_2_3_0,0.23895,0.2133,0.1656,0.1434,0.05705,0.0598,0.07625,0.0787,0.0949,0.0824,0.2244,0.2208,4,4,-0.5161802,-0.4609589,0.03140175,-0.017277125,0.4055747,0.45646438,-0.49276567,-0.47445744,21.28562557297627,79.01244370883767,1003.0,Nagpur,3,"{""type"":""MultiPoint"",""coordinates"":[]}",-11.682999440302426,-18.007068489153255,-10.082069607620374,-17.28888219547151
1_1_1_1_1_1_1_1_1_2_4_0_1_1_1_1_1_1_1_1_1_2_4_0,0.1497,0.2061,0.0737,0.125,0.042,0.0711,0.06,0.0925,0.038,0.1007,0.3586,0.271,4,4,-0.42775393,-0.38044205,-0.41097778,-0.13603018,0.8083711,0.4581652,-0.71333015,-0.49105915,21.00831564476857,79.24483787283938,1004.0,Nagpur,3,"{""type"":""MultiPoint"",""coordinates"":[]}",-11.545263580391168,-18.221837801387604,-11.017800052528994,-18.031717502890636
1_1_1_1_1_1_1_1_1_2_5_0_1_1_1_1_1_1_1_1_1_2_5_0,0.2066,0.22,0.13205,0.1454,0.04545,0.0502,0.0637,0.066,0.0703,0.073,0.2076,0.2192,4,1,-0.52867186,-0.53846157,-0.0024142927,0.0018214936,0.4940626,0.50034225,-0.53040916,-0.5371669,21.24088947182712,78.96061091694396,1005.0,Nagpur,3,"{""type"":""MultiPoint"",""coordinates"":[]}",-9.122881644253113,-14.978021137834787,-8.24581503100632,-16.212092756656467
1_1_1_1_1_1_1_1_1_2_6_0_1_1_1_1_1_1_1_1_1_2_6_0,0.3235,0.2961,0.2456,0.24295,0.0867,0.0906,0.1162,0.1127,0.1609,0.1459,0.2665,0.2351,4,6,-0.4714578,-0.44863012,0.096610166,0.11483434,0.24707533,0.23412074,-0.39273584,-0.3519264,21.05008730548013,79.07829021916362,1006.0,Nagpur,3,"{""type"":""MultiPoint"",""coordinates"":[]}",-13.841872868452992,-20.09565788796713,-12.190670179399277,-18.651463553152578
1_1_1_1_1_1_1_1_1_2_7_0_1_1_1_1_1_1_1_1_1_2_7_0,0.1842,0.205,0.114,0.1144,0.052,0.0662,0.0762,0.1018,0.0687,0.1064,0.2612,0.3096,4,4,-0.41474655,-0.33637547,-0.17287831,-0.20326467,0.58351016,0.48846152,-0.54831064,-0.50510454,21.29029681245369,79.28005183197686,1007.0,Nagpur,3,"{""type"":""MultiPoint"",""coordinates"":[]}",-11.804876409964214,-18.781780591287884,-12.361815339768516,-20.173254344629797
1_1_1_1_1_1_1_1_1_2_8_0_1_1_1_1_1_1_1_1_1_2_8_0,0.28165,0.2424,0.19945,0.18,0.067,0.0654,0.0918,0.093,0.1275,0.1244,0.2277,0.1868,5,4,-0.5083679,-0.4454383,0.10591931,0.12954333,0.2820946,0.20051414,-0.42535213,-0.33523947,21.032120999797737,78.96106007458603,1008.0,Nagpur,3,"{""type"":""MultiPoint"",""coordinates"":[]}",-9.929946847737646,-17.10003214662502,-9.696149582833188,-17.476388153135428
1_1_1_1_1_1_1_1_1_2_9_0_1_1_1_1_1_1_1_1_1_2_9_0,0.2067,0.2249,0.1563,0.16045,0.0613,0.0662,0.0832,0.0861,0.1088,0.10315,0.1821,0.1825,4,4,-0.42600897,-0.44630226,0.063271604,0.10407462,0.25197664,0.2777875,-0.37278554,-0.35889798,21.019903911933717,79.10793462353956,1009.0,Nagpur,3,"{""type"":""MultiPoint"",""coordinates"":[]}",-8.21348483396642,-17.050556134853675,-9.433240100332505,-18.3788647632434
1_1_1_1_1_1_1_1_1_2_10_0_1_1_1_1_1_1_1_1_1_2_10_0,0.3032,0.2648,0.2225,0.2062,0.072,0.064,0.105,0.0896,0.1466,0.1128,0.2358,0.207,6,4,-0.4855463,-0.49435666,0.12504639,0.12250954,0.2332636,0.2945591,-0.38380283,-0.39581928,21.045146571417472,79.06894774020878,1010.0,Nagpur,3,"{""type"":""MultiPoint"",""coordinates"":[]}",-9.278315290832618,-16.08748879297937,-9.38387259312054,-15.490960815533747
1_1_1_1_1_1_1_1_1_2_11_0_1_1_1_1_1_1_1_1_1_2_11_0,0.1872,0.2469,0.1159,0.1824,0.059,0.0696,0.086,0.094,0.0846,0.1122,0.3151,0.2117,4,4,-0.3704246,-0.44851863,-0.25462872,0.076755345,0.5766825,0.30719358,-0.5711793,-0.385018,21.22957069924721,79.24843113397586,1011.0,Nagpur,3,"{""type"":""MultiPoint"",""coordinates"":[]}",-11.018547004287226,-18.566964749585367,-10.349779776904937,-19.23875736634001
1_1_1_1_1_1_1_1_1_2_12_0_1_1_1_1_1_1_1_1_1_2_12_0,0.28105,0.26605,0.21805,0.1976,0.085,0.08435,0.1109,0.1054,0.14,0.1187,0.2312,0.2138,4,6,-0.4341115,-0.43249428,0.097315766,0.108888194,0.24568966,0.28601503,-0.35165155,-0.33959898,21.088445368112037,79.13964515306898,1012.0,Nagpur,3,"{""type"":""MultiPoint"",""coordinates"":[]}",-11.64667178564017,-18.3074400511268,-11.230034452964347,-18.2079972961457
1_1_1_1_1_1_1_1_1_2_13_0_1_1_1_1_1_1_1_1_1_2_13_0,0.2888,0.2527,0.24855,0.2144,0.1005,0.0878,0.1348,0.117,0.1759,0.1394,0.2441,0.2092,6,6,-0.3635505,-0.36705437,0.083880655,0.094176225,0.16238095,0.2002295,-0.2884666,-0.28264868,21.147554513807098,78.95504136218243,1013.0,Nagpur,3,"{""type"":""MultiPoint"",""coordinates"":[]}",-8.985233593560924,-14.890854717630383,-7.701103043893706,-16.698584592454008
1_1_1_1_1_1_1_1_1_2_14_0_1_1_1_1_1_1_1_1_1_2_14_0,0.2286,0.2088,0.1646,0.1362,0.0668,0.0733,0.085,0.1016,0.0948,0.1024,0.228,0.2563,4,4,-0.45790815,-0.34536082,0.0013140604,-0.10212857,0.4126394,0.42904934,-0.456869,-0.43224365,21.05987894207703,79.1877948522978,1014.0,Nagpur,3,"{""type"":""MultiPoint"",""coordinates"":[]}",-10.774313255215572,-16.586573434127473,-9.951769118522487,-17.060281209163747
1_1_1_1_1_1_1_1_1_2_15_0_1_1_1_1_1_1_1_1_1_2_15_0,0.1529,0.188,0.09475,0.1071,0.0609,0.0567,0.07975,0.0824,0.07625,0.0834,0.2821,0.2588,4,4,-0.3144208,-0.39053255,-0.2970115,-0.15846016,0.5744384,0.51256573,-0.55920964,-0.5169988,21.208639953127225,78.98747054393914,1015.0,Nagpur,3,"{""type"":""MultiPoint"",""coordinates"":[]}",-7.921784595938376,-16.463126843804908,-9.684165024151243,-18.663369972773655
1_1_1_1_1_1_1_1_1_2_16_0_1_1_1_1_1_1_1_1_1_2_16_0,0.2326,0.2183,0.16105,0.1527,0.0544,0.0624,0.07705,0.0869,0.0939,0.0928,0.2194,0.2326,4,4,-0.50234133,-0.43053734,0.02920354,-0.03171435,0.40057454,0.42962506,-0.48018214,-0.45602503,21.293440915948107,79.05601200011746,1016.0,Nagpur,3,"{""type"":""MultiPoint"",""coordinates"":[]}",-10.334371193237056,-17.612626325311425,-10.05133470669358,-17.800754789120845
1_1_1_1_1_1_1_1_1_2_17_0_1_1_1_1_1_1_1_1_1_2_17_0,0.2038,0.21385,0.1943,0.1931,0.09525,0.1343,0.1103,0.1494,0.1256,0.1548,0.1577,0.1983,6,6,-0.2976759,-0.17742601,0.12752421,0.037728984,0.113307446,0.12319456,-0.17686567,-0.14063849,21.1242881479484,79.10910243340892,1017.0,Nagpur,3,"{""type"":""MultiPoint"",""coordinates"":[]}",-5.571870495497081,-15.049904465156105,-6.9588277006525985,-12.63325412120814
1_1_1_1_1_1_1_1_1_2_18_0_1_1_1_1_1_1_1_1_1_2_18_0,0.185,0.2273,0.1206,0.1473,0.059,0.0598,0.0796,0.08,0.0825,0.0844,0.227,0.2485,4,4,-0.39833713,-0.47933614,-0.10194175,-0.044556536,0.46688208,0.4929408,-0.4807567,-0.5129376,21.26810842493593,79.2734941304028,1018.0,Nagpur,3,"{""type"":""MultiPoint"",""coordinates"":[]}",-12.182646309552723,-19.007469664347386,-10.754975491843666,-18.27693898258849
1_1_1_1_1_1_1_1_1_2_19_0_1_1_1_1_1_1_1_1_1_2_19_0,0.29075,0.27405,0.22765,0.2071,0.0865,0.0728,0.108,0.09405,0.1425,0.1143,0.24385,0.2122,4,4,-0.4583072,-0.48899755,0.08772914,0.12719794,0.2623269,0.29984686,-0.38610202,-0.38579592,21.06239422487257,79.07703257776585,1019.0,Nagpur,3,"{""type"":""MultiPoint"",""coordinates"":[]}",-12.71952236707632,-20.171293674425293,-11.514046919580824,-19.395971690918905
1_1_1_1_1_1_1_1_1_2_20_0_1_1_1_1_1_1_1_1_1_2_20_0,0.2686,0.261,0.1766,0.1866,0.0593,0.0959,0.0732,0.1288,0.1012,0.156,0.2062,0.293,4,4,-0.57167935,-0.33914828,0.13142376,-0.057761732,0.3415745,0.3051225,-0.47602004,-0.389284,21.16435300962013,79.21025273440078,1020.0,Nagpur,3,"{""type"":""MultiPoint"",""coordinates"":[]}",-11.859074631687035,-17.72433609353571,-11.169705317447425,-16.191026108455375
1_1_1_1_1_1_1_1_1_2_21_0_1_1_1_1_1_1_1_1_1_2_21_0,0.19245,0.2727,0.12105,0.17885,0.05315,0.0654,0.0728,0.089,0.0712,0.0928,0.2332,0.242,4,4,-0.45108387,-0.50787944,-0.09573593,0.059646394,0.5321945,0.4456392,-0.52418303,-0.46223566,21.245470879776125,79.12203817350024,1021.0,Nagpur,3,"{""type"":""MultiPoint"",""coordinates"":[]}",-9.910215140641693,-15.571869503340189,-8.906791218955146,-15.871889841999245
1_1_1_1_1_1_1_1_1_2_22_0_1_1_1_1_1_1_1_1_1_2_22_0,0.1717,0.1909,0.1286,0.1487,0.067,0.0792,0.0819,0.1001,0.0905,0.1168,0.1878,0.1704,6,6,-0.35410094,-0.31202748,-0.044784423,0.05673955,0.3496227,0.18662953,-0.3926585,-0.2598891,21.100842119032883,79.07200201217479,1022.0,Nagpur,3,"{""type"":""MultiPoint"",""coordinates"":[]}",-7.2498138132795775,-13.754855343861163,-5.931588426621363,-13.003580888371527
1_1_1_1_1_1_1_1_1_2_23_0_1_1_1_1_1_1_1_1_1_2_23_0,0.1797,0.2312,0.0935,0.1472,0.0438,0.0593,0.066,0.0833,0.0475,0.0784,0.3895,0.2546,1,1,-0.46275946,-0.47027028,-0.3685875,-0.04816797,0.7826087,0.52912915,-0.71020854,-0.5069547,21.24942346702625,79.25948041197053,1023.0,Nagpur,3,"{""type"":""MultiPoint"",""coordinates"":[]}",-12.790721151347451,-18.14505053138546,-11.003834138702224,-18.47435021963556
1_1_1_1_1_1_1_1_1_2_24_0_1_1_1_1_1_1_1_1_1_2_24_0,0.0103,0.018,0.0102,0.0136,0.0407,0.0499,0.047,0.0614,0.0326,0.0358,0.015,0.0141,0,0,0.6404887,0.5465995,-0.18577075,0.12149533,-0.3697479,-0.43486974,0.516129,0.62649006,20.99582906231931,79.20944425064508,1024.0,Nagpur,3,"{""type"":""MultiPoint"",""coordinates"":[]}",-22.813696999553834,-31.756672341325608,-22.238698504844304,-32.85690700218366
1_1_1_1_1_1_1_1_1_2_25_0_1_1_1_1_1_1_1_1_1_2_25_0,0.1849,0.2092,0.1704,0.1694,0.069,0.136,0.0841,0.1574,0.09,0.1782,0.1528,0.222,6,6,-0.3747212,-0.14129841,0.09505478,-0.029684601,0.25864908,0.109445274,-0.2899958,-0.17026885,21.13839169790908,79.0653544790723,1025.0,Nagpur,3,"{""type"":""MultiPoint"",""coordinates"":[]}",-1.6397866606603742,-10.93441840444859,-2.0745631632560144,-7.811062496901016
1_1_1_1_1_1_1_1_1_2_26_0_1_1_1_1_1_1_1_1_1_2_26_0,0.30105,0.30285,0.211,0.2287,0.0735,0.0728,0.0965,0.09485,0.1339,0.1164,0.2376,0.2063,4,6,-0.5145265,-0.5230073,0.117794484,0.18962978,0.27913862,0.27858692,-0.42232865,-0.37008137,21.11710162567545,79.15500634442743,1026.0,Nagpur,3,"{""type"":""MultiPoint"",""coordinates"":[]}",-11.719967680171502,-17.958855076308726,-9.619312615875527,-15.658452132586213
1_1_1_1_1_1_1_1_1_2_27_0_1_1_1_1_1_1_1_1_1_2_27_0,0.222,0.2242,0.1422,0.1606,0.0527,0.0706,0.0734,0.0938,0.0766,0.1032,0.2289,0.223,4,4,-0.5030467,-0.41006288,-0.015302728,0.0026833632,0.498527,0.36725935,-0.5143897,-0.40782827,21.0385888698434,79.22714106174223,1027.0,Nagpur,3,"{""type"":""MultiPoint"",""coordinates"":[]}",-10.597985906765688,-16.92487804123661,-11.408896632439856,-17.20684650748586
1_1_1_1_1_1_1_1_1_2_28_0_1_1_1_1_1_1_1_1_1_2_28_0,0.2251,0.2353,0.2154,0.2044,0.0838,0.0959,0.1023,0.1122,0.1206,0.1282,0.162,0.1826,6,6,-0.37507635,-0.3542446,0.16300698,0.12610672,0.14649682,0.17503217,-0.22587968,-0.23880596,21.214658665530827,79.19875429876404,1028.0,Nagpur,3,"{""type"":""MultiPoint"",""coordinates"":[]}",-5.425733297807064,-11.990337798021537,-5.058012188903774,-12.340592141014401
1_1_1_1_1_1_1_1_1_2_29_0_1_1_1_1_1_1_1_1_1_2_29_0,0.3337,0.2987,0.2498,0.2007,0.0935,0.0778,0.126,0.0974,0.1576,0.1112,0.2876,0.248,4,4,-0.4518164,-0.508205,0.07419926,0.09273825,0.2920036,0.38084632,-0.39071566,-0.4360162,20.99214596965442,79.0713731914759,1029.0,Nagpur,3,"{""type"":""MultiPoint"",""coordinates"":[]}",-14.515493207280851,-21.231711547828773,-11.659793686415734,-17.911791667806252
1_1_1_1_1_1_1_1_1_2_30_0_1_1_1_1_1_1_1_1_1_2_30_0,0.1892,0.2357,0.11815,0.17935,0.045,0.0627,0.06285,0.07595,0.05785,0.09045,0.21495,0.1912,1,4,-0.5012894,-0.5125943,-0.06371397,0.104239866,0.57587975,0.35771346,-0.5475162,-0.43140557,21.27745090389078,79.12949419035843,1030.0,Nagpur,3,"{""type"":""MultiPoint"",""coordinates"":[]}",-10.770512994230225,-16.407442614062347,-10.130029100009502,-17.614479647098822
1_1_1_1_1_1_1_1_1_2_31_0_1_1_1_1_1_1_1_1_1_2_31_0,0.1966,0.226,0.1227,0.161,0.0562,0.065,0.0798,0.0821,0.075,0.0976,0.2878,0.192,4,4,-0.42257598,-0.46705616,-0.18827416,0.08133971,0.58654904,0.32596686,-0.56583244,-0.40094855,21.00472238363209,79.24591585118033,1031.0,Nagpur,3,"{""type"":""MultiPoint"",""coordinates"":[]}",-9.819700041506398,-17.757577692467194,-10.166079461443886,-16.246957760815455
1_1_1_1_1_1_1_1_1_2_32_0_1_1_1_1_1_1_1_1_1_2_32_0,0.1936,0.1949,0.125,0.1287,0.0505,0.061,0.07,0.0826,0.0618,0.082,0.2518,0.2208,4,4,-0.46889225,-0.4046847,-0.13066906,-0.062304545,0.6058673,0.4583884,-0.5649472,-0.4555043,21.29963929140853,79.2089052614746,1032.0,Nagpur,3,"{""type"":""MultiPoint"",""coordinates"":[]}",-10.617893758179113,-17.063771166127864,-10.096951185131207,-17.12669572474651
1_1_1_1_1_1_1_1_1_2_33_0_1_1_1_1_1_1_1_1_1_2_33_0,0.2167,0.2424,0.1256,0.2168,0.0478,0.0969,0.0705,0.1292,0.0672,0.1758,0.2744,0.2092,1,7,-0.50905293,-0.30462864,-0.11749135,0.073516384,0.60655737,0.08675325,-0.59118587,-0.23640662,21.236128400821283,79.22570375728763,1033.0,Nagpur,3,"{""type"":""MultiPoint"",""coordinates"":[]}",-10.513819059984888,-15.721662902827555,-10.899220826118214,-20.721305934398792
1_1_1_1_1_1_1_1_1_2_34_0_1_1_1_1_1_1_1_1_1_2_34_0,0.2319,0.2255,0.2212,0.2192,0.1166,0.1136,0.14,0.1296,0.1708,0.148,0.2032,0.1836,6,6,-0.24710944,-0.27006477,0.065961845,0.10241994,0.086631015,0.10735826,-0.18414919,-0.1724138,21.2392725043157,79.24133444323131,1034.0,Nagpur,3,"{""type"":""MultiPoint"",""coordinates"":[]}",-10.342208865270596,-17.810753078511098,-10.107114443492868,-18.235960475002905
1_1_1_1_1_1_1_1_1_2_35_0_1_1_1_1_1_1_1_1_1_2_35_0,0.1982,0.2631,0.1454,0.2036,0.0548,0.0746,0.0835,0.0971,0.1042,0.116,0.2518,0.2082,4,4,-0.40717074,-0.46085507,-0.11911111,0.11648631,0.41460675,0.28439236,-0.5019386,-0.36390436,21.26047274502092,79.2254342627024,1035.0,Nagpur,3,"{""type"":""MultiPoint"",""coordinates"":[]}",-10.16338507718908,-17.050377301880015,-9.035481254464022,-17.204419261295744
1_1_1_1_1_1_1_1_1_2_36_0_1_1_1_1_1_1_1_1_1_2_36_0,0.24525,0.2175,0.222,0.18485,0.112,0.09895,0.1392,0.1145,0.1611,0.1309,0.2176,0.1893,6,6,-0.27584863,-0.31024095,0.059738576,0.069321536,0.14919461,0.18238601,-0.21973094,-0.24621461,21.16839542839867,79.03184731897464,1036.0,Nagpur,3,"{""type"":""MultiPoint"",""coordinates"":[]}",-9.139912256030808,-16.546814450013528,-9.65709529242359,-15.197673780027806
1_1_1_1_1_1_1_1_1_2_37_0_1_1_1_1_1_1_1_1_1_2_37_0,0.189,0.2041,0.1775,0.1774,0.0678,0.0744,0.079,0.0886,0.0908,0.0916,0.1412,0.1858,6,6,-0.41044775,-0.39460197,0.14476076,0.04693511,0.21724138,0.33958182,-0.2824705,-0.3542274,21.248165825628483,79.23010550217982,1037.0,Nagpur,3,"{""type"":""MultiPoint"",""coordinates"":[]}",-3.88685068567172,-13.971331665635711,-2.0662533611288616,-13.866066604860057
1_1_1_1_1_1_1_1_1_2_38_0_1_1_1_1_1_1_1_1_1_2_38_0,0.2925,0.25795,0.2187,0.17455,0.0836,0.0614,0.1064,0.08305,0.1322,0.08795,0.25705,0.2514,4,4,-0.46653298,-0.5129032,0.06450732,0.012859527,0.32074502,0.4816561,-0.41449994,-0.5033637,21.200824610155383,79.0976039977722,1038.0,Nagpur,3,"{""type"":""MultiPoint"",""coordinates"":[]}",-11.609441629836875,-18.647745204157296,-8.470434500552093,-13.748952861931867
1_1_1_1_1_1_1_1_1_2_39_0_1_1_1_1_1_1_1_1_1_2_39_0,0.20065,0.2139,0.12935,0.1466,0.0525,0.0553,0.0692,0.069,0.07015,0.0818,0.2392,0.2154,4,1,-0.48712248,-0.5121951,-0.08764351,-0.0034940601,0.5464684,0.44952893,-0.55123216,-0.51476794,21.046943201985712,78.96743811310327,1039.0,Nagpur,3,"{""type"":""MultiPoint"",""coordinates"":[]}",-9.545826353720187,-16.65639013033575,-9.631663553580736,-16.42359797836813
1_1_1_1_1_1_1_1_1_2_40_0_1_1_1_1_1_1_1_1_1_2_40_0,0.225,0.26825,0.15815,0.19905,0.06125,0.073,0.07975,0.09765,0.09875,0.1034,0.2089,0.2107,4,4,-0.47662017,-0.46624762,0.037105326,0.12015868,0.35803673,0.34161094,-0.4474277,-0.36662883,21.070658725486467,79.15895893167756,1040.0,Nagpur,3,"{""type"":""MultiPoint"",""coordinates"":[]}",-10.823465049549982,-18.153593264957518,-9.302464224074765,-17.916963717173747
1_1_1_1_1_1_1_1_1_2_41_0_1_1_1_1_1_1_1_1_1_2_41_0,0.293,0.31255,0.21775,0.21285,0.0713,0.0772,0.0874,0.0994,0.1126,0.1165,0.2127,0.24445,4,5,-0.5404837,-0.51741713,0.1587898,0.12226212,0.30771595,0.35448122,-0.4175275,-0.4218409,21.075779122605947,79.13039250564256,1041.0,Nagpur,3,"{""type"":""MultiPoint"",""coordinates"":[]}",-11.29190961531843,-16.50914157975187,-11.371110859344032,-18.234538004445813
1_1_1_1_1_1_1_1_1_2_42_0_1_1_1_1_1_1_1_1_1_2_42_0,0.22235,0.192,0.142,0.1346,0.05425,0.0545,0.07375,0.0706,0.0823,0.0786,0.2185,0.2048,4,4,-0.50185746,-0.46230006,0.008733129,-0.032258064,0.45279256,0.445307,-0.49529514,-0.48729122,20.96618465794337,78.96438384113726,1042.0,Nagpur,3,"{""type"":""MultiPoint"",""coordinates"":[]}",-9.486166475746536,-16.99942391889219,-10.105796648527235,-17.750737028910454
1_1_1_1_1_1_1_1_1_2_43_0_1_1_1_1_1_1_1_1_1_2_43_0,0.17455,0.2055,0.12225,0.141,0.05405,0.0543,0.07695,0.0734,0.07805,0.086,0.2099,0.2094,4,1,-0.38807157,-0.47364646,-0.09194954,-0.0093998555,0.457892,0.41773865,-0.46348265,-0.48090523,21.030234537701087,78.95252607938689,1043.0,Nagpur,3,"{""type"":""MultiPoint"",""coordinates"":[]}",-8.727822924472946,-15.777201592204829,-8.162930206475087,-16.337146604660383
1_1_1_1_1_1_1_1_1_2_44_0_1_1_1_1_1_1_1_1_1_2_44_0,0.257,0.2468,0.1696,0.1678,0.0657,0.0606,0.085,0.0806,0.1112,0.0897,0.267,0.2198,4,4,-0.50292397,-0.5076359,-0.01908397,0.05786541,0.41195136,0.4203554,-0.51704544,-0.46338215,20.9912476543703,79.27789587529497,1044.0,Nagpur,3,"{""type"":""MultiPoint"",""coordinates"":[]}",-9.746218605322595,-17.70755851062833,-8.56699156059557,-16.14598044626713
1_1_1_1_1_1_1_1_1_2_45_0_1_1_1_1_1_1_1_1_1_2_45_0,0.25315,0.2646,0.2037,0.2012,0.0736,0.0695,0.0949,0.08765,0.1221,0.1062,0.2156,0.2109,4,4,-0.45467606,-0.5023421,0.08010667,0.112933755,0.27687296,0.33017975,-0.38872784,-0.41282868,21.29945962835171,79.10955159105099,1045.0,Nagpur,3,"{""type"":""MultiPoint"",""coordinates"":[]}",-9.739766719334332,-17.02378297820415,-7.587319451925312,-17.424708362493554
1_1_1_1_1_1_1_1_1_2_46_0_1_1_1_1_1_1_1_1_1_2_46_0,0.3731,0.3383,0.2707,0.2687,0.0848,0.0811,0.1112,0.0966,0.1586,0.1204,0.2574,0.1874,4,4,-0.5407805,-0.55575997,0.18350515,0.28704584,0.2375,0.21767381,-0.39663592,-0.3197183,20.97103556047761,79.26864322786855,1046.0,Nagpur,3,"{""type"":""MultiPoint"",""coordinates"":[]}",-12.088126919740406,-22.727037532103637,-10.543472735448958,-17.045574946223134
1_1_1_1_1_1_1_1_1_2_47_0_1_1_1_1_1_1_1_1_1_2_47_0,0.162,0.1668,0.12485,0.1165,0.0571,0.0577,0.0692,0.0737,0.06925,0.0661,0.1674,0.1955,6,6,-0.4013841,-0.38711017,-0.016393442,-0.07921612,0.4147475,0.4946483,-0.41504648,-0.4524517,21.12069488681192,79.090147980914,1047.0,Nagpur,3,"{""type"":""MultiPoint"",""coordinates"":[]}",-6.904129226673236,-8.480486999027478,-5.136754177159871,-7.730727869328675
1_1_1_1_1_1_1_1_1_2_48_0_1_1_1_1_1_1_1_1_1_2_48_0,0.2078,0.19565,0.1802,0.1701,0.0908,0.0855,0.1086,0.10065,0.121,0.106,0.186,0.1692,6,6,-0.31352717,-0.32062098,0.05535805,0.07249554,0.21172638,0.22965117,-0.26272914,-0.25403002,21.17585144525686,79.03957283041807,1048.0,Nagpur,3,"{""type"":""MultiPoint"",""coordinates"":[]}",-8.761445594565009,-16.191222979913324,-7.524578658673603,-15.535465902201985
1_1_1_1_1_1_1_1_1_2_49_0_1_1_1_1_1_1_1_1_1_2_49_0,0.3068,0.2845,0.2398,0.2146,0.0822,0.0711,0.1106,0.0908,0.1478,0.1144,0.2524,0.2142,6,6,-0.47005272,-0.51612043,0.09728183,0.14096652,0.26136932,0.30371273,-0.3906336,-0.40459016,21.22454013365614,79.05448486413445,1049.0,Nagpur,3,"{""type"":""MultiPoint"",""coordinates"":[]}",-10.797787555792304,-17.3916983491534,-9.797904625078967,-16.199594399466147
1_1_1_1_1_1_1_1_1_2_50_0_1_1_1_1_1_1_1_1_1_2_50_0,0.3412,0.3081,0.2369,0.2411,0.086,0.0794,0.1116,0.1046,0.1642,0.1352,0.2686,0.2072,4,4,-0.50706714,-0.49309427,0.11905543,0.19580826,0.24121997,0.21028037,-0.41294056,-0.3290571,20.956482852874878,79.2922689198409,1050.0,Nagpur,3,"{""type"":""MultiPoint"",""coordinates"":[]}",-11.57006818682885,-21.292699625404477,-9.565481828604534,-18.565476445655307
1_1_1_1_1_1_1_1_1_2_51_0_1_1_1_1_1_1_1_1_1_2_51_0,0.2601,0.2575,0.18085,0.1875,0.05155,0.0576,0.0734,0.0723,0.08305,0.0897,0.2017,0.1682,4,4,-0.5598201,-0.56155246,0.12646167,0.20977214,0.4166813,0.30438155,-0.46637586,-0.3987526,21.24987262466831,78.97076187965452,1051.0,Nagpur,3,"{""type"":""MultiPoint"",""coordinates"":[]}",-11.294641302438094,-18.280896567193572,-11.700491116239316,-18.078714169602
1_1_1_1_1_1_1_1_1_2_52_0_1_1_1_1_1_1_1_1_1_2_52_0,0.2012,0.1893,0.116,0.1212,0.04395,0.053,0.05915,0.0716,0.0576,0.0666,0.2423,0.2404,1,1,-0.5456117,-0.4511307,-0.09267193,-0.11892018,0.61587197,0.5661238,-0.60756344,-0.54102564,20.991876475069184,78.95827529720525,1052.0,Nagpur,3,"{""type"":""MultiPoint"",""coordinates"":[]}",-8.349974291826069,-16.840005368686512,-8.638371595443935,-16.721090116955452
1_1_1_1_1_1_1_1_1_2_53_0_1_1_1_1_1_1_1_1_1_2_53_0,0.1718,0.2047,0.0989,0.1272,0.0448,0.0511,0.0537,0.0712,0.0518,0.0772,0.1859,0.1926,1,1,-0.52372503,-0.48387095,-0.039418507,0.030455574,0.5641565,0.42772424,-0.5517529,-0.46019712,20.972922022574263,79.18761518924097,1053.0,Nagpur,3,"{""type"":""MultiPoint"",""coordinates"":[]}",-7.817527990062585,-14.273627521501203,-9.26541836996336,-15.751222334844144
1_1_1_1_1_1_1_1_1_2_54_0_1_1_1_1_1_1_1_1_1_2_54_0,0.2508,0.2486,0.22,0.2212,0.1004,0.1014,0.1246,0.118,0.134,0.1322,0.2192,0.198,6,6,-0.33617476,-0.3562466,0.06723404,0.113300495,0.2412231,0.19927317,-0.27515998,-0.25316456,21.03499560870692,79.04963396160021,1054.0,Nagpur,3,"{""type"":""MultiPoint"",""coordinates"":[]}",-5.887788225567212,-14.912673270826168,-4.014415020808298,-15.348524585161332
1_1_1_1_1_1_1_1_1_2_55_0_1_1_1_1_1_1_1_1_1_2_55_0,0.2137,0.2454,0.148,0.1976,0.0615,0.0783,0.0874,0.1086,0.119,0.1158,0.2514,0.2084,4,4,-0.41946197,-0.38644066,-0.08105784,0.081533715,0.3574514,0.28562614,-0.4840614,-0.3148265,21.11710162567545,79.20540183186654,1055.0,Nagpur,3,"{""type"":""MultiPoint"",""coordinates"":[]}",-11.3636064607968,-23.120199366450386,-11.282814786864556,-19.72098707245049
1_1_1_1_1_1_1_1_1_2_56_0_1_1_1_1_1_1_1_1_1_2_56_0,0.2148,0.2041,0.1433,0.1319,0.055,0.0596,0.0719,0.0875,0.0768,0.0924,0.238,0.2394,4,4,-0.4984304,-0.39986283,-0.05123675,-0.079594135,0.51207113,0.443038,-0.53597933,-0.4646681,21.025203972110017,78.97597210830241,1056.0,Nagpur,3,"{""type"":""MultiPoint"",""coordinates"":[]}",-10.255421053152006,-16.122214366391688,-10.256335712714645,-17.819598171576555
1_1_1_1_1_1_1_1_1_2_57_0_1_1_1_1_1_1_1_1_1_2_57_0,0.2812,0.221,0.2028,0.1269,0.0694,0.068,0.0904,0.093,0.12,0.0934,0.2354,0.3208,4,4,-0.51345533,-0.40764332,0.088656604,-0.18420081,0.32470456,0.54901016,-0.44505832,-0.5505075,21.050805957707425,79.26208552629447,1057.0,Nagpur,3,"{""type"":""MultiPoint"",""coordinates"":[]}",-11.400120091849944,-18.798309732277275,-9.796839180871347,-18.70591640152458
1_1_1_1_1_1_1_1_1_2_58_0_1_1_1_1_1_1_1_1_1_2_58_0,0.3085,0.277,0.22355,0.2029,0.06935,0.065,0.0928,0.0813,0.1343,0.1036,0.2268,0.1772,5,5,-0.5375031,-0.5461903,0.1526247,0.219727,0.25616172,0.26210827,-0.4192741,-0.37098646,21.24214711322488,79.00471819739424,1058.0,Nagpur,3,"{""type"":""MultiPoint"",""coordinates"":[]}",-14.482771050519665,-20.96992410603187,-10.400781066788253,-16.70672371987655
1_1_1_1_1_1_1_1_1_2_59_0_1_1_1_1_1_1_1_1_1_2_59_0,0.16995,0.1897,0.168,0.1757,0.0866,0.1044,0.09795,0.1146,0.1205,0.1148,0.13465,0.1529,6,6,-0.268757,-0.24679592,0.11588969,0.107413895,0.055457573,0.1423235,-0.1577816,-0.14317757,21.152585079398165,79.10874310729527,1059.0,Nagpur,3,"{""type"":""MultiPoint"",""coordinates"":[]}",-2.0147801592660843,-11.69677163742745,0.9466181641964437,-11.624805472535321
1_1_1_1_1_1_1_1_1_2_60_0_1_1_1_1_1_1_1_1_1_2_60_0,0.1947,0.20195,0.1726,0.16295,0.0781,0.07635,0.0993,0.09575,0.1144,0.1028,0.1814,0.1806,6,6,-0.3244898,-0.35673496,0.035362937,0.0558097,0.2265044,0.27452365,-0.2924831,-0.3070382,21.11961690847098,79.02573877504263,1060.0,Nagpur,3,"{""type"":""MultiPoint"",""coordinates"":[]}",-8.954152422454326,-14.403103512888258,-8.055283437785768,-12.854156286088674
1_1_1_1_1_1_1_1_1_2_61_0_1_1_1_1_1_1_1_1_1_2_61_0,0.2445,0.2138,0.1649,0.1542,0.0654,0.0517,0.0789,0.0638,0.1084,0.0726,0.1974,0.1254,4,1,-0.5120594,-0.54034585,0.1065852,0.2606132,0.29103988,0.26666668,-0.42888165,-0.3255814,21.14180529598873,79.03247613967352,1061.0,Nagpur,3,"{""type"":""MultiPoint"",""coordinates"":[]}",-11.14484077789944,-17.364428588349693,-8.391595116373892,-15.091502541833623
1_1_1_1_1_1_1_1_1_2_62_0_1_1_1_1_1_1_1_1_1_2_62_0,0.20125,0.23535,0.1357,0.18255,0.0589,0.0628,0.083,0.08475,0.09385,0.09775,0.2296,0.2143,4,4,-0.41600704,-0.47047797,-0.06580016,0.04681419,0.41969392,0.37349784,-0.46896994,-0.43320516,20.98576793113717,79.13326711455174,1062.0,Nagpur,3,"{""type"":""MultiPoint"",""coordinates"":[]}",-10.427205113645817,-15.852973166566818,-8.503851970328347,-15.19620959510631
1_1_1_1_1_1_1_1_1_2_63_0_1_1_1_1_1_1_1_1_1_2_63_0,0.2171,0.2233,0.138,0.1475,0.0455,0.045,0.0634,0.0623,0.08,0.0751,0.1914,0.1766,1,1,-0.5479501,-0.5637255,0.0629131,0.11677919,0.41046426,0.40325785,-0.5023548,-0.47844288,20.979569555676747,79.19318474400251,1063.0,Nagpur,3,"{""type"":""MultiPoint"",""coordinates"":[]}",-5.933325990235173,-13.39714194998409,-5.864611757469063,-12.056644681244412
1_1_1_1_1_1_1_1_1_2_64_0_1_1_1_1_1_1_1_1_1_2_64_0,0.1597,0.1854,0.10335,0.12425,0.0531,0.05615,0.06385,0.0659,0.0659,0.065,0.1315,0.14735,4,4,-0.42876315,-0.47552726,0.09684066,0.11435011,0.33232015,0.38780317,-0.3463015,-0.3819461,21.09239795536216,79.16524713866639,1064.0,Nagpur,3,"{""type"":""MultiPoint"",""coordinates"":[]}",-12.436231557160124,-19.08495597874706,-11.504203556983137,-16.55949340013209
1_1_1_1_1_1_1_1_1_2_65_0_1_1_1_1_1_1_1_1_1_2_65_0,0.2043,0.2276,0.1373,0.1551,0.05,0.0704,0.0703,0.0968,0.0713,0.1262,0.2817,0.2852,4,4,-0.4879825,-0.40320593,-0.15925926,-0.11232449,0.596034,0.38648516,-0.6005682,-0.49319372,21.054668713429137,79.21025273440078,1065.0,Nagpur,3,"{""type"":""MultiPoint"",""coordinates"":[]}",-10.753363369334078,-19.558246113333908,-10.162907676387622,-18.515007118280487
1_1_1_1_1_1_1_1_1_2_66_0_1_1_1_1_1_1_1_1_1_2_66_0,0.2193,0.2099,0.1562,0.1431,0.0748,0.0647,0.0991,0.0922,0.1184,0.0937,0.2519,0.2388,4,4,-0.37751257,-0.3896061,-0.069185056,-0.06440829,0.3605185,0.43639097,-0.43532765,-0.4429003,21.10811847283425,79.2787941905791,1066.0,Nagpur,3,"{""type"":""MultiPoint"",""coordinates"":[]}",-9.228047336287478,-17.572652910051072,-9.735516855090179,-16.838361733985746
1_1_1_1_1_1_1_1_1_2_67_0_1_1_1_1_1_1_1_1_1_2_67_0,0.3127,0.2804,0.2399,0.2203,0.0786,0.0674,0.1058,0.0888,0.151,0.1126,0.228,0.19,4,4,-0.4943847,-0.51895994,0.15664878,0.19217686,0.20316623,0.2557832,-0.36608747,-0.3629842,21.062304393344156,79.0676002672826,1067.0,Nagpur,3,"{""type"":""MultiPoint"",""coordinates"":[]}",-11.135296166322828,-18.67048973725884,-12.426299112153263,-17.73569013764482
1_1_1_1_1_1_1_1_1_2_68_0_1_1_1_1_1_1_1_1_1_2_68_0,0.32745,0.2513,0.24535,0.1975,0.08765,0.06615,0.1135,0.0861,0.1526,0.1074,0.2389,0.16415,4,4,-0.4852024,-0.48962656,0.15635207,0.20977254,0.22043423,0.20898545,-0.35584563,-0.3118881,20.96465752196036,79.12122968974454,1068.0,Nagpur,3,"{""type"":""MultiPoint"",""coordinates"":[]}",-12.512495641082747,-20.08558531324573,-11.485650285925095,-16.98795965782933
1_1_1_1_1_1_1_1_1_2_69_0_1_1_1_1_1_1_1_1_1_2_69_0,0.2414,0.3557,0.1685,0.353,0.06055,0.3248,0.0852,0.3484,0.1028,0.3616,0.2355,0.3528,4,6,-0.47826087,-0.010367845,0.012371566,0.0040931543,0.3922554,-0.012318029,-0.4686623,-0.006274957,21.1738751516318,78.98252980987648,1069.0,Nagpur,3,"{""type"":""MultiPoint"",""coordinates"":[]}",-10.699823366665873,-16.78059382838616,-12.585776350008457,-19.126355738247057
1_1_1_1_1_1_1_1_1_2_70_0_1_1_1_1_1_1_1_1_1_2_70_0,0.2973,0.2652,0.2208,0.209,0.0786,0.0726,0.1038,0.0916,0.1466,0.1172,0.2265,0.1814,4,4,-0.48242334,-0.48654708,0.1351661,0.18763995,0.2141517,0.21500336,-0.37148046,-0.32893774,20.966633815585425,79.27538059249945,1070.0,Nagpur,3,"{""type"":""MultiPoint"",""coordinates"":[]}",-11.352282230178574,-19.5314069442647,-10.823318769459096,-18.519867484720844
1_1_1_1_1_1_1_1_1_2_71_0_1_1_1_1_1_1_1_1_1_2_71_0,0.2951,0.2132,0.2239,0.152,0.0764,0.0712,0.1036,0.1022,0.1358,0.115,0.2346,0.2218,4,4,-0.480311,-0.35193405,0.11421559,-0.019770116,0.26673865,0.31710213,-0.38734478,-0.3691358,21.187349880893592,79.23306994261742,1071.0,Nagpur,3,"{""type"":""MultiPoint"",""coordinates"":[]}",-9.333975081534863,-18.66332894306118,-8.701077464222543,-18.88333123934561
1_1_1_1_1_1_1_1_1_2_72_0_1_1_1_1_1_1_1_1_1_2_72_0,0.3002,0.3206,0.2186,0.2237,0.0772,0.0759,0.0982,0.1012,0.121,0.1166,0.249,0.2473,4,4,-0.5070281,-0.52015173,0.093226515,0.12907203,0.34594595,0.3591646,-0.4343318,-0.41922525,21.19768050666097,79.18797451535461,1072.0,Nagpur,3,"{""type"":""MultiPoint"",""coordinates"":[]}",-11.798922854849037,-17.697928991791688,-11.364403807946907,-18.108503109289128
1_1_1_1_1_1_1_1_1_2_73_0_1_1_1_1_1_1_1_1_1_2_73_0,0.1618,0.17485,0.10845,0.1187,0.0521,0.0547,0.0736,0.0784,0.0627,0.0766,0.2719,0.2097,4,4,-0.37468138,-0.38084897,-0.2538621,-0.090625405,0.6252242,0.46489695,-0.57395077,-0.45574453,21.036432913161512,79.16470814949592,1073.0,Nagpur,3,"{""type"":""MultiPoint"",""coordinates"":[]}",-10.115185121694099,-15.916207792323727,-11.065690092801429,-17.109134086471393
1_1_1_1_1_1_1_1_1_2_74_0_1_1_1_1_1_1_1_1_1_2_74_0,0.1894,0.1919,0.1432,0.14515,0.04925,0.0599,0.06575,0.0731,0.07455,0.0775,0.1711,0.1645,6,6,-0.4846169,-0.44830188,0.05076283,0.07687991,0.39303887,0.35950413,-0.4447963,-0.38468012,21.15366305773911,79.02232517696298,1074.0,Nagpur,3,"{""type"":""MultiPoint"",""coordinates"":[]}",-3.3517194823427445,-14.365670861132367,-7.410260351773821,-15.544527578495268
1_1_1_1_1_1_1_1_1_2_75_0_1_1_1_1_1_1_1_1_1_2_75_0,0.2489,0.1919,0.17575,0.11765,0.06655,0.06225,0.08765,0.0833,0.1072,0.0789,0.21545,0.2242,4,1,-0.47912642,-0.3946221,0.07203618,-0.07762557,0.33550286,0.47937974,-0.42164302,-0.4582114,21.24331492309424,79.1292246957732,1075.0,Nagpur,3,"{""type"":""MultiPoint"",""coordinates"":[]}",-11.439400442951587,-17.704566273859925,-11.098568138964884,-17.556749220792195
1_1_1_1_1_1_1_1_1_2_76_0_1_1_1_1_1_1_1_1_1_2_76_0,0.27,0.2771,0.2212,0.2258,0.0938,0.0936,0.117,0.112,0.157,0.1346,0.2203,0.2122,4,4,-0.39534885,-0.4243125,0.10136651,0.13263847,0.16777101,0.2237601,-0.30625555,-0.30906847,21.024664982939548,79.20459334811083,1076.0,Nagpur,3,"{""type"":""MultiPoint"",""coordinates"":[]}",-9.885445608300818,-18.753669867831057,-9.321760059969593,-17.60419107906061
1_1_1_1_1_1_1_1_1_2_77_0_1_1_1_1_1_1_1_1_1_2_77_0,0.2205,0.2052,0.1409,0.1282,0.0502,0.0571,0.0741,0.0867,0.0689,0.0734,0.2851,0.2896,4,4,-0.49694502,-0.40596095,-0.127769,-0.17057396,0.61073446,0.59559226,-0.58741647,-0.53919744,21.277720398476017,79.2133968378952,1077.0,Nagpur,3,"{""type"":""MultiPoint"",""coordinates"":[]}",-11.562917598904047,-19.324304851711204,-10.607050884852251,-16.501677149759914
1_1_1_1_1_1_1_1_1_2_78_0_1_1_1_1_1_1_1_1_1_2_78_0,0.24035,0.2541,0.1895,0.1806,0.07425,0.0666,0.0967,0.0874,0.1235,0.1032,0.2023,0.2194,4,6,-0.4261979,-0.48814055,0.08595956,0.07328405,0.24186617,0.36019838,-0.35317725,-0.43024772,21.06823327421934,78.9646533357225,1078.0,Nagpur,3,"{""type"":""MultiPoint"",""coordinates"":[]}",-13.732577901028371,-21.208604757959296,-11.050078822994191,-19.366136440371402
1_1_1_1_1_1_1_1_1_2_79_0_1_1_1_1_1_1_1_1_1_2_79_0,0.1682,0.1882,0.1243,0.1299,0.0469,0.0509,0.0608,0.0682,0.0798,0.0831,0.159,0.179,1,1,-0.46899563,-0.4680187,0.028117359,0.025054466,0.3316583,0.3658909,-0.4467698,-0.44822007,21.153303731625464,79.05421536954923,1079.0,Nagpur,3,"{""type"":""MultiPoint"",""coordinates"":[]}",-7.245553862636786,-14.835088418252306,-7.217456092804659,-14.328184652927572
1_1_1_1_1_1_1_1_1_2_80_0_1_1_1_1_1_1_1_1_1_2_80_0,0.2432,0.2522,0.1648,0.1761,0.0626,0.0619,0.0798,0.083,0.1032,0.0918,0.2148,0.2072,4,4,-0.5058824,-0.50477326,0.062008735,0.097953856,0.3509434,0.3859532,-0.45824847,-0.4279807,21.062304393344156,79.26936188009584,1080.0,Nagpur,3,"{""type"":""MultiPoint"",""coordinates"":[]}",-9.385400289220593,-17.396786958153143,-9.606267865990144,-17.133723838995493
1_1_1_1_1_1_1_1_1_2_81_0_1_1_1_1_1_1_1_1_1_2_81_0,0.20175,0.25195,0.14245,0.1912,0.0675,0.0632,0.09115,0.0776,0.0972,0.09635,0.2561,0.2014,4,4,-0.3776033,-0.52905476,-0.118707,0.11150325,0.44975942,0.35281277,-0.475018,-0.4437276,21.20792130089993,79.16138438294468,1081.0,Nagpur,3,"{""type"":""MultiPoint"",""coordinates"":[]}",-10.11356095063822,-17.309218794494353,-10.821420313121532,-19.01092076974203
1_1_1_1_1_1_1_1_1_2_82_0_1_1_1_1_1_1_1_1_1_2_82_0,0.2256,0.2669,0.1828,0.2263,0.0763,0.1118,0.1,0.1344,0.1188,0.1542,0.177,0.2142,6,6,-0.3857494,-0.33017692,0.12071535,0.109540634,0.19675456,0.16286644,-0.27797833,-0.22891566,21.067514621992046,79.07200201217479,1082.0,Nagpur,3,"{""type"":""MultiPoint"",""coordinates"":[]}",-10.165207476981768,-18.47247275367939,-2.0072594066392044,-15.85066562807935
1_1_1_1_1_1_1_1_1_2_83_0_1_1_1_1_1_1_1_1_1_2_83_0,0.28275,0.2614,0.21935,0.2149,0.0968,0.0796,0.1289,0.104,0.1698,0.1388,0.2411,0.193,6,6,-0.37373984,-0.4307608,0.07950749,0.15052816,0.17352153,0.16335142,-0.30324325,-0.2996633,21.145129062539976,78.95010062811977,1083.0,Nagpur,3,"{""type"":""MultiPoint"",""coordinates"":[]}",-11.999125774466304,-19.23654988470005,-10.4868140686526,-17.78020879095562
1_1_1_1_1_1_1_1_1_2_84_0_1_1_1_1_1_1_1_1_1_2_84_0,0.3158,0.2808,0.2367,0.22425,0.08185,0.0814,0.1083,0.1027,0.1488,0.1274,0.2541,0.2311,5,5,-0.4892714,-0.4644068,0.10826461,0.097089276,0.26135516,0.2892608,-0.40231788,-0.38466147,21.047572022684594,79.08394960545357,1084.0,Nagpur,3,"{""type"":""MultiPoint"",""coordinates"":[]}",-13.236096740709309,-18.46082653845816,-11.645750472257594,-17.6324908557326
1_1_1_1_1_1_1_1_1_2_85_0_1_1_1_1_1_1_1_1_1_2_85_0,0.3044,0.2788,0.226,0.2028,0.0706,0.0636,0.0934,0.0831,0.1322,0.1005,0.2243,0.185,1,5,-0.5304173,-0.5407571,0.15150368,0.20224234,0.258345,0.295972,-0.41202393,-0.38008207,20.991427317427124,79.17117601954158,1085.0,Nagpur,3,"{""type"":""MultiPoint"",""coordinates"":[]}",-11.3034189029351,-18.52533895450631,-9.918231957521272,-17.260168880124514
1_1_1_1_1_1_1_1_1_2_86_0_1_1_1_1_1_1_1_1_1_2_86_0,0.2309,0.2426,0.1755,0.1877,0.069,0.0624,0.0891,0.0874,0.1184,0.1008,0.1844,0.2132,6,6,-0.443125,-0.47030303,0.11196725,0.06450197,0.21796565,0.35796177,-0.34844607,-0.41849634,21.043888930019705,79.05583233706064,1086.0,Nagpur,3,"{""type"":""MultiPoint"",""coordinates"":[]}",-10.235055073632452,-17.858174160095057,-9.315340786764544,-16.737051729557802
1_1_1_1_1_1_1_1_1_2_87_0_1_1_1_1_1_1_1_1_1_2_87_0,0.1871,0.1805,0.1329,0.1069,0.0492,0.0485,0.0672,0.0626,0.0668,0.0516,0.27,0.2956,6,1,-0.47149035,-0.4849856,-0.18136075,-0.24175593,0.6033254,0.702765,-0.6014235,-0.6504746,21.256879483884443,79.23783101362325,1087.0,Nagpur,3,"{""type"":""MultiPoint"",""coordinates"":[]}",-7.838773793213446,-16.421092846300624,-8.893089878496257,-14.176649202517881
1_1_1_1_1_1_1_1_1_2_88_0_1_1_1_1_1_1_1_1_1_2_88_0,0.19585,0.1842,0.1451,0.1214,0.0853,0.0806,0.1065,0.1019,0.1227,0.1058,0.2108,0.2458,1,1,-0.29551843,-0.28766167,-0.036763802,-0.14325581,0.2641679,0.39817974,-0.328711,-0.41386253,20.98927136074524,78.96995339589881,1088.0,Nagpur,3,"{""type"":""MultiPoint"",""coordinates"":[]}",-8.687603837267671,-17.059619396088834,-7.452712794602663,-16.866079475389107
1_1_1_1_1_1_1_1_1_2_89_0_1_1_1_1_1_1_1_1_1_2_89_0,0.19805,0.20145,0.1244,0.11895,0.0537,0.0635,0.0699,0.0852,0.0776,0.0922,0.219,0.2739,4,1,-0.47826087,-0.40554684,-0.050233785,-0.15241401,0.47673634,0.49631247,-0.5160955,-0.5254804,21.05242292521884,79.14943678966588,1089.0,Nagpur,3,"{""type"":""MultiPoint"",""coordinates"":[]}",-11.097665227833355,-18.0060001376796,-10.450694877484995,-18.196239612961346
1_1_1_1_1_1_1_1_1_2_90_0_1_1_1_1_1_1_1_1_1_2_90_0,0.27125,0.2341,0.1879,0.1699,0.0602,0.0615,0.0795,0.0796,0.1033,0.0894,0.2185,0.1942,5,4,-0.5466857,-0.49250877,0.107708015,0.093159,0.35798633,0.36953455,-0.46644294,-0.41855368,21.2640660061574,79.01334202412178,1090.0,Nagpur,3,"{""type"":""MultiPoint"",""coordinates"":[]}",-11.90959391222107,-17.04849262045717,-10.312173335859086,-18.770558402511362
1_1_1_1_1_1_1_1_1_2_91_0_1_1_1_1_1_1_1_1_1_2_91_0,0.2701,0.2205,0.1854,0.1426,0.0722,0.0673,0.0932,0.0878,0.1168,0.0952,0.2412,0.2482,4,4,-0.4869254,-0.4304249,0.05652259,-0.059099637,0.34748602,0.44554454,-0.44258374,-0.47738096,21.170461553552144,79.20630014715066,1091.0,Nagpur,3,"{""type"":""MultiPoint"",""coordinates"":[]}",-9.397946300602921,-16.73366282994752,-8.556350426113008,-16.146936411671525
1_1_1_1_1_1_1_1_1_2_92_0_1_1_1_1_1_1_1_1_1_2_92_0,0.25355,0.2704,0.1949,0.2001,0.076,0.0664,0.09945,0.0838,0.1307,0.1106,0.2094,0.1888,4,4,-0.4365439,-0.526821,0.09536667,0.17770036,0.23140253,0.26118904,-0.35599807,-0.38517976,21.251489592179727,78.97947553791047,1092.0,Nagpur,3,"{""type"":""MultiPoint"",""coordinates"":[]}",-11.249801388737254,-17.27466419862011,-10.723140479748059,-17.948040799625137
1_1_1_1_1_1_1_1_1_2_93_0_1_1_1_1_1_1_1_1_1_2_93_0,0.3458,0.2125,0.2644,0.1839,0.09425,0.08085,0.1213,0.1044,0.1734,0.1259,0.27975,0.1675,4,4,-0.48062512,-0.34111708,0.10558708,0.118421055,0.2346905,0.14178596,-0.3950879,-0.23207061,21.00562069891621,79.11206687384652,1093.0,Nagpur,3,"{""type"":""MultiPoint"",""coordinates"":[]}",-14.594863656032263,-22.219732387873172,-13.33822678968712,-22.959750886705205
1_1_1_1_1_1_1_1_1_2_94_0_1_1_1_1_1_1_1_1_1_2_94_0,0.207,0.2268,0.1979,0.1923,0.12,0.1542,0.1478,0.1776,0.166,0.1916,0.204,0.2376,6,6,-0.16685456,-0.12166172,0.00729927,-0.023255814,0.1027027,0.10717614,-0.15974985,-0.14450867,21.106411673794423,79.07173251758955,1094.0,Nagpur,3,"{""type"":""MultiPoint"",""coordinates"":[]}",-6.181226734709555,-14.63826475392118,-4.634749549227112,-15.736682975575942
1_1_1_1_1_1_1_1_1_2_95_0_1_1_1_1_1_1_1_1_1_2_95_0,0.20305,0.22255,0.1296,0.1492,0.0458,0.0462,0.0586,0.0599,0.07625,0.08475,0.179,0.1674,1,1,-0.55207336,-0.5758541,0.06294987,0.14142838,0.40254653,0.32778108,-0.506734,-0.47294325,20.95262009715316,79.16803191604716,1095.0,Nagpur,3,"{""type"":""MultiPoint"",""coordinates"":[]}",-9.128968180924922,-14.641550743352795,-7.094231666601569,-14.607393709180894
1_1_1_1_1_1_1_1_1_2_96_0_1_1_1_1_1_1_1_1_1_2_96_0,0.30365,0.2778,0.23495,0.222,0.08185,0.0729,0.1091,0.0852,0.1508,0.1124,0.2456,0.1801,4,4,-0.4713507,-0.5305785,0.10568958,0.21336536,0.23915237,0.23145299,-0.38483226,-0.35770825,21.07488080732183,78.9961842021951,1096.0,Nagpur,3,"{""type"":""MultiPoint"",""coordinates"":[]}",-12.172366200249227,-20.435101759865248,-11.022343062258972,-17.954094506935732
1_1_1_1_1_1_1_1_1_2_97_0_1_1_1_1_1_1_1_1_1_2_97_0,0.2556,0.2489,0.1906,0.1867,0.0894,0.0738,0.1168,0.0962,0.1562,0.1118,0.2348,0.2014,4,4,-0.3727175,-0.44248044,0.042414356,0.10548523,0.20102301,0.28607917,-0.33560863,-0.3534946,21.02412599376908,79.04720851033309,1097.0,Nagpur,3,"{""type"":""MultiPoint"",""coordinates"":[]}",-11.12581777264776,-19.28297830568823,-11.46859373163526,-19.17449554569801
1_1_1_1_1_1_1_1_1_2_98_0_1_1_1_1_1_1_1_1_1_2_98_0,0.265,0.2113,0.1789,0.1555,0.0625,0.0737,0.0784,0.0986,0.1012,0.1134,0.2142,0.1959,4,4,-0.5433896,-0.3636657,0.10601002,0.037819255,0.3582752,0.26673132,-0.46411484,-0.33039048,21.09662003719752,79.23792084515166,1098.0,Nagpur,3,"{""type"":""MultiPoint"",""coordinates"":[]}",-10.975157721694979,-17.16800595914154,-9.372972477402271,-16.459070816578503
1_1_1_1_1_1_1_1_1_2_99_0_1_1_1_1_1_1_1_1_1_2_99_0,0.2136,0.2572,0.19825,0.22815,0.1117,0.1139,0.1295,0.1341,0.1489,0.1545,0.1828,0.22895,6,6,-0.24511804,-0.3145924,0.077699296,0.058109637,0.102200784,0.1941583,-0.17066923,-0.26125878,21.133989953016894,79.10101759585184,1099.0,Nagpur,3,"{""type"":""MultiPoint"",""coordinates"":[]}",-7.655106271042042,-8.687999468071755,-4.369896829280665,-8.869324420377637
1_1_1_1_1_1_1_1_1_2_100_0_1_1_1_1_1_1_1_1_1_2_100_0,0.2825,0.2279,0.21695,0.16515,0.0724,0.0818,0.09255,0.1079,0.1281,0.1147,0.2113,0.2612,4,4,-0.5064658,-0.35735556,0.14418793,-0.06808424,0.24513848,0.38973132,-0.39081785,-0.4153346,21.28841035035704,79.15159274634777,1100.0,Nagpur,3,"{""type"":""MultiPoint"",""coordinates"":[]}",-9.907743287744445,-16.90893284162451,-9.142747013767584,-15.528403662730728
1_1_1_1_1_1_1_1_1_2_101_0_1_1_1_1_1_1_1_1_1_2_101_0,0.3019,0.3818,0.269,0.354,0.0954,0.1418,0.1316,0.1826,0.1642,0.24,0.2549,0.2835,4,7,-0.3928489,-0.3529412,0.08441092,0.1477529,0.21641614,0.08309455,-0.3190168,-0.21647716,21.198578821945087,79.25373119415217,1101.0,Nagpur,3,"{""type"":""MultiPoint"",""coordinates"":[]}",-11.984254466738623,-20.67831300801855,-14.648248141910418,-25.010185788638168
1_1_1_1_1_1_1_1_1_2_102_0_1_1_1_1_1_1_1_1_1_2_102_0,0.22005,0.2322,0.212,0.2098,0.1093,0.103,0.1275,0.1232,0.1446,0.1319,0.1984,0.1825,6,6,-0.26629263,-0.30669668,0.05173856,0.11984567,0.1568513,0.16094148,-0.2175514,-0.19398102,21.117011794147032,79.09005814938558,1102.0,Nagpur,3,"{""type"":""MultiPoint"",""coordinates"":[]}",-6.122557870396836,-15.418416357443016,-4.531484350108484,-16.010639357436368
1_1_1_1_1_1_1_1_1_2_103_0_1_1_1_1_1_1_1_1_1_2_103_0,0.347,0.2815,0.2651,0.2365,0.0884,0.0886,0.1218,0.1162,0.1656,0.1438,0.249,0.2052,4,4,-0.48037544,-0.41563994,0.16442953,0.15677008,0.20115775,0.17593123,-0.34304208,-0.2769135,21.00418339446162,79.01783360054237,1103.0,Nagpur,3,"{""type"":""MultiPoint"",""coordinates"":[]}",-10.899046102226254,-19.613280387223405,-11.82990269776566,-20.651888891504914
1_1_1_1_1_1_1_1_1_2_104_0_1_1_1_1_1_1_1_1_1_2_104_0,0.24765,0.2256,0.17905,0.1567,0.0586,0.0561,0.0809,0.0786,0.10075,0.0838,0.2249,0.2086,4,4,-0.5075331,-0.4832347,0.048143055,0.039152466,0.38123754,0.4268126,-0.470896,-0.45264623,21.265772805197223,79.02753540561086,1104.0,Nagpur,3,"{""type"":""MultiPoint"",""coordinates"":[]}",-9.792684593231016,-16.354504237920484,-8.906593491849152,-16.03886841094473
1_1_1_1_1_1_1_1_1_2_105_0_1_1_1_1_1_1_1_1_1_2_105_0,0.16745,0.1858,0.14355,0.15655,0.0744,0.0896,0.0862,0.1022,0.09555,0.1074,0.15545,0.193,6,6,-0.3203233,-0.29027778,0.03716321,-0.019007392,0.23864542,0.2849534,-0.28657147,-0.30758807,21.12195252820969,79.10263456336327,1105.0,Nagpur,3,"{""type"":""MultiPoint"",""coordinates"":[]}",-6.995977654367879,-14.763837202910828,-5.876580170747433,-14.235257938715204
1_1_1_1_1_1_1_1_1_2_106_0_1_1_1_1_1_1_1_1_1_2_106_0,0.1649,0.1397,0.10645,0.0805,0.057,0.0421,0.0809,0.0619,0.06345,0.0505,0.2937,0.1864,4,1,-0.34174126,-0.3859127,-0.28085476,-0.14320761,0.6446871,0.5736598,-0.5680726,-0.5014096,21.00678850878557,78.95333456314259,1106.0,Nagpur,3,"{""type"":""MultiPoint"",""coordinates"":[]}",-8.65150144655004,-16.948102646136032,-10.675997079718975,-17.899229274411553
1_1_1_1_1_1_1_1_1_2_107_0_1_1_1_1_1_1_1_1_1_2_107_0,0.2102,0.2381,0.1462,0.1661,0.051,0.0622,0.0678,0.0847,0.0709,0.0852,0.1749,0.226,4,4,-0.5122302,-0.47521687,0.0916645,0.026071968,0.42310822,0.45244217,-0.44128555,-0.45477954,21.156627498176704,79.20153907614483,1107.0,Nagpur,3,"{""type"":""MultiPoint"",""coordinates"":[]}",-10.809611057389304,-15.335448216660145,-10.13875250005091,-15.406919887526861
1_1_1_1_1_1_1_1_1_2_108_0_1_1_1_1_1_1_1_1_1_2_108_0,0.2759,0.2837,0.1857,0.2229,0.0558,0.075,0.0741,0.102,0.0961,0.115,0.2353,0.2382,4,4,-0.5765714,-0.4710915,0.07942097,0.08718145,0.4200362,0.34881088,-0.52100843,-0.40035275,21.208639953127225,79.24483787283938,1108.0,Nagpur,3,"{""type"":""MultiPoint"",""coordinates"":[]}",-10.461204959122874,-15.886912667779281,-9.917467389942837,-15.937209230080281
1_1_1_1_1_1_1_1_1_2_109_0_1_1_1_1_1_1_1_1_1_2_109_0,0.272,0.2733,0.2292,0.2119,0.0936,0.0904,0.117,0.1118,0.14,0.131,0.2082,0.2142,6,6,-0.3984576,-0.4193716,0.1328613,0.121230766,0.19586444,0.2410197,-0.2804428,-0.31411043,21.13066618646565,79.18851350452509,1109.0,Nagpur,3,"{""type"":""MultiPoint"",""coordinates"":[]}",-10.273578290743233,-18.090065813449343,-8.534305537608558,-15.81979670153947
1_1_1_1_1_1_1_1_1_2_110_0_1_1_1_1_1_1_1_1_1_2_110_0,0.20665,0.21275,0.18535,0.182,0.08365,0.0913,0.10225,0.1114,0.114,0.117,0.16375,0.1715,6,6,-0.33797345,-0.31266388,0.115820736,0.10735198,0.17911792,0.18890814,-0.231203,-0.21244256,21.10910661964678,79.13892650084169,1110.0,Nagpur,3,"{""type"":""MultiPoint"",""coordinates"":[]}",-8.02405393476716,-14.980212062447372,-8.259676480123492,-13.879011894171553
1_1_1_1_1_1_1_1_1_2_111_0_1_1_1_1_1_1_1_1_1_2_111_0,0.2633,0.2574,0.1787,0.1811,0.0648,0.063,0.0814,0.0791,0.1054,0.0954,0.2134,0.198,5,5,-0.52770525,-0.5298663,0.104678,0.13043478,0.3387704,0.34969324,-0.4477612,-0.42908698,21.21160439356482,79.23333943720264,1111.0,Nagpur,3,"{""type"":""MultiPoint"",""coordinates"":[]}",-8.285233394960516,-13.847994910785562,-8.040047139198075,-14.780152174232379
1_1_1_1_1_1_1_1_1_2_112_0_1_1_1_1_1_1_1_1_1_2_112_0,0.2837,0.2327,0.1899,0.1454,0.0664,0.0781,0.0816,0.1018,0.1068,0.1042,0.2477,0.306,4,4,-0.55324394,-0.39133033,0.06774558,-0.13606831,0.3974612,0.49195513,-0.5044033,-0.50073564,21.044517750718587,79.24169376934496,1112.0,Nagpur,3,"{""type"":""MultiPoint"",""coordinates"":[]}",-11.15253395937594,-17.818752650739103,-10.836458635242739,-16.970669600256635
1_1_1_1_1_1_1_1_1_2_113_0_1_1_1_1_1_1_1_1_1_2_113_0,0.2324,0.23945,0.1654,0.16275,0.06695,0.06745,0.0865,0.09015,0.0988,0.09615,0.22925,0.2235,4,4,-0.4575102,-0.4529733,0.006823351,0.034452964,0.3976528,0.3984045,-0.4520982,-0.42515543,21.21564681234336,79.12230766808548,1113.0,Nagpur,3,"{""type"":""MultiPoint"",""coordinates"":[]}",-10.010437069570825,-14.955049748618869,-9.037614960552725,-15.236339872699476
1_1_1_1_1_1_1_1_1_2_114_0_1_1_1_1_1_1_1_1_1_2_114_0,0.1792,0.1889,0.1093,0.1147,0.0385,0.042,0.0503,0.0582,0.0475,0.0517,0.2462,0.2286,1,1,-0.56165576,-0.5289357,-0.15749882,-0.09508982,0.6765407,0.63110954,-0.66070825,-0.59414226,21.22130619863331,79.2065696417359,1114.0,Nagpur,3,"{""type"":""MultiPoint"",""coordinates"":[]}",-8.117700139577416,-14.255494784737362,-8.13419084222338,-13.368005369063436
1_1_1_1_1_1_1_1_1_2_115_0_1_1_1_1_1_1_1_1_1_2_115_0,0.2528,0.2421,0.1835,0.1651,0.0612,0.0636,0.0792,0.0816,0.0986,0.0942,0.2294,0.226,4,4,-0.5228916,-0.49582946,0.048527583,0.03439436,0.3987805,0.41161773,-0.48671418,-0.46944082,21.29963929140853,79.18186597142261,1115.0,Nagpur,3,"{""type"":""MultiPoint"",""coordinates"":[]}",-11.53521888725773,-17.69184190782076,-8.943700538158977,-16.201353872780754
1_1_1_1_1_1_1_1_1_2_116_0_1_1_1_1_1_1_1_1_1_2_116_0,0.26305,0.2569,0.2108,0.2154,0.08465,0.0776,0.1096,0.0968,0.1538,0.1276,0.2226,0.1816,4,5,-0.41178048,-0.45264348,0.083290435,0.17172177,0.18278427,0.17464425,-0.34015653,-0.3045977,21.079731709856077,78.99474689774051,1116.0,Nagpur,3,"{""type"":""MultiPoint"",""coordinates"":[]}",-11.719842191237737,-20.39586855401497,-11.810223973066451,-20.89877965187484
1_1_1_1_1_1_1_1_1_2_117_0_1_1_1_1_1_1_1_1_1_2_117_0,0.1816,0.22655,0.10245,0.10885,0.05065,0.0604,0.0677,0.09615,0.06155,0.0777,0.265,0.433,1,4,-0.45687926,-0.4040905,-0.18674429,-0.31301644,0.62302864,0.6957118,-0.59302676,-0.63658696,21.013975031058525,78.98549425031408,1117.0,Nagpur,3,"{""type"":""MultiPoint"",""coordinates"":[]}",-9.827385915404468,-16.284785589475383,-9.161948854485962,-15.123679269343604
1_1_1_1_1_1_1_1_1_2_118_0_1_1_1_1_1_1_1_1_1_2_118_0,0.293,0.3151,0.2376,0.24835,0.09945,0.1106,0.1338,0.1435,0.1704,0.1685,0.2351,0.2617,4,6,-0.37300843,-0.37418228,0.109638326,0.09257975,0.1595561,0.21664342,-0.27460015,-0.29170778,21.202172083081564,79.10703630825545,1118.0,Nagpur,3,"{""type"":""MultiPoint"",""coordinates"":[]}",-11.735341753566633,-20.52225652273676,-11.165136346166925,-20.401599886200206
1_1_1_1_1_1_1_1_1_2_119_0_1_1_1_1_1_1_1_1_1_2_119_0,0.299,0.2808,0.2279,0.2117,0.0901,0.093,0.1174,0.1158,0.153,0.1334,0.2512,0.2592,4,6,-0.4361191,-0.4160363,0.0868775,0.04,0.24294904,0.32042792,-0.36299512,-0.3824,21.16650896630202,79.19605935291169,1119.0,Nagpur,3,"{""type"":""MultiPoint"",""coordinates"":[]}",-11.49394289529766,-19.81639428056372,-9.070088372905246,-16.382203239534444
1_1_1_1_1_1_1_1_1_2_120_0_1_1_1_1_1_1_1_1_1_2_120_0,0.2057,0.215,0.20285,0.1943,0.1015,0.1072,0.119,0.1249,0.1425,0.1356,0.1678,0.1712,6,6,-0.2670157,-0.26507798,0.10147256,0.11341274,0.081534,0.116036505,-0.17015342,-0.1563661,21.18896684840501,79.11233636843176,1120.0,Nagpur,3,"{""type"":""MultiPoint"",""coordinates"":[]}",-4.269238349847362,-13.649099529475954,-1.747971433637057,-15.234128735471092
1_1_1_1_1_1_1_1_1_2_121_0_1_1_1_1_1_1_1_1_1_2_121_0,0.2175,0.2754,0.15325,0.2039,0.05565,0.0848,0.0707,0.1089,0.0884,0.1254,0.1872,0.2373,4,6,-0.5093685,-0.43325526,0.07487027,0.07431246,0.35849056,0.30851942,-0.45172548,-0.37088388,21.09527256427134,79.16039623613214,1121.0,Nagpur,3,"{""type"":""MultiPoint"",""coordinates"":[]}",-10.186597339328378,-18.208278948894026,-11.151082804694779,-17.42977494518438
1_1_1_1_1_1_1_1_1_2_122_0_1_1_1_1_1_1_1_1_1_2_122_0,0.2482,0.2552,0.20715,0.20935,0.1343,0.138,0.1728,0.1599,0.1923,0.1747,0.2659,0.2372,4,6,-0.17909738,-0.22958323,-0.0344291,0.036555644,0.16062854,0.15173586,-0.21221791,-0.19466129,21.075150301907065,79.16839124216081,1122.0,Nagpur,3,"{""type"":""MultiPoint"",""coordinates"":[]}",-10.075645276387892,-18.320408005463968,-5.610110572261346,-16.710791803946183
1_1_1_1_1_1_1_1_1_2_123_0_1_1_1_1_1_1_1_1_1_2_123_0,0.209,0.2418,0.1323,0.1554,0.0593,0.075,0.0784,0.1024,0.1082,0.1252,0.304,0.2524,4,4,-0.45441893,-0.40499708,-0.18518518,-0.021448806,0.47501212,0.3368644,-0.58995813,-0.4227734,21.0077766555981,79.27942301127798,1123.0,Nagpur,3,"{""type"":""MultiPoint"",""coordinates"":[]}",-9.050007115047219,-18.907137703330864,-9.210623757965234,-20.053290838959562
1_1_1_1_1_1_1_1_1_2_124_0_1_1_1_1_1_1_1_1_1_2_124_0,0.3543,0.1912,0.2735,0.1713,0.1048,0.1036,0.1372,0.1288,0.1932,0.1466,0.3015,0.1712,4,5,-0.44170904,-0.195,0.08051235,0.05518764,0.21892056,0.077407174,-0.37451562,-0.14133333,21.01792761830865,79.21968504488403,1124.0,Nagpur,3,"{""type"":""MultiPoint"",""coordinates"":[]}",-13.568297733067096,-20.911387776299936,-9.875364914249953,-19.71434681076054
1_1_1_1_1_1_1_1_1_2_125_0_1_1_1_1_1_1_1_1_1_2_125_0,0.2055,0.2299,0.1445,0.1639,0.0584,0.0664,0.0748,0.0891,0.0805,0.0977,0.1997,0.2047,4,4,-0.46628612,-0.4413793,0.0143139195,0.057984352,0.42541042,0.35383597,-0.4550091,-0.39346495,21.182049820717285,79.1720743348257,1125.0,Nagpur,3,"{""type"":""MultiPoint"",""coordinates"":[]}",-9.715372659239833,-17.543414287424454,-9.824813433124472,-15.982720591079008
1_1_1_1_1_1_1_1_1_2_126_0_1_1_1_1_1_1_1_1_1_2_126_0,0.3193,0.1926,0.2364,0.1483,0.0728,0.0524,0.1028,0.0712,0.1518,0.094,0.246,0.1426,4,4,-0.5129116,-0.46019712,0.12966566,0.14916468,0.23680241,0.20540997,-0.41055045,-0.33395696,20.951452287283807,79.01468949704795,1126.0,Nagpur,3,"{""type"":""MultiPoint"",""coordinates"":[]}",-11.927226045242204,-19.286404658750538,-10.997344480391856,-21.25760999257626
1_1_1_1_1_1_1_1_1_2_127_0_1_1_1_1_1_1_1_1_1_2_127_0,0.2461,0.2282,0.1838,0.1626,0.0622,0.0461,0.0842,0.0652,0.1068,0.068,0.2158,0.2424,4,4,-0.49016047,-0.5555556,0.065598615,-0.030174246,0.33787972,0.5618557,-0.43866667,-0.5760728,21.058531469150854,79.05924593514028,1127.0,Nagpur,3,"{""type"":""MultiPoint"",""coordinates"":[]}",-5.58350714808272,-15.421622496091025,-2.9685679075658737,-14.453872988964054
1_1_1_1_1_1_1_1_1_2_128_0_1_1_1_1_1_1_1_1_1_2_128_0,0.2914,0.2846,0.23825,0.2244,0.09745,0.0861,0.1275,0.1037,0.1517,0.1221,0.2205,0.1923,4,6,-0.39126283,-0.4658769,0.13850361,0.19354162,0.18484686,0.22328244,-0.2672414,-0.29932433,21.19507539233702,79.15303005080237,1128.0,Nagpur,3,"{""type"":""MultiPoint"",""coordinates"":[]}",-9.721439070169183,-18.8764892766913,-11.403648428225488,-19.34847897049465
1_1_1_1_1_1_1_1_1_2_129_0_1_1_1_1_1_1_1_1_1_2_129_0,0.2842,0.206,0.2336,0.138,0.1034,0.0448,0.1328,0.0562,0.1688,0.0505,0.2354,0.1926,4,1,-0.36306953,-0.5713196,0.0939184,0.03361766,0.16476992,0.5845331,-0.2786529,-0.5482315,21.07550962802071,79.05691031540158,1129.0,Nagpur,3,"{""type"":""MultiPoint"",""coordinates"":[]}",-9.330013194990583,-18.099953206515504,-8.176227282402488,-13.880082693687111
1_1_1_1_1_1_1_1_1_2_130_0_1_1_1_1_1_1_1_1_1_2_130_0,0.2083,0.2054,0.1492,0.1488,0.0558,0.0616,0.0728,0.0789,0.0798,0.0858,0.2042,0.1886,4,5,-0.48203486,-0.44495252,0.009939394,0.042639595,0.43802816,0.37463558,-0.47436824,-0.41009346,21.000320638739908,79.21528329999185,1130.0,Nagpur,3,"{""type"":""MultiPoint"",""coordinates"":[]}",-11.157937022672472,-18.40825210036813,-10.999399637062055,-17.312147931112143
1_1_1_1_1_1_1_1_1_2_131_0_1_1_1_1_1_1_1_1_1_2_131_0,0.1818,0.2126,0.1157,0.1425,0.0531,0.0608,0.0776,0.0812,0.0706,0.0948,0.262,0.1688,4,4,-0.40169623,-0.44724303,-0.18071203,0.11484006,0.57546604,0.28072837,-0.54299176,-0.3504,21.174234477745447,79.2938858873523,1131.0,Nagpur,3,"{""type"":""MultiPoint"",""coordinates"":[]}",-8.509566548527378,-16.193435284401104,-9.051085473363724,-17.92176895557969
1_1_1_1_1_1_1_1_1_2_132_0_1_1_1_1_1_1_1_1_1_2_132_0,0.1995,0.1922,0.1345,0.1334,0.0665,0.0582,0.088,0.0802,0.0974,0.0808,0.2461,0.2564,4,4,-0.38782609,-0.41116005,-0.1045781,-0.1431119,0.43289664,0.52075917,-0.47321162,-0.52347,21.148901986733275,79.20459334811083,1132.0,Nagpur,3,"{""type"":""MultiPoint"",""coordinates"":[]}",-9.37750194306297,-16.984429478308396,-11.138165295812563,-16.902710902902093
1_1_1_1_1_1_1_1_1_2_133_0_1_1_1_1_1_1_1_1_1_2_133_0,0.32255,0.2925,0.2349,0.20745,0.0811,0.0746,0.1071,0.0964,0.142,0.1172,0.22755,0.2317,4,4,-0.50145465,-0.5042427,0.17269588,0.115986265,0.23149776,0.32817426,-0.35992828,-0.4123743,21.07236552452629,79.13560273429044,1133.0,Nagpur,3,"{""type"":""MultiPoint"",""coordinates"":[]}",-10.538862349538496,-19.255685491165313,-10.77495411099418,-16.020393089317597
1_1_1_1_1_1_1_1_1_2_134_0_1_1_1_1_1_1_1_1_1_2_134_0,0.249,0.19785,0.1886,0.1346,0.06,0.05065,0.0838,0.0688,0.1135,0.0631,0.1966,0.1659,4,1,-0.49639422,-0.48396775,0.11759426,0.08783505,0.26797807,0.4489083,-0.40228245,-0.41371965,21.277989893061253,79.08305129016945,1134.0,Nagpur,3,"{""type"":""MultiPoint"",""coordinates"":[]}",-9.61535130417632,-15.325752534885773,-7.7127056092892445,-14.384810413886523
1_1_1_1_1_1_1_1_1_2_135_0_1_1_1_1_1_1_1_1_1_2_135_0,0.27735,0.2645,0.1955,0.1934,0.0644,0.058,0.08475,0.0692,0.1224,0.0932,0.2016,0.1526,4,4,-0.53189725,-0.5852562,0.15815847,0.26828098,0.24444444,0.24165988,-0.40806705,-0.37601444,21.178636222637632,79.00274190376918,1135.0,Nagpur,3,"{""type"":""MultiPoint"",""coordinates"":[]}",-12.622903575834476,-19.625153546086676,-11.995959295728166,-18.56076166682652
1_1_1_1_1_1_1_1_1_2_136_0_1_1_1_1_1_1_1_1_1_2_136_0,0.2499,0.2401,0.1707,0.1728,0.0669,0.0651,0.0818,0.0785,0.0988,0.0958,0.2134,0.1798,4,5,-0.50678325,-0.5072191,0.07878265,0.14360562,0.3670724,0.30478954,-0.44579947,-0.39217964,21.13794254026702,79.27582975014151,1136.0,Nagpur,3,"{""type"":""MultiPoint"",""coordinates"":[]}",-11.364484436752916,-17.22133743011429,-10.625285634052668,-16.584665170335736
1_1_1_1_1_1_1_1_1_2_137_0_1_1_1_1_1_1_1_1_1_2_137_0,0.2361,0.2449,0.16435,0.18485,0.0606,0.0657,0.07745,0.0788,0.0992,0.10235,0.1969,0.1718,1,1,-0.5059799,-0.5131294,0.09053118,0.17542596,0.32995608,0.25332847,-0.43539274,-0.37110934,21.21591630692859,79.04307626002614,1137.0,Nagpur,3,"{""type"":""MultiPoint"",""coordinates"":[]}",-7.926338335059312,-12.830892226061476,-7.49817791660202,-14.143111076370602
1_1_1_1_1_1_1_1_1_2_138_0_1_1_1_1_1_1_1_1_1_2_138_0,0.2316,0.2346,0.1895,0.1545,0.0598,0.064,0.0988,0.0892,0.1276,0.0946,0.338,0.2266,4,4,-0.40193704,-0.44904262,-0.18679775,0.017346054,0.45189002,0.41095892,-0.54761904,-0.4350855,21.22543844894026,79.27376362498804,1138.0,Nagpur,3,"{""type"":""MultiPoint"",""coordinates"":[]}",-9.844502835337707,-19.357763224013784,-9.149435512818767,-16.896387811903104
1_1_1_1_1_1_1_1_1_2_139_0_1_1_1_1_1_1_1_1_1_2_139_0,0.2009,0.1972,0.1554,0.1263,0.0697,0.0568,0.0868,0.0723,0.1032,0.0706,0.1645,0.232,6,1,-0.39659366,-0.46345085,0.099616855,-0.08108108,0.22898768,0.5333774,-0.3091922,-0.524811,21.251759086764963,79.19336440705933,1139.0,Nagpur,3,"{""type"":""MultiPoint"",""coordinates"":[]}",-10.779232901968658,-16.732874729106378,-8.643038144643304,-15.160976978858098
1_1_1_1_1_1_1_1_1_2_140_0_1_1_1_1_1_1_1_1_1_2_140_0,0.4309,0.3482,0.2802,0.2708,0.1078,0.0796,0.153,0.104,0.2425,0.1474,0.3632,0.2238,4,4,-0.47593766,-0.54002655,0.085253745,0.21748252,0.19927357,0.20581897,-0.4072065,-0.36546674,21.02475481446796,78.95081928034706,1140.0,Nagpur,3,"{""type"":""MultiPoint"",""coordinates"":[]}",-16.240129373618064,-24.659027084076435,-14.052866866994778,-22.81352150193689
1_1_1_1_1_1_1_1_1_2_141_0_1_1_1_1_1_1_1_1_1_2_141_0,0.2082,0.2052,0.1299,0.1435,0.0572,0.0657,0.0751,0.0828,0.071,0.0951,0.2568,0.1948,4,4,-0.46982,-0.425,-0.104516126,0.026,0.56680906,0.3439117,-0.54745406,-0.4034582,21.043888930019705,79.19282541788886,1141.0,Nagpur,3,"{""type"":""MultiPoint"",""coordinates"":[]}",-9.385840163135512,-16.88046937496605,-8.297320699182489,-18.157246280593483
1_1_1_1_1_1_1_1_1_2_142_0_1_1_1_1_1_1_1_1_1_2_142_0,0.2918,0.2555,0.2479,0.2004,0.0999,0.0916,0.1192,0.1144,0.1422,0.124,0.2036,0.2016,6,6,-0.41995135,-0.38145444,0.17803796,0.11791731,0.17755929,0.23832923,-0.2614622,-0.27594936,21.21205355120688,79.18150664530896,1142.0,Nagpur,3,"{""type"":""MultiPoint"",""coordinates"":[]}",-9.308049893538497,-17.32970574684516,-9.7744952217832,-16.369563656686147
1_1_1_1_1_1_1_1_1_2_143_0_1_1_1_1_1_1_1_1_1_2_143_0,0.2649,0.221,0.18635,0.1673,0.0606,0.0542,0.0781,0.0736,0.1049,0.0878,0.2126,0.1888,4,4,-0.5446064,-0.50033945,0.109528795,0.07857492,0.3392126,0.36514822,-0.4626763,-0.4390244,21.26415583768581,78.9668991239328,1143.0,Nagpur,3,"{""type"":""MultiPoint"",""coordinates"":[]}",-11.101090784831625,-18.826853850029778,-9.521025071348685,-16.373167704583242
1_1_1_1_1_1_1_1_1_2_144_0_1_1_1_1_1_1_1_1_1_2_144_0,0.11085,0.09455,0.08055,0.0583,0.0525,0.05155,0.0693,0.06265,0.0751,0.05835,0.1365,0.1868,0,3,-0.23064113,-0.2029262,-0.103699215,-0.32788342,0.29017013,0.52396494,-0.3265306,-0.49769494,21.267928761879112,79.07918853444774,1144.0,Nagpur,3,"{""type"":""MultiPoint"",""coordinates"":[]}",-11.073557838972636,-17.73073995827277,-11.29427468237883,-18.36073863631934
1_1_1_1_1_1_1_1_1_2_145_0_1_1_1_1_1_1_1_1_1_2_145_0,0.21625,0.2523,0.1565,0.2121,0.0611,0.0858,0.0813,0.1088,0.0977,0.1254,0.172,0.221,4,6,-0.45353723,-0.39739683,0.113972954,0.06613142,0.2754913,0.27598152,-0.35807344,-0.34020618,21.20890944771246,78.96743811310327,1145.0,Nagpur,3,"{""type"":""MultiPoint"",""coordinates"":[]}",-11.455233141348021,-16.5328924575469,-11.97080804033635,-19.047822030816818
1_1_1_1_1_1_1_1_1_2_146_0_1_1_1_1_1_1_1_1_1_2_146_0,0.2063,0.3107,0.1861,0.2929,0.0584,0.1456,0.0798,0.179,0.1024,0.188,0.1495,0.2532,4,6,-0.4421531,-0.26894018,0.15964025,0.10196844,0.18697897,0.14777878,-0.3039686,-0.17167978,21.148273166034397,79.23333943720264,1146.0,Nagpur,3,"{""type"":""MultiPoint"",""coordinates"":[]}",-13.19141520732101,-21.099953078549987,-7.8797583477656055,-17.633860522301667
1_1_1_1_1_1_1_1_1_2_147_0_1_1_1_1_1_1_1_1_1_2_147_0,0.2175,0.1988,0.1415,0.1226,0.0574,0.054,0.0724,0.0716,0.0836,0.0672,0.2283,0.2577,4,1,-0.5005174,-0.4704142,-0.02422611,-0.12902519,0.46393076,0.5863342,-0.51845694,-0.56513816,21.02475481446796,79.19749665736629,1147.0,Nagpur,3,"{""type"":""MultiPoint"",""coordinates"":[]}",-9.108257174677265,-16.64277537910339,-11.917141992412166,-16.499352021326978
1_1_1_1_1_1_1_1_1_2_148_0_1_1_1_1_1_1_1_1_1_2_148_0,0.1696,0.1895,0.0911,0.1145,0.041,0.0582,0.0598,0.0821,0.0452,0.0888,0.3728,0.2674,4,4,-0.47863993,-0.39543447,-0.37463126,-0.17049682,0.78373206,0.5014037,-0.72353214,-0.530186,21.088445368112037,79.28014166350528,1148.0,Nagpur,3,"{""type"":""MultiPoint"",""coordinates"":[]}",-11.52094244296171,-18.95318933552315,-10.920726850491025,-19.955855853549156
1_1_1_1_1_1_1_1_1_2_149_0_1_1_1_1_1_1_1_1_1_2_149_0,0.1913,0.2236,0.1531,0.1857,0.0578,0.0886,0.0736,0.1064,0.08345,0.123,0.145,0.19,6,6,-0.44431862,-0.3551515,0.13767469,0.08123791,0.26942438,0.2140575,-0.32662398,-0.2820513,21.102818412657943,78.97148053188181,1149.0,Nagpur,3,"{""type"":""MultiPoint"",""coordinates"":[]}",-8.51360027761515,-12.700523780037475,-7.8281559539166645,-13.666746785806662
1_1_1_1_1_1_1_1_1_2_150_0_1_1_1_1_1_1_1_1_1_2_150_0,0.339,0.2679,0.2479,0.2139,0.0916,0.0716,0.1234,0.0832,0.1892,0.12,0.281,0.1912,4,4,-0.46626297,-0.52606094,0.09354839,0.167066,0.19523607,0.22879177,-0.38971317,-0.393586,21.03733122844563,79.0382253574919,1150.0,Nagpur,3,"{""type"":""MultiPoint"",""coordinates"":[]}",-12.76342328066978,-19.41194862502208,-9.527044032092263,-17.24530993304886
1_1_1_1_1_1_1_1_1_2_151_0_1_1_1_1_1_1_1_1_1_2_151_0,0.1625,0.20485,0.10245,0.12605,0.0613,0.0668,0.0794,0.0895,0.0723,0.086,0.31195,0.2823,4,4,-0.3435304,-0.39188042,-0.3149963,-0.15898594,0.6236825,0.5329894,-0.5942251,-0.5185584,21.03346847272392,79.1540181976149,1151.0,Nagpur,3,"{""type"":""MultiPoint"",""coordinates"":[]}",-9.045086003908269,-17.205299034431636,-9.93823275344135,-17.94090277329412
1_1_1_1_1_1_1_1_1_2_152_0_1_1_1_1_1_1_1_1_1_2_152_0,0.2009,0.2156,0.1409,0.1511,0.0494,0.0648,0.0613,0.0803,0.0742,0.0891,0.1541,0.196,4,4,-0.532418,-0.45724908,0.13183099,0.04761905,0.3499781,0.37495616,-0.43082637,-0.41874772,21.25166925523655,79.19812547806517,1152.0,Nagpur,3,"{""type"":""MultiPoint"",""coordinates"":[]}",-9.464150500920859,-15.900981788679047,-8.157929403000535,-14.23336297374373
1_1_1_1_1_1_1_1_1_2_153_0_1_1_1_1_1_1_1_1_1_2_153_0,0.1631,0.1894,0.1095,0.119,0.051,0.0653,0.0688,0.0876,0.061,0.0828,0.2346,0.2806,4,4,-0.4066408,-0.36750904,-0.17978376,-0.19404255,0.5872801,0.5443038,-0.5464733,-0.52417165,21.10299807571477,79.28157896795987,1153.0,Nagpur,3,"{""type"":""MultiPoint"",""coordinates"":[]}",-11.225795066670239,-16.4612999809261,-11.595896919586037,-17.587242405832775
1_1_1_1_1_1_1_1_1_2_154_0_1_1_1_1_1_1_1_1_1_2_154_0,0.2133,0.1956,0.1605,0.1252,0.0572,0.0606,0.0776,0.0861,0.0928,0.0778,0.1902,0.2268,4,4,-0.46648332,-0.3887114,0.05724907,-0.07386363,0.34416962,0.4891661,-0.42046303,-0.44966444,21.112969375368497,79.27565008708468,1154.0,Nagpur,3,"{""type"":""MultiPoint"",""coordinates"":[]}",-10.80789668549687,-17.816802265035392,-10.702097268118667,-16.680046722913993
1_1_1_1_1_1_1_1_1_2_155_0_1_1_1_1_1_1_1_1_1_2_155_0,0.2779,0.2325,0.1862,0.1613,0.0643,0.0693,0.0804,0.0952,0.1074,0.1118,0.2402,0.1984,4,4,-0.55121404,-0.41898078,0.07276587,0.07913669,0.38204834,0.27917472,-0.4984404,-0.35149863,21.04541606600271,79.23199196427647,1155.0,Nagpur,3,"{""type"":""MultiPoint"",""coordinates"":[]}",-10.010046241597394,-19.10820295745307,-9.838055819363632,-18.096941173788725
1_1_1_1_1_1_1_1_1_2_156_0_1_1_1_1_1_1_1_1_1_2_156_0,0.22005,0.2422,0.1499,0.1829,0.06065,0.0651,0.0858,0.0846,0.10035,0.115,0.2358,0.1874,4,4,-0.43894064,-0.48225215,-0.03455084,0.12756053,0.4029451,0.23941799,-0.4664179,-0.3779412,21.032031168269327,78.95656849816542,1156.0,Nagpur,3,"{""type"":""MultiPoint"",""coordinates"":[]}",-10.419099002140747,-19.760296849937752,-10.349386644935601,-18.168376604686657
1_1_1_1_1_1_1_1_1_2_157_0_1_1_1_1_1_1_1_1_1_2_157_0,0.27355,0.2435,0.2281,0.2012,0.0732,0.061,0.09475,0.0874,0.1288,0.0934,0.2144,0.2078,6,6,-0.4854738,-0.47174373,0.12122144,0.07910481,0.24941725,0.3798141,-0.38702896,-0.4078591,21.193368593297198,78.97489412996147,1157.0,Nagpur,3,"{""type"":""MultiPoint"",""coordinates"":[]}",-7.447716657953718,-16.48054709595551,-6.866838651645088,-15.296254317949485
1_1_1_1_1_1_1_1_1_2_158_0_1_1_1_1_1_1_1_1_1_2_158_0,0.1831,0.2063,0.1096,0.1291,0.0435,0.0554,0.0579,0.0672,0.0524,0.0777,0.2577,0.2148,4,4,-0.5195021,-0.5085923,-0.16923775,-0.020185228,0.6620445,0.46871796,-0.6330798,-0.52340424,21.237565705275877,79.26864322786855,1158.0,Nagpur,3,"{""type"":""MultiPoint"",""coordinates"":[]}",-7.942340924034481,-14.955396611096617,-7.9022085187124365,-13.815343584991721
1_1_1_1_1_1_1_1_1_2_159_0_1_1_1_1_1_1_1_1_1_2_159_0,0.23405,0.2165,0.1472,0.1545,0.0585,0.059,0.0793,0.0758,0.09265,0.0889,0.2417,0.1804,4,4,-0.4938567,-0.48135477,-0.016079875,0.0909549,0.44579035,0.33976978,-0.505919,-0.4082748,20.99870367122849,78.96348552585314,1159.0,Nagpur,3,"{""type"":""MultiPoint"",""coordinates"":[]}",-9.524679646982046,-18.308659179425867,-11.326906206607454,-16.231764113336137
1_1_1_1_1_1_1_1_1_2_160_0_1_1_1_1_1_1_1_1_1_2_160_0,0.1954,0.2384,0.1279,0.1743,0.0544,0.0688,0.0768,0.0922,0.0824,0.103,0.2868,0.2037,4,4,-0.43570903,-0.44222626,-0.18954791,0.07848903,0.55362946,0.32833388,-0.57755774,-0.37681648,21.179534537921757,79.23935814960625,1160.0,Nagpur,3,"{""type"":""MultiPoint"",""coordinates"":[]}",-10.33933477408274,-17.889474738932968,-10.672795614890385,-16.067018542264154
1_1_1_1_1_1_1_1_1_2_161_0_1_1_1_1_1_1_1_1_1_2_161_0,0.2196,0.1926,0.142,0.1198,0.0524,0.0432,0.0654,0.056,0.0822,0.0492,0.1926,0.1982,1,1,-0.54105264,-0.5494771,0.06550218,-0.014329581,0.40174672,0.60226357,-0.49302325,-0.55940205,21.207202648672634,79.2562464769477,1161.0,Nagpur,3,"{""type"":""MultiPoint"",""coordinates"":[]}",-10.832830182937375,-16.85970307529387,-8.500021990035705,-14.68447024187767
1_1_1_1_1_1_1_1_1_2_162_0_1_1_1_1_1_1_1_1_1_2_162_0,0.2637,0.2562,0.2025,0.2176,0.088,0.0918,0.1108,0.1238,0.1476,0.1592,0.2032,0.1962,4,4,-0.4082777,-0.34842107,0.12957807,0.132626,0.15849487,0.10410805,-0.2942675,-0.22625,21.05987894207703,79.00274190376918,1162.0,Nagpur,3,"{""type"":""MultiPoint"",""coordinates"":[]}",-13.991305832448306,-22.11338069449281,-12.075005597484623,-22.366708389838298
1_1_1_1_1_1_1_1_1_2_163_0_1_1_1_1_1_1_1_1_1_2_163_0,0.2401,0.2451,0.1568,0.1576,0.0628,0.0628,0.0792,0.0836,0.0992,0.086,0.2561,0.2452,4,4,-0.50391483,-0.4913295,-0.032245062,-0.00020395676,0.44159865,0.48067632,-0.52758723,-0.4914842,21.048021180326653,79.23019533370824,1163.0,Nagpur,3,"{""type"":""MultiPoint"",""coordinates"":[]}",-9.617309287162723,-16.503258181827093,-9.276610306052964,-18.99476842519534
1_1_1_1_1_1_1_1_1_2_164_0_1_1_1_1_1_1_1_1_1_2_164_0,0.2374,0.2298,0.17065,0.1703,0.0681,0.0675,0.0829,0.0881,0.101,0.1,0.203,0.1984,4,4,-0.48236027,-0.44573766,0.07811081,0.073330216,0.33552632,0.3297587,-0.42007694,-0.3849913,21.066077317537456,78.9938485824564,1164.0,Nagpur,3,"{""type"":""MultiPoint"",""coordinates"":[]}",-10.540416557164487,-17.340157889949335,-10.501071366957637,-17.913669107677922
1_1_1_1_1_1_1_1_1_2_165_0_1_1_1_1_1_1_1_1_1_2_165_0,0.2179,0.21675,0.1915,0.18135,0.0969,0.106,0.116,0.1242,0.1303,0.1357,0.1785,0.1831,6,6,-0.3051812,-0.27144742,0.09939455,0.08415656,0.15608808,0.14868256,-0.21222411,-0.19166937,21.22382148142885,79.08143432265804,1165.0,Nagpur,3,"{""type"":""MultiPoint"",""coordinates"":[]}",-5.651718142490245,-17.94160975336351,-4.445229497406134,-16.009765535512635
1_1_1_1_1_1_1_1_1_2_166_0_1_1_1_1_1_1_1_1_1_2_166_0,0.1714,0.185,0.1297,0.142,0.0556,0.058,0.0772,0.0822,0.09,0.0956,0.193,0.1776,4,4,-0.37892196,-0.38473055,-0.059275523,0.020408163,0.36395758,0.3001464,-0.42857143,-0.36720553,20.972293201875377,79.05134076064003,1166.0,Nagpur,3,"{""type"":""MultiPoint"",""coordinates"":[]}",-11.186175160234466,-18.795275677693304,-8.92885980416252,-17.555301372209303
1_1_1_1_1_1_1_1_1_2_167_0_1_1_1_1_1_1_1_1_1_2_167_0,0.2528,0.247,0.2294,0.2123,0.1115,0.1284,0.1376,0.1537,0.1692,0.1688,0.223,0.229,6,6,-0.29508197,-0.23284252,0.06263136,0.037815128,0.1371749,0.15133233,-0.23682751,-0.19675986,21.07865373151513,79.12293648878436,1167.0,Nagpur,3,"{""type"":""MultiPoint"",""coordinates"":[]}",-8.817494120195269,-15.96651376231484,-8.534941916863678,-15.673253609063988
1_1_1_1_1_1_1_1_1_2_168_0_1_1_1_1_1_1_1_1_1_2_168_0,0.36295,0.3371,0.2725,0.2726,0.09525,0.0797,0.1273,0.1008,0.1793,0.1392,0.2845,0.2076,4,4,-0.48067313,-0.53962094,0.12116766,0.23774555,0.2268219,0.19723183,-0.38173872,-0.3463035,21.158963117915416,78.9632160312679,1168.0,Nagpur,3,"{""type"":""MultiPoint"",""coordinates"":[]}",-14.100505749517833,-23.46501864511126,-12.938968309798192,-21.53145833898828
1_1_1_1_1_1_1_1_1_2_169_0_1_1_1_1_1_1_1_1_1_2_169_0,0.1774,0.2465,0.1182,0.1726,0.0572,0.069,0.0792,0.0928,0.08,0.1008,0.269,0.2358,4,4,-0.3826968,-0.45299146,-0.20519713,0.022185361,0.5415473,0.40106952,-0.545089,-0.43517956,21.10030312986241,79.17629641666106,1169.0,Nagpur,3,"{""type"":""MultiPoint"",""coordinates"":[]}",-12.216187856397324,-19.78539836060478,-9.038376993259028,-18.44330929564544
1_1_1_1_1_1_1_1_1_2_170_0_1_1_1_1_1_1_1_1_1_2_170_0,0.16045,0.17815,0.14575,0.1494,0.063,0.06265,0.0814,0.0831,0.08345,0.0816,0.1551,0.19415,6,6,-0.32685548,-0.36382776,0.016954524,-0.042976096,0.30035633,0.40815955,-0.3116279,-0.40054104,21.1513274380004,79.10856344423846,1170.0,Nagpur,3,"{""type"":""MultiPoint"",""coordinates"":[]}",-6.997783919683895,-15.465432485014093,-7.215647141699648,-15.735137452007455
1_1_1_1_1_1_1_1_1_2_171_0_1_1_1_1_1_1_1_1_1_2_171_0,0.221,0.2001,0.1497,0.1528,0.0539,0.063,0.0689,0.0888,0.0842,0.1072,0.222,0.161,4,4,-0.5246637,-0.3852544,-0.0022573364,0.10828026,0.45003265,0.20059657,-0.5262977,-0.28903124,20.965196511130834,79.06751043575419,1171.0,Nagpur,3,"{""type"":""MultiPoint"",""coordinates"":[]}",-9.073866533206525,-18.601460667190167,-10.546996772567432,-19.356379137550668
1_1_1_1_1_1_1_1_1_2_172_0_1_1_1_1_1_1_1_1_1_2_172_0,0.21575,0.2245,0.1572,0.1593,0.0724,0.0672,0.106,0.0916,0.1251,0.1046,0.1964,0.219,4,4,-0.34110335,-0.42043656,0.046948925,0.012401353,0.22177294,0.35352287,-0.2989418,-0.41017386,21.277720398476017,79.04289659696931,1172.0,Nagpur,3,"{""type"":""MultiPoint"",""coordinates"":[]}",-11.420792846591732,-18.892621519633124,-11.28929328725928,-17.543554887101212
1_1_1_1_1_1_1_1_1_2_173_0_1_1_1_1_1_1_1_1_1_2_173_0,0.2593,0.2446,0.2012,0.1892,0.0736,0.0697,0.0992,0.0843,0.1234,0.0916,0.2286,0.1914,4,1,-0.44658297,-0.48738217,0.06292273,0.12201835,0.29886365,0.35265017,-0.3947529,-0.38846573,21.2535557173332,79.05187974981051,1173.0,Nagpur,3,"{""type"":""MultiPoint"",""coordinates"":[]}",-8.822406124644983,-15.778890702958268,-10.646978941503335,-17.12100987286802
1_1_1_1_1_1_1_1_1_2_174_0_1_1_1_1_1_1_1_1_1_2_174_0,0.2125,0.2438,0.1561,0.1738,0.0662,0.0772,0.0872,0.109,0.1104,0.1188,0.2415,0.2554,4,4,-0.41808474,-0.38208616,-0.06387665,-0.02323718,0.37254903,0.36504543,-0.469425,-0.40175632,21.107489652135367,79.24187343240179,1174.0,Nagpur,3,"{""type"":""MultiPoint"",""coordinates"":[]}",-7.941534719392857,-17.50836721700186,-10.302353174264125,-17.35031001675946
1_1_1_1_1_1_1_1_1_2_175_0_1_1_1_1_1_1_1_1_1_2_175_0,0.27125,0.21995,0.2317,0.18635,0.1312,0.0868,0.1674,0.1107,0.2057,0.1271,0.27085,0.2164,4,7,-0.23674911,-0.3304098,0.0007378712,0.008135671,0.13671178,0.25997087,-0.23605248,-0.32314277,21.23046901453133,79.11242619996017,1175.0,Nagpur,3,"{""type"":""MultiPoint"",""coordinates"":[]}",-11.525780337770929,-17.966556501053887,-9.493152414613174,-16.049999462010916
1_1_1_1_1_1_1_1_1_2_176_0_1_1_1_1_1_1_1_1_1_2_176_0,0.29525,0.22935,0.21035,0.15615,0.0654,0.06475,0.0856,0.0838,0.1192,0.08855,0.24895,0.2522,4,4,-0.5504792,-0.46479324,0.085079014,-0.04745094,0.35243785,0.48026413,-0.4882678,-0.5011905,21.299190133766476,79.13695020721663,1176.0,Nagpur,3,"{""type"":""MultiPoint"",""coordinates"":[]}",-10.917290712117943,-17.956243974624556,-9.931934737367568,-16.594130693986095
1_1_1_1_1_1_1_1_1_2_177_0_1_1_1_1_1_1_1_1_1_2_177_0,0.3517,0.28885,0.2643,0.22785,0.09765,0.07535,0.1265,0.0903,0.1844,0.1169,0.2822,0.1903,4,4,-0.47093266,-0.5236714,0.10963874,0.20567672,0.20960137,0.2389323,-0.38096404,-0.35637918,20.989720518387298,79.11431266205682,1177.0,Nagpur,3,"{""type"":""MultiPoint"",""coordinates"":[]}",-13.259802175420948,-21.83803746349822,-12.974106900749137,-19.97999473013251
1_1_1_1_1_1_1_1_1_2_178_0_1_1_1_1_1_1_1_1_1_2_178_0,0.25355,0.191,0.1783,0.12155,0.05595,0.0593,0.06825,0.0867,0.0932,0.08365,0.19235,0.22175,4,1,-0.5758235,-0.37558517,0.1372505,-0.0745003,0.34722465,0.45219386,-0.47620875,-0.43783432,21.04505673988906,79.15644364888202,1178.0,Nagpur,3,"{""type"":""MultiPoint"",""coordinates"":[]}",-9.994776377409847,-15.161593970254174,-10.001128386505636,-15.785781856585198
1_1_1_1_1_1_1_1_1_2_179_0_1_1_1_1_1_1_1_1_1_2_179_0,0.22965,0.2106,0.16175,0.1431,0.0626,0.0628,0.08,0.0807,0.09905,0.0908,0.2077,0.2106,5,1,-0.48328757,-0.44593203,0.050188635,0.0,0.35419723,0.39747843,-0.44386515,-0.44593203,21.02493447752478,78.97776873887065,1179.0,Nagpur,3,"{""type"":""MultiPoint"",""coordinates"":[]}",-10.035037115334188,-17.632475848080603,-10.193395754841404,-19.323215873488667
1_1_1_1_1_1_1_1_1_2_180_0_1_1_1_1_1_1_1_1_1_2_180_0,0.2477,0.26,0.18365,0.19,0.07765,0.0755,0.10155,0.0968,0.1106,0.0966,0.2571,0.2574,6,6,-0.41846815,-0.4573991,-0.018621236,0.0050251256,0.39842263,0.45423728,-0.43370974,-0.45341614,21.15914278097224,79.02376248141756,1180.0,Nagpur,3,"{""type"":""MultiPoint"",""coordinates"":[]}",-10.890033679718524,-17.595768929436993,-9.15360741490981,-15.855694985747245
1_1_1_1_1_1_1_1_1_2_181_0_1_1_1_1_1_1_1_1_1_2_181_0,0.29165,0.2744,0.2267,0.2039,0.0839,0.07915,0.1093,0.0985,0.1458,0.1192,0.23025,0.2231,4,4,-0.45479485,-0.47170824,0.11764706,0.10311558,0.2245712,0.30353492,-0.35620674,-0.38743782,21.279606860572667,79.07703257776585,1181.0,Nagpur,3,"{""type"":""MultiPoint"",""coordinates"":[]}",-9.506233835482558,-17.276617679142174,-8.496488809067422,-15.129364904975136
1_1_1_1_1_1_1_1_1_2_182_0_1_1_1_1_1_1_1_1_1_2_182_0,0.2948,0.2862,0.2119,0.2052,0.0698,0.0786,0.0922,0.1048,0.115,0.1216,0.2542,0.254,4,4,-0.5235142,-0.46393862,0.07395264,0.059607554,0.37703142,0.35250267,-0.46766743,-0.41583055,21.11907791930051,79.19048979815015,1182.0,Nagpur,3,"{""type"":""MultiPoint"",""coordinates"":[]}",-12.235948217489355,-17.2517327738231,-9.913182207469942,-16.194729122741055
1_1_1_1_1_1_1_1_1_2_183_0_1_1_1_1_1_1_1_1_1_2_183_0,0.18795,0.19155,0.14475,0.1351,0.06,0.06645,0.07675,0.0921,0.08675,0.09895,0.1551,0.2136,4,1,-0.42009822,-0.35060814,0.09575864,-0.054424286,0.2826132,0.36682132,-0.33793402,-0.39744848,21.07838423692989,79.1532995453876,1183.0,Nagpur,3,"{""type"":""MultiPoint"",""coordinates"":[]}",-12.750073380593342,-20.32157233662919,-11.462860076411378,-22.754441201011204
1_1_1_1_1_1_1_1_1_2_184_0_1_1_1_1_1_1_1_1_1_2_184_0,0.2254,0.2351,0.1605,0.1683,0.06,0.0566,0.0746,0.0739,0.0972,0.0936,0.1902,0.2046,4,4,-0.50266665,-0.52168286,0.08469682,0.06936548,0.32359082,0.3722334,-0.4365559,-0.46929982,20.96735246781272,79.05152042369686,1184.0,Nagpur,3,"{""type"":""MultiPoint"",""coordinates"":[]}",-9.933768657339565,-15.151391693608641,-9.4629491162413,-16.28571516679656
1_1_1_1_1_1_1_1_1_2_185_0_1_1_1_1_1_1_1_1_1_2_185_0,0.285,0.2367,0.2055,0.1851,0.059,0.0638,0.0795,0.085,0.1186,0.1074,0.2214,0.1776,6,6,-0.56378603,-0.47155735,0.12559241,0.14265025,0.30235294,0.24631579,-0.47158524,-0.35262758,20.96762196239796,79.29325706665342,1185.0,Nagpur,3,"{""type"":""MultiPoint"",""coordinates"":[]}",-9.488461659988708,-15.670415661802892,-9.34072220852238,-15.353232320548798
1_1_1_1_1_1_1_1_1_2_186_0_1_1_1_1_1_1_1_1_1_2_186_0,0.2381,0.1868,0.1531,0.1172,0.0569,0.0554,0.0736,0.075,0.0867,0.07,0.2346,0.2108,4,4,-0.527751,-0.42704356,0.0074042734,-0.06036217,0.46031746,0.5014245,-0.52238804,-0.47515744,21.281762817254556,79.25220405816916,1186.0,Nagpur,3,"{""type"":""MultiPoint"",""coordinates"":[]}",-10.77121589427566,-18.597424368138086,-10.218038297104012,-17.388066452052545
1_1_1_1_1_1_1_1_1_2_187_0_1_1_1_1_1_1_1_1_1_2_187_0,0.21505,0.26465,0.1667,0.20155,0.0582,0.0787,0.0844,0.1036,0.08615,0.1261,0.2163,0.2183,4,4,-0.4362999,-0.43733877,-0.0028978786,0.095972665,0.43031907,0.26771197,-0.43864316,-0.35632184,21.06131624653162,79.12805688590385,1187.0,Nagpur,3,"{""type"":""MultiPoint"",""coordinates"":[]}",-10.438790563788645,-16.089449644025542,-10.163437826309947,-16.05567878185529
1_1_1_1_1_1_1_1_1_2_188_0_1_1_1_1_1_1_1_1_1_2_188_0,0.2024,0.2101,0.1318,0.1085,0.05005,0.0625,0.07145,0.0894,0.0741,0.1021,0.2161,0.3232,4,1,-0.47818148,-0.403005,-0.032735962,-0.21207576,0.48931772,0.5198683,-0.50304294,-0.5666505,21.227055416451677,78.97615177135923,1188.0,Nagpur,3,"{""type"":""MultiPoint"",""coordinates"":[]}",-9.98966917010632,-16.57409977457241,-9.93094895904068,-17.230175886916513
1_1_1_1_1_1_1_1_1_2_189_0_1_1_1_1_1_1_1_1_1_2_189_0,0.1437,0.1603,0.0976,0.1033,0.0538,0.0562,0.0689,0.0708,0.0767,0.0795,0.197,0.1932,6,6,-0.35183442,-0.38727823,-0.15644261,-0.09306931,0.43953234,0.4169417,-0.48176005,-0.46363637,21.16480216726219,79.0607730711233,1189.0,Nagpur,3,"{""type"":""MultiPoint"",""coordinates"":[]}",-7.324055510416051,-14.067232141888933,-7.9628986582844865,-13.599163060150891
1_1_1_1_1_1_1_1_1_2_190_0_1_1_1_1_1_1_1_1_1_2_190_0,0.21835,0.2899,0.179,0.22565,0.0783,0.0814,0.1004,0.1032,0.1235,0.1317,0.1587,0.2077,4,4,-0.37003922,-0.47494277,0.15820183,0.16519293,0.12473423,0.22392458,-0.22500965,-0.33612093,21.04101432111052,79.07981735514663,1190.0,Nagpur,3,"{""type"":""MultiPoint"",""coordinates"":[]}",-12.289891889896062,-19.743608943265095,-9.886032459515828,-18.257820485812566
1_1_1_1_1_1_1_1_1_2_191_0_1_1_1_1_1_1_1_1_1_2_191_0,0.2838,0.2599,0.2485,0.2196,0.0763,0.0684,0.0944,0.0874,0.1272,0.0988,0.2116,0.1995,6,6,-0.5007932,-0.49668875,0.14574082,0.13147584,0.24911453,0.3375796,-0.38300654,-0.39072847,20.96618465794337,79.29702999084672,1191.0,Nagpur,3,"{""type"":""MultiPoint"",""coordinates"":[]}",-7.297554093158414,-16.23751660231823,-8.209647473628985,-16.772688789869832
1_1_1_1_1_1_1_1_1_2_192_0_1_1_1_1_1_1_1_1_1_2_192_0,0.2177,0.22935,0.19075,0.1785,0.07805,0.066,0.09845,0.0874,0.111,0.0873,0.20565,0.22645,6,6,-0.37719437,-0.4481452,0.028463446,0.0063624396,0.29891047,0.44350597,-0.3525156,-0.44304603,21.1783667280524,79.13443492442109,1192.0,Nagpur,3,"{""type"":""MultiPoint"",""coordinates"":[]}",-9.32659495050236,-18.09304283529221,-8.03878462935749,-15.396514156214081
1_1_1_1_1_1_1_1_1_2_193_0_1_1_1_1_1_1_1_1_1_2_193_0,0.2191,0.2454,0.1503,0.1946,0.0536,0.0675,0.0658,0.0834,0.0826,0.1048,0.1867,0.1932,5,4,-0.53808355,-0.49270073,0.079842284,0.119015045,0.38655773,0.2966443,-0.4788119,-0.39696312,21.13569675205672,79.2810399787894,1193.0,Nagpur,3,"{""type"":""MultiPoint"",""coordinates"":[]}",-10.030161271567252,-15.378067516864789,-10.13025415692584,-16.87521214907698
1_1_1_1_1_1_1_1_1_2_194_0_1_1_1_1_1_1_1_1_1_2_194_0,0.2057,0.2216,0.11845,0.1792,0.05755,0.07095,0.0877,0.0962,0.0882,0.1133,0.3474,0.2258,4,4,-0.40218133,-0.39458779,-0.25619236,-0.009387572,0.59504133,0.33176056,-0.5968743,-0.40248448,21.21870108430936,79.15958775237644,1194.0,Nagpur,3,"{""type"":""MultiPoint"",""coordinates"":[]}",-10.743445132714298,-18.06893485237674,-8.820201939926864,-17.720579854956732
1_1_1_1_1_1_1_1_1_2_195_0_1_1_1_1_1_1_1_1_1_2_195_0,0.2818,0.273,0.20345,0.21785,0.06525,0.0654,0.0843,0.0814,0.1182,0.1066,0.19645,0.167,1,5,-0.5394701,-0.54063207,0.17846315,0.24090908,0.24868903,0.22076024,-0.3994657,-0.34460548,20.95253026562475,79.1607555622458,1195.0,Nagpur,3,"{""type"":""MultiPoint"",""coordinates"":[]}",-11.499352151495499,-18.87220701356105,-10.85241221605697,-17.845609536976102
1_1_1_1_1_1_1_1_1_2_196_0_1_1_1_1_1_1_1_1_1_2_196_0,0.195,0.1962,0.1742,0.1719,0.1586,0.1594,0.1862,0.1746,0.1942,0.189,0.2176,0.2108,6,6,-0.023084994,-0.058252428,-0.0547746,-0.035872236,0.0568237,0.054527264,-0.07776127,-0.09392839,21.054039892730252,79.06598329977119,1196.0,Nagpur,3,"{""type"":""MultiPoint"",""coordinates"":[]}",-7.299026386670587,-16.227225085976393,-6.658667545992981,-15.906125255570394
1_1_1_1_1_1_1_1_1_2_197_0_1_1_1_1_1_1_1_1_1_2_197_0,0.29295,0.27745,0.27885,0.2677,0.2281,0.2199,0.2694,0.2618,0.3148,0.2902,0.351,0.2952,6,6,-0.041877832,-0.02902179,-0.09014675,-0.030996246,0.054370683,0.008541169,-0.13152805,-0.059964094,21.16049025389842,79.08071567043075,1197.0,Nagpur,3,"{""type"":""MultiPoint"",""coordinates"":[]}",-2.243401845947836,-14.176025359032923,-2.674484430574905,-15.386119597453634
1_1_1_1_1_1_1_1_1_2_198_0_1_1_1_1_1_1_1_1_1_2_198_0,0.1685,0.1796,0.113,0.1126,0.0546,0.0586,0.0736,0.0784,0.072,0.0794,0.2208,0.2392,4,4,-0.3919868,-0.39224806,-0.1343437,-0.14231136,0.5081967,0.5015694,-0.5,-0.50629723,21.07074855701488,79.28391458769858,1198.0,Nagpur,3,"{""type"":""MultiPoint"",""coordinates"":[]}",-10.891857078451261,-17.729723069509475,-9.163567236471575,-16.95707521678695
1_1_1_1_1_1_1_1_1_2_199_0_1_1_1_1_1_1_1_1_1_2_199_0,0.2653,0.2863,0.21335,0.2291,0.0738,0.0659,0.0959,0.0778,0.1341,0.107,0.1888,0.1554,4,4,-0.46899223,-0.5726449,0.1684651,0.29635498,0.16940229,0.18445122,-0.3263084,-0.3327616,21.139110350136374,79.0097487629853,1199.0,Nagpur,3,"{""type"":""MultiPoint"",""coordinates"":[]}",-13.449314976960384,-22.667896715756953,-13.13051691961344,-20.599526502866325
1_1_1_1_1_1_1_1_1_2_200_0_1_1_1_1_1_1_1_1_1_2_200_0,0.2432,0.2264,0.163,0.1503,0.071,0.0714,0.0924,0.0957,0.1324,0.0949,0.2519,0.2518,4,4,-0.44934446,-0.4057746,-0.017572207,-0.053115852,0.310955,0.45255265,-0.46325877,-0.44920865,21.03796004914452,79.28157896795987,1200.0,Nagpur,3,"{""type"":""MultiPoint"",""coordinates"":[]}",-9.040105350570192,-18.171591260953353,-10.569409993598168,-16.79629864960119
1_1_1_1_1_1_1_1_1_2_201_0_1_1_1_1_1_1_1_1_1_2_201_0,0.1874,0.2258,0.113,0.1483,0.0508,0.0599,0.0689,0.0796,0.0706,0.0828,0.2453,0.2316,4,4,-0.46234882,-0.47871643,-0.13381095,-0.012680368,0.5530231,0.47328246,-0.56142586,-0.48843187,21.00678850878557,79.28795700647711,1201.0,Nagpur,3,"{""type"":""MultiPoint"",""coordinates"":[]}",-8.093414650236273,-14.649404235876952,-9.41093803038429,-16.957600333641906
1_1_1_1_1_1_1_1_1_2_202_0_1_1_1_1_1_1_1_1_1_2_202_0,0.30795,0.2721,0.2456,0.2304,0.0869,0.076,0.1194,0.0946,0.1678,0.1272,0.232,0.1656,5,5,-0.44120744,-0.4840469,0.14066117,0.24331734,0.16058029,0.13114753,-0.32043254,-0.27286702,21.1468358615798,78.96680929240439,1202.0,Nagpur,3,"{""type"":""MultiPoint"",""coordinates"":[]}",-13.565312209750884,-23.88376590344485,-12.822251475262123,-21.341194055602244
1_1_1_1_1_1_1_1_1_2_203_0_1_1_1_1_1_1_1_1_1_2_203_0,0.1696,0.16755,0.10415,0.11265,0.05775,0.0611,0.0799,0.08145,0.07075,0.0844,0.26295,0.2144,4,4,-0.35951903,-0.34578314,-0.2158132,-0.12266003,0.5759664,0.4350736,-0.53390694,-0.44938314,21.028258244076024,79.13227896773921,1203.0,Nagpur,3,"{""type"":""MultiPoint"",""coordinates"":[]}",-9.4519907185201,-18.37958103478273,-9.641838586765154,-18.25391146221529
1_1_1_1_1_1_1_1_1_2_204_0_1_1_1_1_1_1_1_1_1_2_204_0,0.1849,0.1904,0.1232,0.1155,0.0526,0.0514,0.0718,0.0772,0.0841,0.0828,0.214,0.2532,4,1,-0.44059214,-0.42301944,-0.07295062,-0.14156897,0.4357598,0.50714284,-0.49755073,-0.53268766,21.20208225155315,78.97381615162053,1204.0,Nagpur,3,"{""type"":""MultiPoint"",""coordinates"":[]}",-11.175628167365863,-16.898725660888545,-10.556899253609803,-17.98242082227049
1_1_1_1_1_1_1_1_1_2_205_0_1_1_1_1_1_1_1_1_1_2_205_0,0.24005,0.2238,0.1704,0.151,0.0605,0.06085,0.0771,0.0803,0.1062,0.0864,0.2171,0.2588,4,4,-0.5137947,-0.47188425,0.05020234,-0.07252383,0.34302506,0.4994206,-0.47586676,-0.5263934,21.011369916734576,79.07631392553856,1205.0,Nagpur,3,"{""type"":""MultiPoint"",""coordinates"":[]}",-9.536057900688256,-17.249117156411977,-8.376406388745131,-16.39836717784544
1_1_1_1_1_1_1_1_1_2_206_0_1_1_1_1_1_1_1_1_1_2_206_0,0.2041,0.20515,0.1819,0.1726,0.1233,0.1136,0.1378,0.1311,0.1531,0.1416,0.19565,0.1868,6,6,-0.19391635,-0.22022305,0.021138212,0.046817195,0.12200717,0.13763703,-0.17348927,-0.17521232,21.121233875982394,79.13497391359157,1206.0,Nagpur,3,"{""type"":""MultiPoint"",""coordinates"":[]}",-7.471105152975004,-16.621451290396607,-6.4411078200177,-16.54085356721902
1_1_1_1_1_1_1_1_1_2_207_0_1_1_1_1_1_1_1_1_1_2_207_0,0.2236,0.219,0.1712,0.1453,0.0647,0.0587,0.08455,0.083,0.1072,0.0816,0.1811,0.2254,4,4,-0.45124128,-0.45033112,0.10501606,-0.0144014405,0.25633022,0.4684039,-0.36344814,-0.461738,21.28149332266932,78.98235014681966,1207.0,Nagpur,3,"{""type"":""MultiPoint"",""coordinates"":[]}",-10.70037234019865,-19.58493345642232,-9.410827561627793,-17.122024270559425
1_1_1_1_1_1_1_1_1_2_208_0_1_1_1_1_1_1_1_1_1_2_208_0,0.2145,0.2151,0.1454,0.1459,0.0542,0.0612,0.0741,0.0747,0.0763,0.075,0.2166,0.1992,4,5,-0.4864865,-0.48447204,-0.0048712594,0.038377985,0.47900307,0.45295405,-0.49019608,-0.45454547,21.29083580162416,79.20944425064508,1208.0,Nagpur,3,"{""type"":""MultiPoint"",""coordinates"":[]}",-8.4346394066695,-17.528303412361097,-8.856332362629045,-17.736082053835485
1_1_1_1_1_1_1_1_1_2_209_0_1_1_1_1_1_1_1_1_1_2_209_0,0.318,0.2331,0.2144,0.1785,0.0824,0.059,0.1156,0.0766,0.1768,0.098,0.2862,0.1606,4,4,-0.46678966,-0.50532776,0.05263158,0.18415037,0.23628509,0.2420727,-0.42458934,-0.35413152,20.96726263628431,79.26891272245379,1209.0,Nagpur,3,"{""type"":""MultiPoint"",""coordinates"":[]}",-11.869432149722726,-20.668917412150087,-11.527501644837843,-20.981769140378507
1_1_1_1_1_1_1_1_1_2_210_0_1_1_1_1_1_1_1_1_1_2_210_0,0.2265,0.2353,0.1539,0.1755,0.0798,0.0679,0.1116,0.0849,0.135,0.1094,0.2983,0.2182,4,4,-0.3398403,-0.46970645,-0.13681403,0.037706725,0.37687513,0.33211234,-0.45547694,-0.43978885,21.12240168585175,79.29280790901136,1210.0,Nagpur,3,"{""type"":""MultiPoint"",""coordinates"":[]}",-9.564625568582011,-16.704761180233945,-7.739292967620026,-16.449281920878814
1_1_1_1_1_1_1_1_1_2_211_0_1_1_1_1_1_1_1_1_1_2_211_0,0.3825,0.2289,0.2639,0.1735,0.1044,0.0574,0.1469,0.0758,0.2168,0.0988,0.318,0.1654,4,4,-0.44503212,-0.50246143,0.09207709,0.1610449,0.18922962,0.25208175,-0.36803615,-0.37147596,21.0611365834748,78.99977746333158,1211.0,Nagpur,3,"{""type"":""MultiPoint"",""coordinates"":[]}",-13.842100937373829,-18.777168834897598,-8.693408919914177,-18.890520137336885
1_1_1_1_1_1_1_1_1_2_212_0_1_1_1_1_1_1_1_1_1_2_212_0,0.2886,0.29315,0.2171,0.25315,0.0756,0.1216,0.0997,0.1438,0.1215,0.1639,0.238,0.2209,4,4,-0.48647952,-0.3418011,0.09608811,0.14055052,0.3240612,0.1481289,-0.40953508,-0.21140663,21.277810230004427,79.144226561018,1212.0,Nagpur,3,"{""type"":""MultiPoint"",""coordinates"":[]}",-11.693105992445682,-17.063713978314063,-11.366073395429337,-20.09304467951193
1_1_1_1_1_1_1_1_1_2_213_0_1_1_1_1_1_1_1_1_1_2_213_0,0.2122,0.28475,0.1482,0.22745,0.0603,0.0736,0.0924,0.0972,0.1126,0.1227,0.2434,0.1971,4,4,-0.39330268,-0.49103287,-0.068481125,0.18190308,0.36741573,0.2326454,-0.44967243,-0.33944955,21.027270097263493,79.10191591113596,1213.0,Nagpur,3,"{""type"":""MultiPoint"",""coordinates"":[]}",-11.114299381880706,-20.141362527704388,-12.077330422057832,-19.496216369959715
1_1_1_1_1_1_1_1_1_2_214_0_1_1_1_1_1_1_1_1_1_2_214_0,0.1817,0.198,0.13985,0.1669,0.0649,0.0766,0.0901,0.0963,0.1046,0.116,0.1961,0.1688,4,4,-0.3370125,-0.34556574,-0.038115405,0.07960741,0.30429,0.18539326,-0.37037036,-0.2734817,21.23603856929287,79.02466079670168,1214.0,Nagpur,3,"{""type"":""MultiPoint"",""coordinates"":[]}",-10.093733914538767,-17.88938816107627,-11.767676292757798,-20.959059996549264
1_1_1_1_1_1_1_1_1_2_215_0_1_1_1_1_1_1_1_1_1_2_215_0,0.1826,0.2353,0.1146,0.1711,0.0592,0.0634,0.0849,0.0836,0.0852,0.1002,0.2597,0.1931,4,5,-0.36523366,-0.4756977,-0.17431608,0.09850607,0.5059438,0.31674054,-0.5072548,-0.39573544,21.08278598182208,79.2712483421925,1215.0,Nagpur,3,"{""type"":""MultiPoint"",""coordinates"":[]}",-8.271386323455163,-17.59474270500277,-9.482379572798488,-18.5845869098691
1_1_1_1_1_1_1_1_1_2_216_0_1_1_1_1_1_1_1_1_1_2_216_0,0.07985,0.1735,0.06685,0.1622,0.042,0.0827,0.0662,0.099,0.0505,0.1184,0.04705,0.1336,0,6,-0.09346114,-0.2733945,0.25847125,0.1299251,-0.03536648,0.06031746,0.16909492,-0.14875323,21.116113478862918,78.99366891939957,1216.0,Nagpur,3,"{""type"":""MultiPoint"",""coordinates"":[]}",-12.034703168390086,-19.599111454088984,-11.612451890640841,-21.088854049378178
1_1_1_1_1_1_1_1_1_2_217_0_1_1_1_1_1_1_1_1_1_2_217_0,0.19815,0.21425,0.12875,0.12865,0.0585,0.06015,0.08015,0.0824,0.08195,0.0741,0.2474,0.2592,4,4,-0.4240029,-0.44446316,-0.11053754,-0.094941385,0.50235313,0.55535555,-0.5106091,-0.5175644,21.21627563304224,79.14629268617146,1217.0,Nagpur,3,"{""type"":""MultiPoint"",""coordinates"":[]}",-10.773294346148422,-17.637525565951865,-9.598031582810588,-15.910003417758741
1_1_1_1_1_1_1_1_1_2_218_0_1_1_1_1_1_1_1_1_1_2_218_0,0.2448,0.2517,0.1638,0.1879,0.0598,0.0619,0.0804,0.076,0.09945,0.0928,0.2404,0.1838,4,5,-0.50553507,-0.5361611,0.009068426,0.15591274,0.41474178,0.32899493,-0.49875313,-0.41493458,21.27466612651001,79.00121476778617,1218.0,Nagpur,3,"{""type"":""MultiPoint"",""coordinates"":[]}",-10.617560639790485,-19.057911837078873,-10.087988978531094,-17.656356140103806
1_1_1_1_1_1_1_1_1_2_219_0_1_1_1_1_1_1_1_1_1_2_219_0,0.2627,0.22195,0.1958,0.14685,0.0664,0.0664,0.0861,0.0903,0.1132,0.09295,0.212,0.2136,4,4,-0.50630736,-0.4216173,0.1068043,0.019171163,0.30381304,0.39357364,-0.4223415,-0.40572557,21.23523008553716,79.12302632031277,1219.0,Nagpur,3,"{""type"":""MultiPoint"",""coordinates"":[]}",-11.284686424408223,-18.242029526360433,-8.337415822113877,-17.6132379414629
1_1_1_1_1_1_1_1_1_2_220_0_1_1_1_1_1_1_1_1_1_2_220_0,0.2715,0.1987,0.1896,0.119,0.061,0.0637,0.0826,0.086,0.111,0.0881,0.2468,0.2386,4,4,-0.53346515,-0.39585528,0.0476558,-0.09124171,0.37954164,0.46066728,-0.49848208,-0.47011706,21.04927882172442,79.22004437099768,1220.0,Nagpur,3,"{""type"":""MultiPoint"",""coordinates"":[]}",-11.428849109477323,-18.89770149916211,-10.300954334323988,-17.976568152375325
1_1_1_1_1_1_1_1_1_2_221_0_1_1_1_1_1_1_1_1_1_2_221_0,0.1771,0.1722,0.098,0.1112,0.04625,0.0467,0.069,0.0687,0.0637,0.0706,0.2746,0.204,1,1,-0.43925235,-0.42963886,-0.21585123,-0.084529504,0.6234112,0.48579752,-0.5983702,-0.49614963,21.1919312888426,78.96698895546122,1221.0,Nagpur,3,"{""type"":""MultiPoint"",""coordinates"":[]}",-9.861206707602271,-17.341370401783042,-12.13289790821291,-19.573885276301056
1_1_1_1_1_1_1_1_1_2_222_0_1_1_1_1_1_1_1_1_1_2_222_0,0.28745,0.24075,0.25605,0.20195,0.1087,0.095,0.1332,0.1181,0.1628,0.1427,0.2479,0.219,6,6,-0.3666944,-0.34178627,0.0738769,0.04730832,0.2072072,0.2109483,-0.30097088,-0.29931772,21.180073527092222,79.10479052004514,1222.0,Nagpur,3,"{""type"":""MultiPoint"",""coordinates"":[]}",-11.172014916629053,-19.24794105438743,-9.099734609910762,-15.885094147807525
1_1_1_1_1_1_1_1_1_2_223_0_1_1_1_1_1_1_1_1_1_2_223_0,0.2909,0.257,0.2166,0.1957,0.074,0.0542,0.0974,0.0703,0.1356,0.0943,0.2172,0.1742,4,5,-0.49832603,-0.5704247,0.14505018,0.19202226,0.23129252,0.29757914,-0.38080102,-0.42494887,21.00454272057527,79.06212054404948,1223.0,Nagpur,3,"{""type"":""MultiPoint"",""coordinates"":[]}",-11.091169553613138,-21.456952616408394,-11.303871486420903,-20.178065291688295
1_1_1_1_1_1_1_1_1_2_224_0_1_1_1_1_1_1_1_1_1_2_224_0,0.34645,0.2671,0.24745,0.1957,0.0783,0.0746,0.1142,0.0916,0.1562,0.1186,0.2731,0.1884,4,4,-0.5041789,-0.48926678,0.11839238,0.17277716,0.27230376,0.22736156,-0.41027626,-0.34571427,21.24574037436136,78.98657222865502,1224.0,Nagpur,3,"{""type"":""MultiPoint"",""coordinates"":[]}",-12.326594916137596,-19.68152772375372,-13.04074699018084,-18.61252381760137
1_1_1_1_1_1_1_1_1_2_225_0_1_1_1_1_1_1_1_1_1_2_225_0,0.2122,0.2188,0.1838,0.1892,0.0776,0.097,0.0956,0.1158,0.1068,0.1242,0.2054,0.218,6,6,-0.3788174,-0.30783024,0.016283525,0.0018315018,0.3158232,0.2741087,-0.36478406,-0.30617136,20.96079476623865,79.01729461137191,1225.0,Nagpur,3,"{""type"":""MultiPoint"",""coordinates"":[]}",-5.9436062858419945,-15.284755086697196,-4.701833175476575,-15.19155398477929
1_1_1_1_1_1_1_1_1_2_226_0_1_1_1_1_1_1_1_1_1_2_226_0,0.16815,0.19215,0.11105,0.1354,0.0555,0.0613,0.06795,0.0789,0.0771,0.09195,0.182,0.1718,4,4,-0.42439646,-0.4178196,-0.039554477,0.055914275,0.404863,0.30274883,-0.45629126,-0.37056243,21.04343977237765,79.14189094127929,1226.0,Nagpur,3,"{""type"":""MultiPoint"",""coordinates"":[]}",-10.638520695399901,-17.14781679702466,-8.461174795458176,-16.91938175400039
1_1_1_1_1_1_1_1_1_2_227_0_1_1_1_1_1_1_1_1_1_2_227_0,0.2622,0.2312,0.1982,0.1862,0.072,0.077,0.0948,0.0929,0.1344,0.1102,0.2262,0.1626,5,5,-0.46890756,-0.42672014,0.07371008,0.1742001,0.2545757,0.1920821,-0.4093458,-0.27279845,20.957291336630583,79.20935441911666,1227.0,Nagpur,3,"{""type"":""MultiPoint"",""coordinates"":[]}",-10.142401176972893,-18.394331216473155,-10.869268846818962,-17.985502980298683
1_1_1_1_1_1_1_1_1_2_228_0_1_1_1_1_1_1_1_1_1_2_228_0,0.2114,0.2282,0.1408,0.1572,0.05545,0.063,0.077,0.0845,0.0755,0.1018,0.2409,0.2068,4,4,-0.46601942,-0.45954588,-0.0652222,0.0491954,0.522756,0.34024626,-0.51557094,-0.4198421,21.244482732963597,79.01082674132624,1228.0,Nagpur,3,"{""type"":""MultiPoint"",""coordinates"":[]}",-10.051370395841676,-16.695550238699315,-9.8435067381584,-15.803314415688188
1_1_1_1_1_1_1_1_1_2_229_0_1_1_1_1_1_1_1_1_1_2_229_0,0.16165,0.1823,0.0906,0.1083,0.04635,0.0528,0.0662,0.0758,0.0577,0.0849,0.2876,0.2526,1,4,-0.41891596,-0.41263077,-0.28035614,-0.16164635,0.6657978,0.49688888,-0.6257773,-0.53836787,21.00912412852428,78.9632160312679,1229.0,Nagpur,3,"{""type"":""MultiPoint"",""coordinates"":[]}",-10.45401687027958,-17.160379480815525,-9.736474173732685,-17.09214920540721
1_1_1_1_1_1_1_1_1_2_230_0_1_1_1_1_1_1_1_1_1_2_230_0,0.1692,0.1679,0.1577,0.1552,0.111,0.1052,0.1326,0.1216,0.1514,0.1402,0.1842,0.1744,6,6,-0.12127236,-0.15993091,-0.04244482,-0.01898919,0.0977354,0.10870947,-0.16287878,-0.17837837,21.140278160005728,79.05960526125394,1230.0,Nagpur,3,"{""type"":""MultiPoint"",""coordinates"":[]}",-6.160157953431553,-15.497264153973425,-4.795479847839939,-15.143864162191612
1_1_1_1_1_1_1_1_1_2_231_0_1_1_1_1_1_1_1_1_1_2_231_0,0.22845,0.2343,0.2092,0.197,0.128,0.139,0.1545,0.1624,0.1789,0.181,0.21935,0.2647,6,6,-0.19310614,-0.18124527,0.020321572,-0.060921844,0.10156937,0.18779448,-0.1734653,-0.23952235,21.09823700470893,79.13102132634144,1231.0,Nagpur,3,"{""type"":""MultiPoint"",""coordinates"":[]}",-8.76661072941024,-12.0507980701268,-7.0494422401981165,-13.535244688233078
1_1_1_1_1_1_1_1_1_2_232_0_1_1_1_1_1_1_1_1_1_2_232_0,0.2026,0.2448,0.1066,0.1673,0.0507,0.0643,0.0772,0.0828,0.0521,0.0959,0.408,0.2164,4,4,-0.44817728,-0.4945055,-0.33639044,0.06157849,0.7735275,0.38584694,-0.6817807,-0.44652405,21.053500903559783,79.29038245774424,1232.0,Nagpur,3,"{""type"":""MultiPoint"",""coordinates"":[]}",-9.884568000838092,-17.379142651272478,-9.715589041037797,-16.7500122032871
1_1_1_1_1_1_1_1_1_2_233_0_1_1_1_1_1_1_1_1_1_2_233_0,0.2455,0.2189,0.1741,0.1523,0.0586,0.0592,0.0722,0.0778,0.0957,0.0827,0.1994,0.1847,4,4,-0.5454832,-0.47556454,0.10361879,0.08473736,0.3514063,0.381451,-0.46833578,-0.4072381,21.181151505433167,79.27762638070975,1233.0,Nagpur,3,"{""type"":""MultiPoint"",""coordinates"":[]}",-10.132122079236973,-18.432410710302662,-9.513758981223152,-16.81476630495105
1_1_1_1_1_1_1_1_1_2_234_0_1_1_1_1_1_1_1_1_1_2_234_0,0.1859,0.2143,0.1189,0.144,0.0421,0.0484,0.0514,0.0651,0.051,0.058,0.1981,0.2352,4,4,-0.5667931,-0.5340014,-0.031770833,-0.04649611,0.59052587,0.60436565,-0.587976,-0.56643355,21.235050422480334,79.27609924472674,1234.0,Nagpur,3,"{""type"":""MultiPoint"",""coordinates"":[]}",-8.598594704970692,-15.065847977145667,-8.222438272813289,-14.741310425640277
1_1_1_1_1_1_1_1_1_2_235_0_1_1_1_1_1_1_1_1_1_2_235_0,0.2376,0.1902,0.1456,0.1095,0.0681,0.0485,0.0963,0.0712,0.1176,0.0661,0.3257,0.2476,1,1,-0.42318058,-0.45524102,-0.15639979,-0.1311101,0.46943378,0.57857823,-0.5436019,-0.553325,21.260113418907277,79.20198823378688,1235.0,Nagpur,3,"{""type"":""MultiPoint"",""coordinates"":[]}",-9.61295020359749,-15.114031158917458,-7.610567632743006,-13.372763200062645
1_1_1_1_1_1_1_1_1_2_236_0_1_1_1_1_1_1_1_1_1_2_236_0,0.3113,0.28925,0.25845,0.2311,0.1103,0.08665,0.1426,0.1139,0.1838,0.1383,0.2838,0.248,6,6,-0.37166777,-0.43494976,0.04621072,0.076779895,0.213858,0.2839762,-0.33114445,-0.37054434,21.19094314203007,79.12194834197183,1236.0,Nagpur,3,"{""type"":""MultiPoint"",""coordinates"":[]}",-14.536790716516306,-22.21839240941421,-11.243474550922418,-18.4327732742438
1_1_1_1_1_1_1_1_1_2_237_0_1_1_1_1_1_1_1_1_1_2_237_0,0.2583,0.2578,0.1872,0.2022,0.0736,0.0907,0.0977,0.119,0.1108,0.1278,0.2802,0.2502,6,6,-0.4511236,-0.36836517,-0.040668525,0.01496063,0.43324807,0.32380953,-0.482932,-0.35536295,21.206843322558985,79.20791711466207,1237.0,Nagpur,3,"{""type"":""MultiPoint"",""coordinates"":[]}",-10.611593831798753,-15.462113330176532,-9.4512158564634,-17.308702938034067
1_1_1_1_1_1_1_1_1_2_238_0_1_1_1_1_1_1_1_1_1_2_238_0,0.2262,0.2628,0.1422,0.1811,0.0496,0.06,0.0632,0.0802,0.0796,0.0848,0.2034,0.211,4,4,-0.56323427,-0.5323615,0.053072624,0.10932883,0.43745583,0.42663962,-0.52588147,-0.44917583,21.189685500632304,79.21097138662807,1238.0,Nagpur,3,"{""type"":""MultiPoint"",""coordinates"":[]}",-10.34163053431213,-18.661405738622822,-10.634798047723857,-16.9509896192972
1_1_1_1_1_1_1_1_1_2_239_0_1_1_1_1_1_1_1_1_1_2_239_0,0.2037,0.2357,0.1238,0.1341,0.0574,0.0704,0.0816,0.1,0.073,0.1196,0.3353,0.3516,4,4,-0.42797056,-0.40422997,-0.24415584,-0.19734378,0.6424198,0.49235994,-0.6085392,-0.5571302,21.0979675101237,79.29424521346596,1239.0,Nagpur,3,"{""type"":""MultiPoint"",""coordinates"":[]}",-10.157987895813179,-17.699128002360204,-9.983082795103268,-17.542951627158537
1_1_1_1_1_1_1_1_1_2_240_0_1_1_1_1_1_1_1_1_1_2_240_0,0.27135,0.2389,0.2025,0.1699,0.0597,0.057,0.0816,0.0704,0.10255,0.0835,0.2142,0.197,4,1,-0.53761154,-0.5447785,0.117701575,0.096122965,0.3524862,0.4046346,-0.44827586,-0.473448,21.259125272094742,78.99932830568952,1240.0,Nagpur,3,"{""type"":""MultiPoint"",""coordinates"":[]}",-9.02145658845,-15.83451361711842,-9.09305414858533,-14.69838051822651
1_1_1_1_1_1_1_1_1_2_241_0_1_1_1_1_1_1_1_1_1_2_241_0,0.2703,0.2359,0.1941,0.1979,0.0641,0.1302,0.0864,0.1528,0.1016,0.172,0.211,0.2126,4,6,-0.5155593,-0.21378955,0.12320798,0.051950946,0.34996802,0.10556422,-0.41896436,-0.16365626,21.17171919494991,79.22022403405451,1241.0,Nagpur,3,"{""type"":""MultiPoint"",""coordinates"":[]}",-10.720455604079325,-15.70544377202667,-6.429053003784037,-14.074876876007131
1_1_1_1_1_1_1_1_1_2_242_0_1_1_1_1_1_1_1_1_1_2_242_0,0.242,0.2505,0.1744,0.1969,0.0603,0.0723,0.0805,0.0949,0.0987,0.1078,0.2097,0.2072,4,4,-0.5007752,-0.45049217,0.07150764,0.09460345,0.35992217,0.31555554,-0.4452102,-0.37173122,21.021880205558777,79.21079172357125,1242.0,Nagpur,3,"{""type"":""MultiPoint"",""coordinates"":[]}",-11.915773164897846,-19.70648222481823,-9.90745503348286,-16.62119713287909
1_1_1_1_1_1_1_1_1_2_243_0_1_1_1_1_1_1_1_1_1_2_243_0,0.20305,0.20805,0.19975,0.19555,0.09605,0.1017,0.1125,0.116,0.1308,0.1269,0.1627,0.1636,6,6,-0.2869593,-0.2840611,0.11032126,0.11960178,0.10868824,0.1263339,-0.18241279,-0.1702432,21.153932552324346,79.10649731908498,1243.0,Nagpur,3,"{""type"":""MultiPoint"",""coordinates"":[]}",-8.80347028376353,-10.911232717479395,-7.644865885853167,-12.536358043234909
1_1_1_1_1_1_1_1_1_2_244_0_1_1_1_1_1_1_1_1_1_2_244_0,0.1848,0.2312,0.124,0.1651,0.0583,0.0886,0.0814,0.1102,0.0877,0.1256,0.2172,0.2272,4,5,-0.38842976,-0.35442296,-0.08059701,0.008726004,0.4247294,0.28798187,-0.454789,-0.34676942,21.15177659564246,79.18752535771256,1244.0,Nagpur,3,"{""type"":""MultiPoint"",""coordinates"":[]}",-10.079177696675487,-16.143310187619623,-8.123174823346455,-15.187223039482586
1_1_1_1_1_1_1_1_1_2_245_0_1_1_1_1_1_1_1_1_1_2_245_0,0.1776,0.2022,0.1172,0.1222,0.0576,0.053,0.07,0.0872,0.0768,0.0884,0.1998,0.26,1,1,-0.4345719,-0.39737388,-0.05882353,-0.12505409,0.44468546,0.49253732,-0.4810971,-0.49769586,20.983162816813223,79.07388847427144,1245.0,Nagpur,3,"{""type"":""MultiPoint"",""coordinates"":[]}",-11.382193873149035,-17.318444463331375,-9.461892709992778,-16.90533935122475
1_1_1_1_1_1_1_1_1_2_246_0_1_1_1_1_1_1_1_1_1_2_246_0,0.23715,0.2436,0.16105,0.181,0.0544,0.0656,0.0742,0.0824,0.0948,0.0928,0.219,0.1924,4,5,-0.523366,-0.49447852,0.039789543,0.11743119,0.3957935,0.34922862,-0.49386084,-0.40029112,21.273588148169065,79.01989972569585,1246.0,Nagpur,3,"{""type"":""MultiPoint"",""coordinates"":[]}",-10.844898180233198,-17.446353944783183,-9.88614151794199,-18.63211741021576
1_1_1_1_1_1_1_1_1_2_247_0_1_1_1_1_1_1_1_1_1_2_247_0,0.2239,0.23245,0.2096,0.2151,0.103,0.102,0.1164,0.1203,0.1395,0.1357,0.16525,0.1723,6,6,-0.31589773,-0.31793055,0.15071309,0.14861025,0.084495485,0.118831165,-0.17344221,-0.17771702,21.181870157660462,79.1285060435459,1247.0,Nagpur,3,"{""type"":""MultiPoint"",""coordinates"":[]}",-6.413199246802156,-13.64214194220936,-6.035967613423705,-11.657355129910151
1_1_1_1_1_1_1_1_1_2_248_0_1_1_1_1_1_1_1_1_1_2_248_0,0.2575,0.2189,0.1587,0.1369,0.0708,0.0624,0.1016,0.0848,0.118,0.0896,0.3451,0.2784,4,6,-0.43414092,-0.44155416,-0.14537007,-0.11964609,0.49039084,0.51304346,-0.54510856,-0.5330396,21.14593754629568,79.2201342025261,1248.0,Nagpur,3,"{""type"":""MultiPoint"",""coordinates"":[]}",-9.947937836949656,-16.794254233766754,-9.84244253077005,-15.422069875490468
1_1_1_1_1_1_1_1_1_2_249_0_1_1_1_1_1_1_1_1_1_2_249_0,0.189,0.2126,0.0936,0.17,0.0575,0.0696,0.0824,0.09,0.056,0.11,0.4436,0.1666,4,4,-0.3927782,-0.40515533,-0.402466,0.121308014,0.7758207,0.20462762,-0.686692,-0.2985191,21.08018086749813,79.21258835413948,1249.0,Nagpur,3,"{""type"":""MultiPoint"",""coordinates"":[]}",-10.69117706893878,-18.417446003030694,-10.123962960579844,-16.91990233268908
1_1_1_1_1_1_1_1_1_2_250_0_1_1_1_1_1_1_1_1_1_2_250_0,0.3605,0.3041,0.2563,0.2497,0.0881,0.0725,0.1144,0.094,0.1656,0.121,0.2546,0.1948,4,4,-0.51821434,-0.52775687,0.17216712,0.21908198,0.2118039,0.23369221,-0.37994578,-0.34903046,20.979120398034688,79.27412295110167,1250.0,Nagpur,3,"{""type"":""MultiPoint"",""coordinates"":[]}",-11.836331506603216,-18.688850710760168,-10.419233350509057,-19.136386195117538
1_1_1_1_1_1_1_1_1_2_251_0_1_1_1_1_1_1_1_1_1_2_251_0,0.24285,0.2435,0.21235,0.216,0.0992,0.1176,0.1229,0.1436,0.1434,0.1632,0.2054,0.2244,6,6,-0.32795626,-0.25807285,0.08354713,0.040820688,0.17775229,0.15789473,-0.25129455,-0.21956521,21.15671732970512,78.9879197015812,1251.0,Nagpur,3,"{""type"":""MultiPoint"",""coordinates"":[]}",-5.406235301981122,-15.51954794192449,-5.112532102924088,-17.10030555809937
1_1_1_1_1_1_1_1_1_2_252_0_1_1_1_1_1_1_1_1_1_2_252_0,0.23515,0.2266,0.1482,0.1632,0.05455,0.0538,0.0701,0.0691,0.0828,0.0844,0.2138,0.175,4,4,-0.54070437,-0.53263444,0.047555406,0.12848605,0.4416723,0.34926754,-0.50616413,-0.43383858,20.99717653524549,78.97561278218876,1252.0,Nagpur,3,"{""type"":""MultiPoint"",""coordinates"":[]}",-11.24704255788895,-15.994896548200865,-10.723492116196828,-17.244239739153034
1_1_1_1_1_1_1_1_1_2_253_0_1_1_1_1_1_1_1_1_1_2_253_0,0.3656,0.2586,0.2613,0.2048,0.0856,0.0673,0.121,0.089,0.1884,0.1066,0.2796,0.1802,5,4,-0.5026716,-0.48791716,0.133292,0.1786691,0.1948718,0.25662482,-0.39590615,-0.33878157,20.96429819584672,79.22830887161159,1253.0,Nagpur,3,"{""type"":""MultiPoint"",""coordinates"":[]}",-11.922363695752782,-23.253363776750163,-13.061871068474442,-22.377977446981664
1_1_1_1_1_1_1_1_1_2_254_0_1_1_1_1_1_1_1_1_1_2_254_0,0.2016,0.2228,0.1213,0.1729,0.0592,0.0738,0.0804,0.104,0.0812,0.1148,0.2731,0.2254,4,4,-0.42978725,-0.3635251,-0.15062144,-0.0058009815,0.5416314,0.3251029,-0.54512024,-0.36854887,21.197500843604143,79.17629641666106,1254.0,Nagpur,3,"{""type"":""MultiPoint"",""coordinates"":[]}",-9.744393233148838,-19.78142154089798,-9.872211792228665,-19.521847633475605
1_1_1_1_1_1_1_1_1_2_255_0_1_1_1_1_1_1_1_1_1_2_255_0,0.3163,0.2718,0.2589,0.2139,0.083,0.0842,0.1076,0.1082,0.154,0.136,0.247,0.217,4,4,-0.49233308,-0.43052632,0.12302503,0.11211129,0.2319202,0.22946176,-0.393119,-0.33456334,21.26083207113457,79.17800321570088,1255.0,Nagpur,3,"{""type"":""MultiPoint"",""coordinates"":[]}",-9.735241939025626,-18.15461762965136,-11.074246070012508,-16.742161437714337
1_1_1_1_1_1_1_1_1_2_256_0_1_1_1_1_1_1_1_1_1_2_256_0,0.2838,0.2533,0.1995,0.1963,0.0673,0.0719,0.0866,0.0974,0.1018,0.106,0.243,0.2502,4,4,-0.5323974,-0.4445395,0.07744875,0.006156902,0.40951276,0.40482876,-0.47451457,-0.43958575,21.278439050703312,79.23630387764024,1256.0,Nagpur,3,"{""type"":""MultiPoint"",""coordinates"":[]}",-10.49690735003415,-16.216861755543086,-10.38586619171886,-15.766124530460939
1_1_1_1_1_1_1_1_1_2_257_0_1_1_1_1_1_1_1_1_1_2_257_0,0.2728,0.32895,0.1825,0.23785,0.0578,0.0644,0.0733,0.08345,0.1028,0.1142,0.20395,0.2156,5,5,-0.576423,-0.59529585,0.14441532,0.20815352,0.32974735,0.30745906,-0.47123533,-0.44189936,20.987295067120176,79.08008684973186,1257.0,Nagpur,3,"{""type"":""MultiPoint"",""coordinates"":[]}",-11.934533580689921,-17.233581800005805,-8.471418404624167,-15.143934763970663
1_1_1_1_1_1_1_1_1_2_258_0_1_1_1_1_1_1_1_1_1_2_258_0,0.2373,0.226,0.15845,0.1613,0.0593,0.0502,0.07645,0.068,0.0972,0.0842,0.2179,0.1744,4,1,-0.5126693,-0.53741497,0.04261863,0.12887113,0.383053,0.34880123,-0.48055038,-0.4389439,20.98558826808035,78.98100267389349,1258.0,Nagpur,3,"{""type"":""MultiPoint"",""coordinates"":[]}",-9.815445698493955,-16.613122374339692,-10.274352016917023,-16.71565537633096
1_1_1_1_1_1_1_1_1_2_259_0_1_1_1_1_1_1_1_1_1_2_259_0,0.2203,0.2453,0.1478,0.1719,0.0501,0.0624,0.073,0.0808,0.0866,0.0916,0.2221,0.2082,1,1,-0.50221616,-0.5044465,-0.004068716,0.08180816,0.4389375,0.38892594,-0.5052525,-0.44083044,20.95306925479522,79.18375243351926,1259.0,Nagpur,3,"{""type"":""MultiPoint"",""coordinates"":[]}",-9.558687332345944,-16.561048718264676,-8.129514106834382,-15.145647539263248
1_1_1_1_1_1_1_1_1_2_260_0_1_1_1_1_1_1_1_1_1_2_260_0,0.2367,0.21785,0.156,0.15945,0.0592,0.0602,0.0756,0.0787,0.0977,0.0855,0.2534,0.1969,4,4,-0.5158501,-0.46922946,-0.03407468,0.05051236,0.44346341,0.3944759,-0.54042554,-0.42888245,20.954596390778224,78.98181115764919,1260.0,Nagpur,3,"{""type"":""MultiPoint"",""coordinates"":[]}",-10.216627233952877,-17.28095459060269,-8.847498470885842,-17.83739863264815
1_1_1_1_1_1_1_1_1_2_261_0_1_1_1_1_1_1_1_1_1_2_261_0,0.1767,0.2014,0.1154,0.1405,0.0508,0.0691,0.0776,0.0943,0.0733,0.0988,0.2562,0.2042,4,4,-0.3896972,-0.3621914,-0.18364519,-0.006903353,0.55508345,0.3478548,-0.5350509,-0.3681742,21.026461613507784,79.19102878732062,1261.0,Nagpur,3,"{""type"":""MultiPoint"",""coordinates"":[]}",-9.806913282663277,-17.694720719357008,-8.777439016789948,-17.77297636081741
1_1_1_1_1_1_1_1_1_2_262_0_1_1_1_1_1_1_1_1_1_2_262_0,0.24,0.2454,0.2043,0.2079,0.0598,0.0612,0.067,0.0727,0.0855,0.0804,0.1538,0.1804,5,5,-0.5635179,-0.54291105,0.21889284,0.15265383,0.2854158,0.38343558,-0.39311594,-0.42552352,21.27673225166349,79.20243739142894,1262.0,Nagpur,3,"{""type"":""MultiPoint"",""coordinates"":[]}",-10.501589970766908,-17.408107858551737,-10.322895750290852,-16.366876424150533
1_1_1_1_1_1_1_1_1_2_263_0_1_1_1_1_1_1_1_1_1_2_263_0,0.2434,0.2356,0.1836,0.1708,0.0664,0.0722,0.0859,0.095,0.1055,0.1154,0.1966,0.2154,6,6,-0.47828728,-0.42528737,0.10636364,0.044789355,0.30155578,0.30229747,-0.3918584,-0.38788658,21.10209976043065,78.97192968952388,1263.0,Nagpur,3,"{""type"":""MultiPoint"",""coordinates"":[]}",-12.049364942514426,-17.955869067240457,-8.638189029502954,-15.645446338119704
1_1_1_1_1_1_1_1_1_2_264_0_1_1_1_1_1_1_1_1_1_2_264_0,0.2039,0.1565,0.0966,0.1012,0.0518,0.0478,0.0798,0.0689,0.0565,0.0679,0.4709,0.2074,4,1,-0.4374339,-0.3886424,-0.3956728,-0.1398736,0.7857414,0.50671995,-0.710187,-0.5012667,21.011190253677757,79.26738558647078,1264.0,Nagpur,3,"{""type"":""MultiPoint"",""coordinates"":[]}",-11.149597560730538,-19.37115665186543,-10.054792022016489,-18.602993023015717
1_1_1_1_1_1_1_1_1_2_265_0_1_1_1_1_1_1_1_1_1_2_265_0,0.3465,0.3096,0.2562,0.2462,0.0875,0.0647,0.1182,0.0848,0.1698,0.1166,0.263,0.2066,4,5,-0.4912847,-0.5699797,0.13699754,0.19953506,0.21534196,0.27846536,-0.3798531,-0.41798216,20.96950842449461,79.03409310718494,1265.0,Nagpur,3,"{""type"":""MultiPoint"",""coordinates"":[]}",-12.955148490430128,-21.256035805740158,-12.869382977406325,-18.446090115942088
1_1_1_1_1_1_1_1_1_2_266_0_1_1_1_1_1_1_1_1_1_2_266_0,0.2242,0.22815,0.1806,0.1797,0.05735,0.06765,0.07895,0.08875,0.0751,0.0838,0.255,0.2434,6,6,-0.47913575,-0.4398864,-0.06427379,-0.032340154,0.54498637,0.48777506,-0.5271747,-0.4656029,21.26271853323122,79.16623528547892,1266.0,Nagpur,3,"{""type"":""MultiPoint"",""coordinates"":[]}",-9.73196438063622,-15.144682102610634,-8.31365405431981,-15.583231708993402
1_1_1_1_1_1_1_1_1_2_267_0_1_1_1_1_1_1_1_1_1_2_267_0,0.29735,0.2908,0.24305,0.23145,0.1183,0.1346,0.1542,0.1719,0.1907,0.1845,0.2724,0.2701,6,6,-0.31701916,-0.25696996,0.043791138,0.036904976,0.17641978,0.1882974,-0.27707455,-0.22217195,21.17342599398974,79.14961645272271,1267.0,Nagpur,3,"{""type"":""MultiPoint"",""coordinates"":[]}",-10.707882830227856,-18.228243778992322,-8.813898466146561,-16.769641452088393
1_1_1_1_1_1_1_1_1_2_268_0_1_1_1_1_1_1_1_1_1_2_268_0,0.2852,0.3006,0.2201,0.28065,0.08205,0.136,0.1129,0.1593,0.1483,0.174,0.2521,0.232,4,6,-0.43280584,-0.3072407,0.061604317,0.1288021,0.25924075,0.14285715,-0.38136986,-0.18579096,21.26640162589611,79.14871813743859,1268.0,Nagpur,3,"{""type"":""MultiPoint"",""coordinates"":[]}",-12.779614850943766,-19.080466202872557,-10.73463499634524,-16.98613015336319
1_1_1_1_1_1_1_1_1_2_269_0_1_1_1_1_1_1_1_1_1_2_269_0,0.1898,0.2424,0.124,0.163,0.0554,0.0607,0.0778,0.0824,0.1007,0.0835,0.2544,0.243,4,4,-0.4185351,-0.49261084,-0.14542998,-0.0012360939,0.43283582,0.48851454,-0.53160745,-0.4935464,21.128689892840587,79.27762638070975,1269.0,Nagpur,3,"{""type"":""MultiPoint"",""coordinates"":[]}",-12.509509496063298,-21.602999032880437,-10.186391298306457,-15.670943456051452
1_1_1_1_1_1_1_1_1_2_270_0_1_1_1_1_1_1_1_1_1_2_270_0,0.2363,0.2252,0.1651,0.1466,0.0547,0.0548,0.0668,0.0652,0.0891,0.0824,0.1896,0.1744,1,1,-0.5592214,-0.5509642,0.10965015,0.12712713,0.3606028,0.35825545,-0.47893915,-0.45575958,20.98720523559176,79.1855490640875,1270.0,Nagpur,3,"{""type"":""MultiPoint"",""coordinates"":[]}",-9.913710328294572,-15.68145387719991,-8.177609935569027,-14.032906307993901
1_1_1_1_1_1_1_1_1_2_271_0_1_1_1_1_1_1_1_1_1_2_271_0,0.1955,0.1908,0.1711,0.1685,0.1054,0.0976,0.13,0.1186,0.1496,0.1318,0.1742,0.16,7,7,-0.20122887,-0.23335488,0.05761428,0.08779932,0.075972825,0.09664153,-0.14529915,-0.14860015,21.01271738966076,79.20117975003117,1271.0,Nagpur,3,"{""type"":""MultiPoint"",""coordinates"":[]}",-8.433385867446098,-15.409038094849079,-7.197305005415008,-16.594045027449738
1_1_1_1_1_1_1_1_1_2_272_0_1_1_1_1_1_1_1_1_1_2_272_0,0.2138,0.2168,0.1571,0.152,0.063,0.0664,0.0766,0.0889,0.0942,0.1,0.2001,0.2134,4,4,-0.47245178,-0.41838405,0.03309978,0.007903301,0.3598369,0.3618379,-0.44633177,-0.41184255,21.0205327326326,79.17845237334295,1272.0,Nagpur,3,"{""type"":""MultiPoint"",""coordinates"":[]}",-11.441239351451243,-17.81681303013079,-9.738132320112074,-17.0324710444898
1_1_1_1_1_1_1_1_1_2_273_0_1_1_1_1_1_1_1_1_1_2_273_0,0.18115,0.2072,0.1067,0.1244,0.0456,0.0587,0.0664,0.0866,0.06645,0.0872,0.2518,0.2856,4,4,-0.46354273,-0.41048333,-0.16318281,-0.1590909,0.5824038,0.53218883,-0.58265245,-0.5346588,21.244931890605653,78.97076187965452,1273.0,Nagpur,3,"{""type"":""MultiPoint"",""coordinates"":[]}",-10.935448136916527,-17.872651880109775,-8.559547600564887,-17.605845028537882
1_1_1_1_1_1_1_1_1_2_274_0_1_1_1_1_1_1_1_1_1_2_274_0,0.2233,0.1833,0.1658,0.1222,0.0826,0.0582,0.1026,0.0852,0.1322,0.078,0.2204,0.233,4,4,-0.370359,-0.36536312,0.006535948,-0.119385056,0.2501418,0.49839228,-0.3647059,-0.46448773,21.07964187832766,79.22121218086704,1274.0,Nagpur,3,"{""type"":""MultiPoint"",""coordinates"":[]}",-10.860387368942558,-18.55348310862435,-11.307590922467037,-17.91370713509618
1_1_1_1_1_1_1_1_1_2_275_0_1_1_1_1_1_1_1_1_1_2_275_0,0.213,0.1938,0.1256,0.1295,0.0585,0.0618,0.088,0.0809,0.074,0.0805,0.3603,0.2324,4,4,-0.4152824,-0.4109938,-0.25693354,-0.090567805,0.6592217,0.4854586,-0.6074058,-0.48356208,21.151686764114046,79.24367006297003,1275.0,Nagpur,3,"{""type"":""MultiPoint"",""coordinates"":[]}",-10.643486943022676,-18.425219819241484,-10.52819247633946,-17.561674689046882
1_1_1_1_1_1_1_1_1_2_276_0_1_1_1_1_1_1_1_1_1_2_276_0,0.2148,0.2265,0.1311,0.1468,0.0594,0.0688,0.0868,0.0924,0.0992,0.1094,0.3387,0.2438,4,4,-0.4244032,-0.420508,-0.22384824,-0.036785033,0.5469285,0.38052094,-0.5920094,-0.4503272,21.03975667971276,79.2434903999132,1276.0,Nagpur,3,"{""type"":""MultiPoint"",""coordinates"":[]}",-10.630940891660586,-18.327800735835066,-9.682101789762047,-18.683553864406957
1_1_1_1_1_1_1_1_1_2_277_0_1_1_1_1_1_1_1_1_1_2_277_0,0.2263,0.2341,0.1477,0.1824,0.0711,0.0975,0.0939,0.1232,0.1324,0.1338,0.2623,0.2294,4,6,-0.41349158,-0.31038344,-0.0736799,0.010140237,0.3291107,0.26321587,-0.4727681,-0.30119115,20.98999001297253,79.20728829396319,1277.0,Nagpur,3,"{""type"":""MultiPoint"",""coordinates"":[]}",-11.331315404457392,-20.595312795170862,-9.47807400493643,-16.121512536698617
1_1_1_1_1_1_1_1_1_2_278_0_1_1_1_1_1_1_1_1_1_2_278_0,0.3153,0.2644,0.2396,0.2038,0.0824,0.055,0.1138,0.0822,0.155,0.1088,0.2564,0.1772,4,4,-0.4695875,-0.52567804,0.10302606,0.19746377,0.24647544,0.23916084,-0.3851972,-0.36622977,20.96618465794337,79.03795586290666,1278.0,Nagpur,3,"{""type"":""MultiPoint"",""coordinates"":[]}",-11.77836069579952,-20.39747320302153,-10.174513528774582,-18.55079782120715
1_1_1_1_1_1_1_1_1_2_279_0_1_1_1_1_1_1_1_1_1_2_279_0,0.27275,0.25395,0.197,0.19325,0.0725,0.06495,0.0972,0.0843,0.133,0.1007,0.23585,0.214,4,5,-0.47452357,-0.5015521,0.07255211,0.085372366,0.27883965,0.36002544,-0.41630387,-0.4347972,20.969238929909373,79.08610556213546,1279.0,Nagpur,3,"{""type"":""MultiPoint"",""coordinates"":[]}",-11.578030891696603,-19.15257777365567,-8.93875846472577,-16.096144437280348
1_1_1_1_1_1_1_1_1_2_280_0_1_1_1_1_1_1_1_1_1_2_280_0,0.20765,0.1894,0.19005,0.1501,0.1066,0.086,0.1288,0.1081,0.1493,0.1127,0.1925,0.2152,6,6,-0.23435874,-0.2732773,0.037860803,-0.06376668,0.1263897,0.3125953,-0.19825707,-0.33127126,21.118449098601623,79.13281795690968,1280.0,Nagpur,3,"{""type"":""MultiPoint"",""coordinates"":[]}",-7.779649372677422,-14.452350135818609,-8.342753242032373,-13.628362708496056
1_1_1_1_1_1_1_1_1_2_281_0_1_1_1_1_1_1_1_1_1_2_281_0,0.3214,0.272,0.2546,0.2185,0.0933,0.07465,0.1248,0.0995,0.172,0.1185,0.2612,0.197,6,6,-0.4406096,-0.46433377,0.1033299,0.15991472,0.2059095,0.24881141,-0.35336787,-0.3288364,21.09069115632233,79.01531831774685,1281.0,Nagpur,3,"{""type"":""MultiPoint"",""coordinates"":[]}",-13.120651559090762,-19.99703231427308,-10.705914242282509,-17.60664962841267
1_1_1_1_1_1_1_1_1_2_282_0_1_1_1_1_1_1_1_1_1_2_282_0,0.2181,0.2882,0.22745,0.286,0.0855,0.107,0.1007,0.1144,0.1181,0.1234,0.1581,0.1956,6,6,-0.36825597,-0.431694,0.15948963,0.1914014,0.1448226,0.22633229,-0.22179289,-0.26193547,21.102369255015883,78.98243997834807,1282.0,Nagpur,3,"{""type"":""MultiPoint"",""coordinates"":[]}",-6.147732854883086,-15.465195013313389,-6.286931449295992,-16.61370394409253
1_1_1_1_1_1_1_1_1_2_283_0_1_1_1_1_1_1_1_1_1_2_283_0,0.2034,0.25725,0.1777,0.2099,0.06845,0.0763,0.08935,0.0961,0.1156,0.12,0.1506,0.1903,4,4,-0.38958156,-0.4560634,0.14915255,0.14959222,0.13148008,0.22655495,-0.2552615,-0.32891062,21.085930085316495,79.13048233717096,1283.0,Nagpur,3,"{""type"":""MultiPoint"",""coordinates"":[]}",-9.852520508246492,-18.69554271867337,-11.898030580754423,-17.903116367210906
1_1_1_1_1_1_1_1_1_2_284_0_1_1_1_1_1_1_1_1_1_2_284_0,0.21205,0.2138,0.143,0.1532,0.0483,0.0518,0.06565,0.066,0.069,0.078,0.1659,0.161,1,1,-0.5271876,-0.5282345,0.1221061,0.14087513,0.41251597,0.34728032,-0.43295184,-0.4185022,21.18267864141617,79.01900141041173,1284.0,Nagpur,3,"{""type"":""MultiPoint"",""coordinates"":[]}",-8.536842373315787,-14.411558758680398,-8.38092043418747,-14.2303699448147
1_1_1_1_1_1_1_1_1_2_285_0_1_1_1_1_1_1_1_1_1_2_285_0,0.2241,0.2856,0.1982,0.2784,0.1074,0.1506,0.136,0.1566,0.1596,0.1718,0.2126,0.1948,7,7,-0.24465427,-0.2917232,0.026333869,0.18900916,0.14239655,0.06273868,-0.21973608,-0.108708024,21.26370668004375,79.18599822172955,1285.0,Nagpur,3,"{""type"":""MultiPoint"",""coordinates"":[]}",-11.555596358835372,-18.38230405598874,-10.326253924981465,-21.42039522720257
1_1_1_1_1_1_1_1_1_2_286_0_1_1_1_1_1_1_1_1_1_2_286_0,0.25435,0.233,0.17725,0.1735,0.05645,0.0583,0.07975,0.0751,0.10205,0.0862,0.2339,0.2004,4,5,-0.522598,-0.51249593,0.04188428,0.0752192,0.3924691,0.39846477,-0.49147138,-0.45480943,21.274755958038423,78.97192968952388,1286.0,Nagpur,3,"{""type"":""MultiPoint"",""coordinates"":[]}",-9.680361481782498,-17.456772090736937,-9.5201653623043,-16.471877778059287
1_1_1_1_1_1_1_1_1_2_287_0_1_1_1_1_1_1_1_1_1_2_287_0,0.2722,0.26445,0.2124,0.219,0.0931,0.1257,0.1199,0.1508,0.1467,0.173,0.2292,0.2143,6,6,-0.38842133,-0.27369055,0.08575987,0.10475196,0.21947326,0.10663568,-0.3130908,-0.17392495,21.07586895413436,79.09077680161289,1287.0,Nagpur,3,"{""type"":""MultiPoint"",""coordinates"":[]}",-9.219506723037172,-17.025590488744626,-8.41741352533174,-16.60402028081184
1_1_1_1_1_1_1_1_1_2_288_0_1_1_1_1_1_1_1_1_1_2_288_0,0.1828,0.1716,0.1083,0.0974,0.0469,0.0492,0.061,0.0736,0.065,0.0646,0.2394,0.3068,4,4,-0.49958983,-0.39967373,-0.13405968,-0.2826087,0.57293034,0.6521271,-0.5938748,-0.6130389,21.013166547302816,78.98854852228008,1288.0,Nagpur,3,"{""type"":""MultiPoint"",""coordinates"":[]}",-9.041617449163112,-15.468059776980178,-10.281341095340705,-17.72119059111567
1_1_1_1_1_1_1_1_1_2_289_0_1_1_1_1_1_1_1_1_1_2_289_0,0.2141,0.2073,0.1509,0.1514,0.05485,0.0521,0.07005,0.0667,0.0858,0.08125,0.16,0.149,1,1,-0.50695056,-0.5131387,0.14461374,0.16362616,0.30187145,0.2942454,-0.39100197,-0.38154843,21.19139229967213,79.02510995434375,1289.0,Nagpur,3,"{""type"":""MultiPoint"",""coordinates"":[]}",-9.244633613582225,-15.610921932568207,-8.24446276338459,-14.166750234421372
1_1_1_1_1_1_1_1_1_2_290_0_1_1_1_1_1_1_1_1_1_2_290_0,0.2076,0.21955,0.14235,0.1414,0.0507,0.0476,0.0611,0.0599,0.07345,0.0711,0.1748,0.1734,1,1,-0.5452177,-0.57130075,0.08577406,0.11744497,0.4082578,0.4184049,-0.4819839,-0.48649806,20.9731915171595,79.14979611577954,1290.0,Nagpur,3,"{""type"":""MultiPoint"",""coordinates"":[]}",-7.8132484043619135,-13.67601847642479,-7.870657524375071,-14.47800666255812
1_1_1_1_1_1_1_1_1_2_291_0_1_1_1_1_1_1_1_1_1_2_291_0,0.21285,0.2528,0.15955,0.2005,0.0805,0.0955,0.1005,0.11,0.1037,0.1202,0.2313,0.2266,6,6,-0.35854477,-0.3936053,-0.04154002,0.054651648,0.38089553,0.30680507,-0.39421338,-0.34640524,21.0656281598954,78.96177872681332,1291.0,Nagpur,3,"{""type"":""MultiPoint"",""coordinates"":[]}",-10.54723716867166,-16.564926798240837,-8.066314113132742,-13.5269750270704
1_1_1_1_1_1_1_1_1_2_292_0_1_1_1_1_1_1_1_1_1_2_292_0,0.26295,0.2552,0.183,0.1972,0.059,0.0749,0.08355,0.0998,0.1065,0.1154,0.2188,0.21,4,4,-0.5177489,-0.43774647,0.09164505,0.09716251,0.3452198,0.29071912,-0.44732925,-0.35571337,21.27197118065765,79.03876434666236,1292.0,Nagpur,3,"{""type"":""MultiPoint"",""coordinates"":[]}",-10.654627444135631,-19.04806956432242,-12.056980072636838,-19.079249186592627
1_1_1_1_1_1_1_1_1_2_293_0_1_1_1_1_1_1_1_1_1_2_293_0,0.2355,0.29985,0.19475,0.23395,0.077,0.08545,0.09755,0.1078,0.1286,0.1326,0.17305,0.2201,4,4,-0.41420206,-0.47111493,0.15285766,0.15338013,0.14735621,0.2480862,-0.2790096,-0.34248248,21.023676836127017,79.11646861873871,1293.0,Nagpur,3,"{""type"":""MultiPoint"",""coordinates"":[]}",-11.205554244271225,-18.66933291510814,-10.834797947009392,-20.618444504052565
1_1_1_1_1_1_1_1_1_2_294_0_1_1_1_1_1_1_1_1_1_2_294_0,0.2025,0.2323,0.1437,0.1645,0.0638,0.0748,0.0821,0.1032,0.0988,0.122,0.2595,0.2148,4,4,-0.4230499,-0.3847988,-0.12337662,0.039141133,0.44850683,0.27553445,-0.51932085,-0.3509434,21.179354874864927,79.17773372111566,1294.0,Nagpur,3,"{""type"":""MultiPoint"",""coordinates"":[]}",-11.59828670770125,-21.597110812481933,-11.72234784839687,-17.632261994674487
1_1_1_1_1_1_1_1_1_2_295_0_1_1_1_1_1_1_1_1_1_2_295_0,0.2944,0.2493,0.196,0.1536,0.0538,0.0522,0.073,0.0703,0.0776,0.0666,0.2366,0.2416,4,4,-0.602613,-0.5600751,0.108851224,0.015685476,0.5060471,0.5678131,-0.5284238,-0.5492145,21.1738751516318,79.22525459964558,1295.0,Nagpur,3,"{""type"":""MultiPoint"",""coordinates"":[]}",-10.277016826435968,-15.799573375375369,-9.161579899786807,-15.301299414445253
1_1_1_1_1_1_1_1_1_2_296_0_1_1_1_1_1_1_1_1_1_2_296_0,0.2844,0.27065,0.22145,0.20525,0.09565,0.0925,0.1205,0.117,0.1412,0.1311,0.2171,0.2281,6,6,-0.4047913,-0.3963627,0.13419741,0.08531328,0.21183366,0.27004454,-0.28613743,-0.32193568,21.090331830208683,79.14296891962023,1296.0,Nagpur,3,"{""type"":""MultiPoint"",""coordinates"":[]}",-8.942800961385192,-14.959507394743172,-11.034904118697433,-15.519825887754248
1_1_1_1_1_1_1_1_1_2_297_0_1_1_1_1_1_1_1_1_1_2_297_0,0.2424,0.2284,0.1733,0.1626,0.0622,0.0669,0.0811,0.0924,0.1046,0.0916,0.2378,0.2208,4,4,-0.49860898,-0.42394015,0.009579342,0.016918967,0.38901868,0.41357234,-0.4913766,-0.4099617,21.027809086433965,79.21501380540661,1297.0,Nagpur,3,"{""type"":""MultiPoint"",""coordinates"":[]}",-9.998925800458862,-17.21858954285918,-10.298833521712126,-16.62993992089348
1_1_1_1_1_1_1_1_1_2_298_0_1_1_1_1_1_1_1_1_1_2_298_0,0.2474,0.2389,0.2048,0.1804,0.0932,0.0912,0.1106,0.1114,0.1382,0.1266,0.1952,0.1992,6,6,-0.3821229,-0.36397374,0.11793945,0.09061858,0.1709658,0.22283609,-0.2766514,-0.2826787,21.019993743462123,79.00157409389982,1298.0,Nagpur,3,"{""type"":""MultiPoint"",""coordinates"":[]}",-3.3055893841992035,-14.583636632450126,-5.3491778442060065,-16.52069852038124
1_1_1_1_1_1_1_1_1_2_299_0_1_1_1_1_1_1_1_1_1_2_299_0,0.2261,0.2218,0.2027,0.2005,0.1004,0.1226,0.124,0.1168,0.1448,0.1338,0.2264,0.2276,6,6,-0.29163095,-0.3101004,-0.00066298345,-0.012906097,0.21982759,0.25954622,-0.29223743,-0.32171893,21.151507101057224,78.98989599520627,1299.0,Nagpur,3,"{""type"":""MultiPoint"",""coordinates"":[]}",-2.7581012330750845,-16.367494978288445,-3.478213473729339,-16.627110145777863
1_1_1_1_1_1_1_1_1_2_300_0_1_1_1_1_1_1_1_1_1_2_300_0,0.3048,0.3018,0.2348,0.3012,0.08445,0.1872,0.1101,0.2237,0.1455,0.2569,0.2323,0.2804,4,7,-0.4692697,-0.14862037,0.13498418,0.036757126,0.22975118,0.043737203,-0.35689253,-0.11247768,21.225348617411846,79.08772252964688,1300.0,Nagpur,3,"{""type"":""MultiPoint"",""coordinates"":[]}",-11.927553354353597,-18.3323052346069,-11.854293402087565,-21.71845946878511
1_1_1_1_1_1_1_1_1_2_301_0_1_1_1_1_1_1_1_1_1_2_301_0,0.23545,0.24845,0.17055,0.1862,0.0607,0.0641,0.07895,0.08065,0.1083,0.1027,0.19895,0.199,4,4,-0.49777353,-0.5098754,0.08402394,0.11051514,0.2950366,0.31919125,-0.43181,-0.42320758,20.97516781078456,79.08700387741958,1301.0,Nagpur,3,"{""type"":""MultiPoint"",""coordinates"":[]}",-11.761314262287186,-18.705482568871435,-10.529003056082429,-16.782875551079822
1_1_1_1_1_1_1_1_1_2_302_0_1_1_1_1_1_1_1_1_1_2_302_0,0.1982,0.2881,0.1628,0.2056,0.0758,0.075,0.0968,0.101,0.1268,0.1108,0.1912,0.2236,4,6,-0.3437288,-0.48085326,0.017976373,0.12605043,0.20251572,0.33732057,-0.32777777,-0.37769562,21.020802227217832,79.18393209657607,1302.0,Nagpur,3,"{""type"":""MultiPoint"",""coordinates"":[]}",-10.476944254169403,-17.177028231598882,-9.825307915338593,-16.395805645358056
1_1_1_1_1_1_1_1_1_2_303_0_1_1_1_1_1_1_1_1_1_2_303_0,0.3089,0.2886,0.246,0.2492,0.0975,0.081,0.1261,0.0964,0.1756,0.1302,0.249,0.1782,4,4,-0.42022988,-0.4992208,0.10736691,0.23650385,0.17286858,0.15564202,-0.32764596,-0.29788783,21.16974290132485,78.96079058000079,1303.0,Nagpur,3,"{""type"":""MultiPoint"",""coordinates"":[]}",-16.065431650757954,-24.318462953972745,-12.803433736398183,-21.898388134626288
1_1_1_1_1_1_1_1_1_2_304_0_1_1_1_1_1_1_1_1_1_2_304_0,0.1688,0.1701,0.104,0.1083,0.0428,0.0372,0.0615,0.0504,0.0516,0.0467,0.199,0.1822,1,1,-0.465914,-0.54285717,-0.08210984,-0.034345727,0.58818835,0.59196156,-0.5278311,-0.566638,21.075779122605947,79.04936446701497,1304.0,Nagpur,3,"{""type"":""MultiPoint"",""coordinates"":[]}",-7.589650045924356,-12.469915477197054,-7.845082510034606,-13.417512941454433
1_1_1_1_1_1_1_1_1_2_305_0_1_1_1_1_1_1_1_1_1_2_305_0,0.22265,0.2046,0.2221,0.1865,0.0955,0.0814,0.1084,0.0844,0.1296,0.0918,0.1645,0.1394,6,6,-0.34511402,-0.41591695,0.15020019,0.18953489,0.11866712,0.20588236,-0.2055698,-0.24575514,21.11386769065261,79.00085544167251,1305.0,Nagpur,3,"{""type"":""MultiPoint"",""coordinates"":[]}",-5.6436662789129945,-6.521548756420504,-4.563759493801361,-8.968662499006992
1_1_1_1_1_1_1_1_1_2_306_0_1_1_1_1_1_1_1_1_1_2_306_0,0.1829,0.1976,0.1473,0.1323,0.061,0.0628,0.0822,0.0858,0.093,0.0875,0.1672,0.2336,4,4,-0.37985665,-0.39449543,0.04484433,-0.08348794,0.28516525,0.45499843,-0.34081796,-0.46274266,21.15590884594941,79.28544172368159,1306.0,Nagpur,3,"{""type"":""MultiPoint"",""coordinates"":[]}",-11.887226436463362,-19.491200675466086,-10.00847128566795,-17.823269552504367
1_1_1_1_1_1_1_1_1_2_307_0_1_1_1_1_1_1_1_1_1_2_307_0,0.2319,0.239,0.159,0.2012,0.0534,0.0778,0.0662,0.102,0.0836,0.1178,0.1986,0.186,4,5,-0.5558537,-0.40175954,0.07735191,0.12470588,0.4075124,0.2244898,-0.5,-0.29166666,21.16147840071095,79.2126781856679,1307.0,Nagpur,3,"{""type"":""MultiPoint"",""coordinates"":[]}",-9.986440375684849,-16.138149457112572,-11.061356030486255,-18.98731052243213
1_1_1_1_1_1_1_1_1_2_308_0_1_1_1_1_1_1_1_1_1_2_308_0,0.1939,0.2488,0.1118,0.1732,0.0538,0.0634,0.0778,0.0722,0.0678,0.0864,0.3202,0.2008,4,4,-0.42730954,-0.55015576,-0.24567205,0.10676157,0.65051544,0.3983287,-0.6090452,-0.47106227,21.104525211697773,79.29038245774424,1308.0,Nagpur,3,"{""type"":""MultiPoint"",""coordinates"":[]}",-8.999356162747207,-17.710699404172793,-9.714632375608653,-17.888236939169126
1_1_1_1_1_1_1_1_1_2_309_0_1_1_1_1_1_1_1_1_1_2_309_0,0.25245,0.24485,0.18555,0.18475,0.0685,0.0661,0.0842,0.0842,0.1096,0.0986,0.198,0.1911,4,6,-0.49977723,-0.48822367,0.12087912,0.12329396,0.2873862,0.31929582,-0.4032601,-0.38830367,21.069670578673936,79.09967012292567,1309.0,Nagpur,3,"{""type"":""MultiPoint"",""coordinates"":[]}",-10.728567259332692,-15.568866932773819,-11.085219034743803,-17.0772250371262
1_1_1_1_1_1_1_1_1_2_310_0_1_1_1_1_1_1_1_1_1_2_310_0,0.24195,0.2376,0.15525,0.1781,0.0539,0.0619,0.0757,0.0742,0.0914,0.0983,0.26,0.177,2,4,-0.5233748,-0.5240539,-0.035959758,0.14616498,0.4797951,0.28586996,-0.5490021,-0.40923566,21.293710410533343,78.98199082070602,1310.0,Nagpur,3,"{""type"":""MultiPoint"",""coordinates"":[]}",-9.84122696951135,-17.808450724711435,-10.445299857019135,-17.687441533949542
1_1_1_1_1_1_1_1_1_2_311_0_1_1_1_1_1_1_1_1_1_2_311_0,0.284,0.26115,0.20445,0.21145,0.06005,0.0703,0.07985,0.0948,0.1023,0.1067,0.2196,0.20675,4,6,-0.56108284,-0.46734092,0.12787926,0.11626416,0.36439887,0.31918967,-0.46668893,-0.37124854,21.26676095200976,79.15680297499567,1311.0,Nagpur,3,"{""type"":""MultiPoint"",""coordinates"":[]}",-9.232027052309066,-14.962413229166678,-8.517422016923732,-15.566439964950758
1_1_1_1_1_1_1_1_1_2_312_0_1_1_1_1_1_1_1_1_1_2_312_0,0.2117,0.214,0.1703,0.18045,0.0718,0.09065,0.0915,0.1169,0.111,0.1354,0.2054,0.2301,6,6,-0.396438,-0.29344213,0.015104292,-0.036253095,0.2983565,0.25909713,-0.38363084,-0.32622477,21.18761937547883,79.04927463548657,1312.0,Nagpur,3,"{""type"":""MultiPoint"",""coordinates"":[]}",-10.719272447445714,-17.367820126624924,-9.564360381769326,-17.367129165427983
1_1_1_1_1_1_1_1_1_2_313_0_1_1_1_1_1_1_1_1_1_2_313_0,0.3094,0.2675,0.2194,0.1903,0.0814,0.0584,0.1092,0.0799,0.1492,0.0982,0.2796,0.2324,4,4,-0.47826087,-0.5400115,0.05059423,0.07021404,0.30410448,0.4059286,-0.4382716,-0.4883125,21.020712395689426,79.01298269800813,1313.0,Nagpur,3,"{""type"":""MultiPoint"",""coordinates"":[]}",-10.920325280965377,-17.40444575340249,-10.135337881047978,-15.332554968458814
1_1_1_1_1_1_1_1_1_2_314_0_1_1_1_1_1_1_1_1_1_2_314_0,0.22745,0.24105,0.1721,0.1924,0.0756,0.1408,0.0969,0.1425,0.1188,0.1426,0.2042,0.2463,6,6,-0.4024973,-0.25694174,0.053863082,-0.010772546,0.26439628,0.2666495,-0.35636002,-0.2669753,21.163095368222365,79.02349298683234,1314.0,Nagpur,3,"{""type"":""MultiPoint"",""coordinates"":[]}",-8.920713590072445,-16.42317443927593,-8.535688326593661,-14.180472941831155
1_1_1_1_1_1_1_1_1_2_315_0_1_1_1_1_1_1_1_1_1_2_315_0,0.2132,0.2009,0.1363,0.1272,0.0547,0.0572,0.0704,0.0827,0.0828,0.0762,0.2315,0.2707,4,4,-0.5035261,-0.4167842,-0.041151337,-0.14800678,0.47311485,0.5606803,-0.5336204,-0.5319751,21.141984959045555,79.29981476822749,1315.0,Nagpur,3,"{""type"":""MultiPoint"",""coordinates"":[]}",-9.414910839572821,-15.834344668807747,-9.615095735528008,-16.385761834546685
1_1_1_1_1_1_1_1_1_2_316_0_1_1_1_1_1_1_1_1_1_2_316_0,0.2742,0.2248,0.1921,0.178,0.0653,0.0604,0.0872,0.0746,0.1316,0.0962,0.2272,0.1628,4,4,-0.5174322,-0.50167,0.093737535,0.15995872,0.2664437,0.25714287,-0.44529262,-0.37152484,20.96187274457959,79.26873305939696,1316.0,Nagpur,3,"{""type"":""MultiPoint"",""coordinates"":[]}",-10.28903410583684,-19.99221984279286,-10.018524231856805,-20.092281929069994
1_1_1_1_1_1_1_1_1_2_317_0_1_1_1_1_1_1_1_1_1_2_317_0,0.24205,0.2096,0.1669,0.1294,0.05485,0.0491,0.07225,0.0682,0.076,0.05855,0.2406,0.2641,5,1,-0.54024816,-0.5089993,0.0030042473,-0.115051724,0.51989895,0.63706803,-0.5381173,-0.58952755,21.262179544060743,79.11278552607381,1317.0,Nagpur,3,"{""type"":""MultiPoint"",""coordinates"":[]}",-9.50553903726673,-15.195279411557507,-7.935250166956706,-12.805556894807493
1_1_1_1_1_1_1_1_1_2_318_0_1_1_1_1_1_1_1_1_1_2_318_0,0.2032,0.22265,0.1793,0.1884,0.107,0.1503,0.1296,0.1779,0.1532,0.1875,0.2086,0.2582,6,6,-0.22115384,-0.11172138,-0.013113162,-0.07393158,0.15312327,0.15862688,-0.23358959,-0.18413208,21.17621077137051,79.04568137435008,1318.0,Nagpur,3,"{""type"":""MultiPoint"",""coordinates"":[]}",-2.7030312461036656,-16.67597044743205,-5.878118499535302,-13.977926147149539
1_1_1_1_1_1_1_1_1_2_319_0_1_1_1_1_1_1_1_1_1_2_319_0,0.25745,0.20425,0.18495,0.15005,0.0613,0.0605,0.0779,0.0701,0.0995,0.09275,0.1691,0.1691,4,5,-0.53541076,-0.48897395,0.20712695,0.094147585,0.25912136,0.29157916,-0.36923078,-0.4138796,21.1776480758251,79.02915237312229,1319.0,Nagpur,3,"{""type"":""MultiPoint"",""coordinates"":[]}",-9.473429881686137,-15.695987263544541,-8.875188919989284,-14.785073053748615
1_1_1_1_1_1_1_1_1_2_320_0_1_1_1_1_1_1_1_1_1_2_320_0,0.2877,0.2715,0.2187,0.2013,0.0756,0.0678,0.0965,0.0838,0.1288,0.0974,0.2292,0.1953,5,4,-0.49765748,-0.528286,0.11317469,0.16323908,0.28044692,0.33447215,-0.40743014,-0.39949837,21.223372323786784,79.22462577894669,1320.0,Nagpur,3,"{""type"":""MultiPoint"",""coordinates"":[]}",-9.041468758615572,-14.928374367090989,-9.123959210757468,-15.313564855816065
1_1_1_1_1_1_1_1_1_2_321_0_1_1_1_1_1_1_1_1_1_2_321_0,0.2207,0.183,0.1584,0.1185,0.0598,0.0604,0.0792,0.087,0.0982,0.079,0.1969,0.2714,4,4,-0.47182393,-0.35555556,0.056992337,-0.19454226,0.33446288,0.54908675,-0.42629483,-0.5145089,21.11710162567545,79.25732445528864,1321.0,Nagpur,3,"{""type"":""MultiPoint"",""coordinates"":[]}",-8.986440749640396,-17.623413200452227,-10.675423582862182,-17.227286548002763
1_1_1_1_1_1_1_1_1_2_322_0_1_1_1_1_1_1_1_1_1_2_322_0,0.1594,0.2302,0.0998,0.1426,0.0544,0.0592,0.0714,0.0814,0.0752,0.1032,0.2354,0.259,4,4,-0.3812825,-0.4775353,-0.19250253,-0.058871627,0.5157759,0.43014908,-0.5345502,-0.5217391,21.269815223975765,79.27870435905069,1322.0,Nagpur,3,"{""type"":""MultiPoint"",""coordinates"":[]}",-11.793890431874345,-20.03721322219198,-10.712643112207502,-20.098537048059484
1_1_1_1_1_1_1_1_1_2_323_0_1_1_1_1_1_1_1_1_1_2_323_0,0.22165,0.2411,0.15205,0.1785,0.05175,0.0648,0.07105,0.0803,0.0914,0.0942,0.2304,0.183,4,5,-0.51452,-0.50031114,-0.019356266,0.13699599,0.4319453,0.32034633,-0.5286117,-0.39004937,21.280864501970434,79.02070820945156,1323.0,Nagpur,3,"{""type"":""MultiPoint"",""coordinates"":[]}",-9.493116135354764,-18.243861776704794,-8.774669869328902,-18.63500795052381
1_1_1_1_1_1_1_1_1_2_324_0_1_1_1_1_1_1_1_1_1_2_324_0,0.2338,0.2094,0.1685,0.1404,0.073,0.06065,0.09865,0.08075,0.1275,0.08805,0.22495,0.2068,4,1,-0.4065273,-0.44339135,0.019291554,0.0062469966,0.27649313,0.40274715,-0.39029667,-0.43835855,21.261730386418687,79.10434136240309,1324.0,Nagpur,3,"{""type"":""MultiPoint"",""coordinates"":[]}",-11.055846011701158,-18.378804058255614,-10.066879350403298,-14.732236027748797
1_1_1_1_1_1_1_1_1_2_325_0_1_1_1_1_1_1_1_1_1_2_325_0,0.2615,0.2174,0.185,0.1718,0.056,0.0572,0.077,0.0774,0.1138,0.1008,0.2298,0.167,4,4,-0.5450517,-0.47489825,0.0645227,0.13111342,0.33760187,0.2471994,-0.49804434,-0.3666121,20.95630318981805,79.01064707826943,1325.0,Nagpur,3,"{""type"":""MultiPoint"",""coordinates"":[]}",-10.679245173550132,-17.656869243159846,-9.034928040960697,-16.533481588249032
1_1_1_1_1_1_1_1_1_2_326_0_1_1_1_1_1_1_1_1_1_2_326_0,0.2339,0.2331,0.1998,0.194,0.0686,0.0764,0.09,0.097,0.1324,0.112,0.2383,0.1774,4,4,-0.44427294,-0.4122993,-0.009318085,0.13568819,0.28567573,0.2259848,-0.45172098,-0.2930029,21.032749820496623,79.23531573082771,1326.0,Nagpur,3,"{""type"":""MultiPoint"",""coordinates"":[]}",-10.351034109278508,-19.611223253544374,-10.47100296441014,-19.236394843229906
1_1_1_1_1_1_1_1_1_2_327_0_1_1_1_1_1_1_1_1_1_2_327_0,0.1827,0.212,0.1251,0.1422,0.0572,0.0684,0.0752,0.0948,0.0774,0.1126,0.2244,0.2414,4,4,-0.41682822,-0.38200784,-0.102431834,-0.06484341,0.48707753,0.3638418,-0.49799734,-0.43604997,21.17118020577944,79.28948414246013,1327.0,Nagpur,3,"{""type"":""MultiPoint"",""coordinates"":[]}",-10.263001552883628,-16.197104632582974,-10.407012198487573,-18.580840756792664
1_1_1_1_1_1_1_1_1_2_328_0_1_1_1_1_1_1_1_1_1_2_328_0,0.2295,0.24815,0.19895,0.21185,0.0727,0.0769,0.09605,0.10035,0.109,0.1069,0.1991,0.2155,6,6,-0.40992168,-0.4241033,0.0709286,0.0704195,0.29243752,0.33684865,-0.3491445,-0.36457178,21.097248857896403,79.11727710249441,1328.0,Nagpur,3,"{""type"":""MultiPoint"",""coordinates"":[]}",-6.942528814469169,-13.88262220395209,-7.7343453079438405,-13.277582245074942
1_1_1_1_1_1_1_1_1_2_329_0_1_1_1_1_1_1_1_1_1_2_329_0,0.18395,0.2238,0.11885,0.1442,0.0517,0.0582,0.06945,0.075,0.0711,0.0814,0.2013,0.2216,4,5,-0.45185477,-0.49799198,-0.04503569,0.00493938,0.47797358,0.46270627,-0.48698062,-0.4942684,21.03957701665593,78.96483299877933,1329.0,Nagpur,3,"{""type"":""MultiPoint"",""coordinates"":[]}",-8.450063874721842,-15.536497936110665,-10.406624867021709,-18.787557536010734
1_1_1_1_1_1_1_1_1_2_330_0_1_1_1_1_1_1_1_1_1_2_330_0,0.2781,0.2519,0.1875,0.1815,0.0567,0.058,0.0714,0.0767,0.087,0.0865,0.201,0.2005,4,4,-0.5914163,-0.53317106,0.16092674,0.113616265,0.39583334,0.39721254,-0.47577092,-0.44660896,20.98558826808035,79.24079545406084,1330.0,Nagpur,3,"{""type"":""MultiPoint"",""coordinates"":[]}",-9.46804749309259,-16.694673790230997,-8.839609821378568,-15.611350668064834
1_1_1_1_1_1_1_1_1_2_331_0_1_1_1_1_1_1_1_1_1_2_331_0,0.2483,0.2635,0.19795,0.2009,0.0774,0.08605,0.0943,0.1099,0.1145,0.123,0.19485,0.2151,6,6,-0.4495038,-0.4113551,0.12061379,0.10112829,0.25973815,0.2724046,-0.3477434,-0.32369232,21.0941945859304,79.15545550206949,1331.0,Nagpur,3,"{""type"":""MultiPoint"",""coordinates"":[]}",-10.114900042203342,-15.730384626837013,-8.533524276378875,-13.774861989294747
1_1_1_1_1_1_1_1_1_2_332_0_1_1_1_1_1_1_1_1_1_2_332_0,0.2895,0.2962,0.2021,0.2096,0.0618,0.0554,0.0834,0.0684,0.1152,0.0905,0.2136,0.1864,4,4,-0.5526951,-0.6247943,0.15086465,0.22751762,0.29927006,0.34633443,-0.43838385,-0.46310833,21.032390494382973,79.03894400971919,1332.0,Nagpur,3,"{""type"":""MultiPoint"",""coordinates"":[]}",-13.06633964623332,-18.083314482068,-12.532146937974158,-17.74844218065263
1_1_1_1_1_1_1_1_1_2_333_0_1_1_1_1_1_1_1_1_1_2_333_0,0.252,0.3101,0.1859,0.2997,0.0691,0.1396,0.0894,0.1746,0.1224,0.2018,0.2163,0.2344,4,7,-0.47627416,-0.27955437,0.076233186,0.13902663,0.2772365,0.07473636,-0.41511285,-0.14621027,21.27466612651001,79.1893219882808,1333.0,Nagpur,3,"{""type"":""MultiPoint"",""coordinates"":[]}",-10.054188799897876,-18.708413658253058,-13.610479557882233,-25.6987885677553
1_1_1_1_1_1_1_1_1_2_334_0_1_1_1_1_1_1_1_1_1_2_334_0,0.2594,0.2388,0.23005,0.2046,0.0948,0.0929,0.1284,0.1188,0.1682,0.149,0.2132,0.1824,6,6,-0.33780298,-0.33557048,0.097757086,0.13390313,0.117986366,0.10078455,-0.24824356,-0.21115538,21.14171546446032,78.95414304689831,1334.0,Nagpur,3,"{""type"":""MultiPoint"",""coordinates"":[]}",-12.668374015121369,-20.488249733112177,-12.12984033294455,-20.582991722947344
1_1_1_1_1_1_1_1_1_2_335_0_1_1_1_1_1_1_1_1_1_2_335_0,0.1815,0.24555,0.1423,0.1819,0.0675,0.07405,0.08815,0.0943,0.108,0.1175,0.16735,0.2116,4,4,-0.3461895,-0.4450493,0.040561847,0.07426447,0.21554385,0.28593132,-0.30998042,-0.38345864,21.024395488354312,79.11000074869304,1335.0,Nagpur,3,"{""type"":""MultiPoint"",""coordinates"":[]}",-10.111733861432572,-18.30521636602329,-10.77530223161939,-17.255514244455036
1_1_1_1_1_1_1_1_1_2_336_0_1_1_1_1_1_1_1_1_1_2_336_0,0.29535,0.2681,0.2184,0.21315,0.0803,0.08365,0.1035,0.1105,0.1367,0.1291,0.2443,0.222,4,4,-0.4810079,-0.41627046,0.09459835,0.09406243,0.2824147,0.26459697,-0.40483037,-0.33533835,21.030054874644264,79.12733823367655,1336.0,Nagpur,3,"{""type"":""MultiPoint"",""coordinates"":[]}",-11.778565373261095,-18.908798809655757,-12.227225341690477,-18.51798663155636
1_1_1_1_1_1_1_1_1_2_337_0_1_1_1_1_1_1_1_1_1_2_337_0,0.1874,0.1925,0.1096,0.1219,0.0459,0.0496,0.0636,0.0648,0.0618,0.0618,0.2542,0.2476,4,1,-0.4932271,-0.49630782,-0.15126811,-0.12519881,0.60886073,0.60051715,-0.59974825,-0.58514726,21.027629423377142,79.29020279468742,1337.0,Nagpur,3,"{""type"":""MultiPoint"",""coordinates"":[]}",-10.036967643899208,-14.997245541740531,-8.394677255964186,-16.124496842168632
1_1_1_1_1_1_1_1_1_2_338_0_1_1_1_1_1_1_1_1_1_2_338_0,0.21495,0.2263,0.1563,0.1638,0.0624,0.0623,0.0869,0.0811,0.1058,0.0956,0.1882,0.2,4,5,-0.4242173,-0.47234872,0.06635247,0.061693642,0.2802721,0.35317996,-0.36822975,-0.42298114,21.277181409305545,79.01361151870702,1338.0,Nagpur,3,"{""type"":""MultiPoint"",""coordinates"":[]}",-10.726154775059339,-17.235275914748293,-9.59687486522338,-17.524145629504766
1_1_1_1_1_1_1_1_1_2_339_0_1_1_1_1_1_1_1_1_1_2_339_0,0.3874,0.3384,0.2847,0.2784,0.102,0.0878,0.1266,0.11,0.1776,0.1404,0.2791,0.2128,4,4,-0.507393,-0.50936663,0.16249062,0.22786647,0.22224656,0.20498301,-0.3758935,-0.31846344,20.983162816813223,79.24977860690204,1339.0,Nagpur,3,"{""type"":""MultiPoint"",""coordinates"":[]}",-13.944191951509836,-23.394678552417552,-13.693361376849772,-20.73890040808677
1_1_1_1_1_1_1_1_1_2_340_0_1_1_1_1_1_1_1_1_1_2_340_0,0.2109,0.2325,0.157,0.1466,0.0638,0.0638,0.0889,0.0813,0.0924,0.101,0.2633,0.264,4,4,-0.40693796,-0.48183557,-0.1105019,-0.06344411,0.48046106,0.44657534,-0.4951732,-0.5291051,21.282301806425025,79.26702626035713,1340.0,Nagpur,3,"{""type"":""MultiPoint"",""coordinates"":[]}",-10.133378818234993,-18.13191466633096,-11.34118706028817,-18.390099759408397
1_1_1_1_1_1_1_1_1_2_341_0_1_1_1_1_1_1_1_1_1_2_341_0,0.2643,0.2171,0.1968,0.1731,0.065,0.0714,0.0853,0.0894,0.1224,0.1046,0.2238,0.1606,4,4,-0.51201373,-0.41663948,0.0829748,0.14958963,0.29289427,0.21116139,-0.44807506,-0.2848,21.0363430816331,79.22399695824781,1341.0,Nagpur,3,"{""type"":""MultiPoint"",""coordinates"":[]}",-10.710120945667924,-19.006211477171433,-10.786415743102676,-19.701446309579534
1_1_1_1_1_1_1_1_1_2_342_0_1_1_1_1_1_1_1_1_1_2_342_0,0.35755,0.27555,0.27175,0.21875,0.0978,0.0806,0.1321,0.1065,0.1829,0.1278,0.28365,0.2143,4,4,-0.46043092,-0.44248134,0.11525265,0.12503828,0.21594684,0.25285006,-0.36452195,-0.33603492,21.02161071097354,79.11530080886935,1342.0,Nagpur,3,"{""type"":""MultiPoint"",""coordinates"":[]}",-13.854040715032724,-23.02828592939953,-12.399617984030298,-20.8003732280269
1_1_1_1_1_1_1_1_1_2_343_0_1_1_1_1_1_1_1_1_1_2_343_0,0.26165,0.2265,0.17655,0.1579,0.05895,0.07015,0.07335,0.09505,0.0977,0.0999,0.1918,0.2209,4,4,-0.56208956,-0.4088011,0.15404125,0.012516763,0.32504317,0.37718204,-0.44672826,-0.39832252,21.04712286504253,79.15033510495,1343.0,Nagpur,3,"{""type"":""MultiPoint"",""coordinates"":[]}",-10.485549578330335,-15.713034624323914,-8.98590630086694,-17.467778317291064
1_1_1_1_1_1_1_1_1_2_344_0_1_1_1_1_1_1_1_1_1_2_344_0,0.14155,0.1831,0.09835,0.1194,0.0477,0.0498,0.0682,0.07865,0.0686,0.0609,0.18095,0.2842,1,1,-0.34970203,-0.3990449,-0.122170545,-0.21634924,0.4502104,0.64705884,-0.45253864,-0.56648755,21.22256384003108,79.10236506877803,1344.0,Nagpur,3,"{""type"":""MultiPoint"",""coordinates"":[]}",-8.347600443965186,-13.228321582288824,-7.8430333279054,-14.89300459203081
1_1_1_1_1_1_1_1_1_2_345_0_1_1_1_1_1_1_1_1_1_2_345_0,0.229,0.2287,0.1534,0.1624,0.0628,0.0722,0.0888,0.0962,0.0848,0.0946,0.302,0.249,4,4,-0.44115797,-0.40781778,-0.13747646,-0.04249529,0.56153053,0.44935971,-0.5455476,-0.44264194,21.02816841254761,79.25480917249311,1345.0,Nagpur,3,"{""type"":""MultiPoint"",""coordinates"":[]}",-10.651167636138005,-17.051167750059765,-9.532665700659901,-16.541826474500816
1_1_1_1_1_1_1_1_1_2_346_0_1_1_1_1_1_1_1_1_1_2_346_0,0.2451,0.2174,0.1742,0.1492,0.067,0.062,0.0802,0.0812,0.1026,0.0934,0.2391,0.1931,4,4,-0.5069167,-0.4561286,0.012391574,0.059196103,0.39947322,0.34799302,-0.4976511,-0.4079475,21.03319897813868,79.20117975003117,1346.0,Nagpur,3,"{""type"":""MultiPoint"",""coordinates"":[]}",-9.370977133660991,-15.180825647171691,-9.914327660825874,-16.826990942185304
1_1_1_1_1_1_1_1_1_2_347_0_1_1_1_1_1_1_1_1_1_2_347_0,0.15255,0.1607,0.1165,0.1375,0.05065,0.0637,0.06195,0.0741,0.07115,0.0924,0.1188,0.1346,6,6,-0.42237762,-0.36882454,0.12437811,0.088384695,0.25085548,0.18590309,-0.31452283,-0.28988978,21.11728128873227,78.99474689774051,1347.0,Nagpur,3,"{""type"":""MultiPoint"",""coordinates"":[]}",-8.597955490933195,-13.975186051839438,-4.546049698196408,-13.529455111151078
1_1_1_1_1_1_1_1_1_2_348_0_1_1_1_1_1_1_1_1_1_2_348_0,0.1868,0.1786,0.1054,0.116,0.051,0.0608,0.0682,0.0792,0.0619,0.0858,0.285,0.2378,4,4,-0.46509805,-0.3855702,-0.20813905,-0.142171,0.6431248,0.46971568,-0.61381656,-0.5003154,21.032300662854563,79.21537313152027,1348.0,Nagpur,3,"{""type"":""MultiPoint"",""coordinates"":[]}",-9.619480984996336,-17.49191074954288,-10.453022986553693,-19.89054924958292
1_1_1_1_1_1_1_1_1_2_349_0_1_1_1_1_1_1_1_1_1_2_349_0,0.1781,0.2193,0.0936,0.1347,0.0466,0.0581,0.0722,0.0858,0.0582,0.0977,0.31,0.2526,4,1,-0.42309228,-0.43756145,-0.27023152,-0.0705658,0.68386745,0.4421924,-0.6221873,-0.4929078,21.287152708959272,79.28732818577824,1349.0,Nagpur,3,"{""type"":""MultiPoint"",""coordinates"":[]}",-11.563972251388765,-17.798059168397845,-10.423967060757924,-20.061477962551308
1_1_1_1_1_1_1_1_1_2_350_0_1_1_1_1_1_1_1_1_1_2_350_0,0.28975,0.2738,0.226,0.2146,0.0719,0.0781,0.09275,0.09695,0.1227,0.115,0.1926,0.1978,5,6,-0.5150327,-0.47700608,0.20140977,0.16115353,0.22169362,0.2647059,-0.34992114,-0.34215435,21.021520879445127,79.13937565848374,1350.0,Nagpur,3,"{""type"":""MultiPoint"",""coordinates"":[]}",-10.404891537779584,-17.57096577364051,-3.5960922621963434,-16.278374759976636
1_1_1_1_1_1_1_1_1_2_351_0_1_1_1_1_1_1_1_1_1_2_351_0,0.3633,0.335,0.259,0.2631,0.0734,0.0763,0.1004,0.094,0.1464,0.1216,0.2292,0.1897,5,4,-0.5669614,-0.5617716,0.22632912,0.27692014,0.22044729,0.21876004,-0.3907767,-0.33732817,20.982264501529105,79.26469064061843,1351.0,Nagpur,3,"{""type"":""MultiPoint"",""coordinates"":[]}",-11.266685380651005,-20.49122973324983,-11.836662902150533,-17.73301682960101
1_1_1_1_1_1_1_1_1_2_352_0_1_1_1_1_1_1_1_1_1_2_352_0,0.1769,0.18495,0.14,0.1651,0.0758,0.112,0.08625,0.1256,0.0961,0.1379,0.2314,0.1623,6,6,-0.34448034,-0.19111255,-0.13348028,0.06522678,0.41312978,0.08127914,-0.45694947,-0.12747481,21.12249151738016,79.08170381724328,1352.0,Nagpur,3,"{""type"":""MultiPoint"",""coordinates"":[]}",-5.959335384142096,-12.614086081901409,-7.2412223120052595,-16.08007179997337
1_1_1_1_1_1_1_1_1_2_353_0_1_1_1_1_1_1_1_1_1_2_353_0,0.2731,0.28875,0.195,0.22255,0.0633,0.06045,0.08395,0.0765,0.1233,0.0973,0.2148,0.1791,1,4,-0.52975774,-0.5811088,0.1194917,0.23437,0.27063,0.2959479,-0.43799162,-0.40140846,20.979839050261983,79.1006582697382,1353.0,Nagpur,3,"{""type"":""MultiPoint"",""coordinates"":[]}",-9.1041267466632,-15.089519807430909,-8.249194948704206,-15.392570404085381
1_1_1_1_1_1_1_1_1_2_354_0_1_1_1_1_1_1_1_1_1_2_354_0,0.2486,0.2188,0.1989,0.1693,0.0759,0.077,0.09465,0.096,0.1249,0.1134,0.179,0.1666,6,6,-0.44850692,-0.39008895,0.16276895,0.13544369,0.17801909,0.19,-0.30824044,-0.26884997,21.20325006142251,78.9969926859508,1354.0,Nagpur,3,"{""type"":""MultiPoint"",""coordinates"":[]}",-7.975741662233979,-18.250425787792754,-8.43209119420396,-15.119290294638038
1_1_1_1_1_1_1_1_1_2_355_0_1_1_1_1_1_1_1_1_1_2_355_0,0.2459,0.3128,0.1713,0.227,0.0648,0.1052,0.0886,0.137,0.0952,0.1708,0.249,0.3113,4,4,-0.47025412,-0.39084038,-0.0062638917,0.002403461,0.44683322,0.2914333,-0.4751185,-0.38880214,21.2009144416838,79.29963510517067,1355.0,Nagpur,3,"{""type"":""MultiPoint"",""coordinates"":[]}",-9.623343706351413,-16.34300702517997,-9.433962623323408,-17.48488861412643
1_1_1_1_1_1_1_1_1_2_356_0_1_1_1_1_1_1_1_1_1_2_356_0,0.1581,0.1733,0.1447,0.1395,0.0826,0.0856,0.1014,0.1054,0.114,0.1158,0.1476,0.1648,6,6,-0.21849711,-0.24363114,0.0343474,0.02514049,0.12844037,0.1746258,-0.18554217,-0.21983716,21.147464682278684,79.0660731312996,1356.0,Nagpur,3,"{""type"":""MultiPoint"",""coordinates"":[]}",-6.102337412010311,-16.267552445320725,-4.723302958611015,-15.660545673347688
1_1_1_1_1_1_1_1_1_2_357_0_1_1_1_1_1_1_1_1_1_2_357_0,0.2218,0.2203,0.2032,0.1995,0.141,0.126,0.1766,0.144,0.2004,0.1686,0.2402,0.2062,6,6,-0.11345381,-0.20944276,-0.03982684,0.03305979,0.09033137,0.10032017,-0.15259117,-0.1776128,21.17585144525686,79.05349671732192,1357.0,Nagpur,3,"{""type"":""MultiPoint"",""coordinates"":[]}",-5.360612776307563,-11.351260962901295,-4.814142740676646,-13.27584137593101
1_1_1_1_1_1_1_1_1_2_358_0_1_1_1_1_1_1_1_1_1_2_358_0,0.18285,0.26695,0.1401,0.21305,0.06905,0.0856,0.08875,0.1131,0.0969,0.1245,0.1949,0.232,4,6,-0.34646538,-0.40481517,-0.031899404,0.070047095,0.33584648,0.3015428,-0.3742288,-0.34453782,21.0814385088959,79.15922842626279,1358.0,Nagpur,3,"{""type"":""MultiPoint"",""coordinates"":[]}",-10.218435709099122,-18.376147514722845,-10.083875679908918,-17.880680980498635
1_1_1_1_1_1_1_1_1_2_359_0_1_1_1_1_1_1_1_1_1_2_359_0,0.2532,0.1866,0.1824,0.1082,0.0648,0.0496,0.0842,0.0739,0.1166,0.0658,0.2372,0.2912,4,1,-0.5008892,-0.43262956,0.032626428,-0.21892005,0.34087056,0.6313726,-0.4760423,-0.5951794,21.045685560587945,79.21366633248043,1359.0,Nagpur,3,"{""type"":""MultiPoint"",""coordinates"":[]}",-9.028332223317353,-18.01995026840153,-9.478758683138656,-17.01844150011834
1_1_1_1_1_1_1_1_1_2_360_0_1_1_1_1_1_1_1_1_1_2_360_0,0.267,0.2324,0.1885,0.1727,0.0731,0.054,0.0938,0.0643,0.1272,0.0786,0.2128,0.1764,1,1,-0.48004434,-0.5665656,0.112963736,0.1369863,0.2517647,0.38352942,-0.38812786,-0.46572497,20.991606980483947,79.03436260177018,1360.0,Nagpur,3,"{""type"":""MultiPoint"",""coordinates"":[]}",-9.498774177381595,-16.655454511185603,-8.027663300573648,-13.838766132642943
1_1_1_1_1_1_1_1_1_2_361_0_1_1_1_1_1_1_1_1_1_2_361_0,0.1974,0.2425,0.1798,0.2081,0.0996,0.0942,0.1214,0.1174,0.1418,0.1346,0.1722,0.2052,6,6,-0.23839398,-0.34759656,0.06818182,0.08331472,0.09681529,0.20776927,-0.17302452,-0.27216366,21.06796377963411,79.066162962828,1361.0,Nagpur,3,"{""type"":""MultiPoint"",""coordinates"":[]}",-11.595801598381508,-21.897810489987258,-8.648054796871584,-17.084052370604144
1_1_1_1_1_1_1_1_1_2_362_0_1_1_1_1_1_1_1_1_1_2_362_0,0.27125,0.2718,0.1822,0.2064,0.0574,0.0724,0.0726,0.0959,0.0972,0.1145,0.1852,0.21955,4,4,-0.57772285,-0.4783791,0.1885201,0.10633968,0.31161472,0.31447387,-0.4367727,-0.39197972,21.033378641195505,79.09059713855606,1362.0,Nagpur,3,"{""type"":""MultiPoint"",""coordinates"":[]}",-10.397004199537959,-17.684771645154747,-9.240030852033707,-16.418750871932026
1_1_1_1_1_1_1_1_1_2_363_0_1_1_1_1_1_1_1_1_1_2_363_0,0.14515,0.20205,0.07225,0.1336,0.0394,0.067,0.0521,0.0906,0.04035,0.0987,0.2284,0.241,4,4,-0.47173637,-0.38083035,-0.22286174,-0.08791333,0.6997209,0.41889903,-0.6285205,-0.4535585,21.024036162240662,79.16129455141626,1363.0,Nagpur,3,"{""type"":""MultiPoint"",""coordinates"":[]}",-10.626570545233198,-17.568504229978604,-9.70343927310594,-17.563502235673397
1_1_1_1_1_1_1_1_1_2_364_0_1_1_1_1_1_1_1_1_1_2_364_0,0.2208,0.1978,0.1587,0.13425,0.0506,0.04905,0.0668,0.0654,0.07225,0.06145,0.18175,0.17745,1,1,-0.5354659,-0.50303954,0.09700658,0.05423051,0.43110237,0.4855588,-0.4624824,-0.46139592,21.255891337071912,79.12203817350024,1364.0,Nagpur,3,"{""type"":""MultiPoint"",""coordinates"":[]}",-8.209410509584117,-14.959307693205497,-7.38642664080897,-13.293824835498103
1_1_1_1_1_1_1_1_1_2_365_0_1_1_1_1_1_1_1_1_1_2_365_0,0.20935,0.18215,0.14625,0.1333,0.0599,0.0568,0.07545,0.08025,0.0833,0.08765,0.1995,0.1956,4,4,-0.4701545,-0.38833842,0.024091965,-0.03560556,0.4108911,0.3811121,-0.45117295,-0.41816205,21.009393623109517,79.12491278240942,1365.0,Nagpur,3,"{""type"":""MultiPoint"",""coordinates"":[]}",-10.464760435026989,-17.294467735885732,-9.919943196918727,-17.646049863324436
1_1_1_1_1_1_1_1_1_2_366_0_1_1_1_1_1_1_1_1_1_2_366_0,0.2905,0.27795,0.2159,0.1866,0.0687,0.06895,0.0866,0.0903,0.1093,0.0996,0.2034,0.2316,4,4,-0.5407054,-0.5095723,0.17635149,0.09096261,0.3009274,0.39855072,-0.40275863,-0.4389562,21.076048617191184,79.13003317952891,1366.0,Nagpur,3,"{""type"":""MultiPoint"",""coordinates"":[]}",-11.324674751612429,-17.842574344392776,-9.649859927934882,-14.76003766213141
1_1_1_1_1_1_1_1_1_2_367_0_1_1_1_1_1_1_1_1_1_2_367_0,0.1779,0.1934,0.1116,0.1217,0.0457,0.0606,0.0686,0.0822,0.0608,0.0712,0.2568,0.2458,4,4,-0.4434077,-0.4034833,-0.18150449,-0.11930783,0.6171285,0.55078864,-0.5783651,-0.4987805,21.05619584941214,79.27304497276073,1367.0,Nagpur,3,"{""type"":""MultiPoint"",""coordinates"":[]}",-9.059744142394589,-16.992041429259704,-10.199330709529077,-19.860289882552358
1_1_1_1_1_1_1_1_1_2_368_0_1_1_1_1_1_1_1_1_1_2_368_0,0.23295,0.22775,0.18365,0.18385,0.0691,0.09705,0.09305,0.1071,0.1114,0.117,0.19155,0.1807,6,6,-0.4291411,-0.36031058,0.0975265,0.11519158,0.2645651,0.2139738,-0.3460998,-0.25573316,21.19076347897325,79.0849377522661,1368.0,Nagpur,3,"{""type"":""MultiPoint"",""coordinates"":[]}",-8.800958474952107,-17.104797529360933,-10.334366650112194,-18.70805497409171
1_1_1_1_1_1_1_1_1_2_369_0_1_1_1_1_1_1_1_1_1_2_369_0,0.2963,0.346,0.2444,0.2711,0.0824,0.0912,0.1132,0.1122,0.136,0.145,0.2384,0.2574,4,4,-0.44713065,-0.51025754,0.10828502,0.1468346,0.2735043,0.27932405,-0.35608646,-0.39285713,21.129588208124705,79.05655098928793,1369.0,Nagpur,3,"{""type"":""MultiPoint"",""coordinates"":[]}",-14.583915083487897,-22.13972297263652,-12.896051902727814,-19.854937571285454
1_1_1_1_1_1_1_1_1_2_370_0_1_1_1_1_1_1_1_1_1_2_370_0,0.22815,0.25305,0.18275,0.2083,0.0762,0.06955,0.0989,0.0942,0.1128,0.1096,0.2336,0.1991,6,6,-0.3951995,-0.4574514,-0.011802924,0.11931881,0.3487298,0.2899255,-0.40511277,-0.35765427,21.184385440456,79.13632138651775,1370.0,Nagpur,3,"{""type"":""MultiPoint"",""coordinates"":[]}",-9.695920591148127,-17.691912273982386,-8.518650358926731,-15.243045785834145
1_1_1_1_1_1_1_1_1_2_371_0_1_1_1_1_1_1_1_1_1_2_371_0,0.2372,0.2072,0.1799,0.1451,0.0582,0.0439,0.0762,0.0612,0.0914,0.0648,0.2008,0.1976,6,6,-0.5137205,-0.5439642,0.08310502,0.023715414,0.3744011,0.50609756,-0.4498195,-0.52704793,21.044787245303823,79.03319479190083,1371.0,Nagpur,3,"{""type"":""MultiPoint"",""coordinates"":[]}",-2.767604372713622,-13.541348041592506,-6.773127431754914,-13.441173949222936
1_1_1_1_1_1_1_1_1_2_372_0_1_1_1_1_1_1_1_1_1_2_372_0,0.25315,0.26345,0.2047,0.23205,0.0753,0.08735,0.1002,0.1108,0.1109,0.1235,0.2332,0.21025,6,6,-0.43285695,-0.40788242,0.041019842,0.11230737,0.35541993,0.2599251,-0.3989202,-0.30976483,21.241518292526,79.15967758390485,1372.0,Nagpur,3,"{""type"":""MultiPoint"",""coordinates"":[]}",-8.705224451500392,-15.732731166818512,-8.86344043162019,-16.873513396339103
1_1_1_1_1_1_1_1_1_2_373_0_1_1_1_1_1_1_1_1_1_2_373_0,0.20025,0.2015,0.17705,0.1781,0.0745,0.0962,0.09035,0.121,0.1015,0.1392,0.1246,0.1552,7,7,-0.37818307,-0.2496124,0.23287672,0.12980096,0.10216718,0.054347824,-0.15933938,-0.123823315,21.174683635387503,78.96079058000079,1373.0,Nagpur,3,"{""type"":""MultiPoint"",""coordinates"":[]}",-9.401731025294984,-16.438331435609616,-11.81645752904071,-19.88822881245094
1_1_1_1_1_1_1_1_1_2_374_0_1_1_1_1_1_1_1_1_1_2_374_0,0.19505,0.1904,0.1362,0.12065,0.0571,0.06,0.07395,0.08,0.09045,0.08785,0.1775,0.205,4,4,-0.45018587,-0.40828404,0.04710777,-0.036924634,0.32487404,0.40003416,-0.4118115,-0.4385965,21.0385888698434,79.14027397376788,1374.0,Nagpur,3,"{""type"":""MultiPoint"",""coordinates"":[]}",-10.521187523998666,-17.166788647689266,-10.035411930287832,-16.907710602176053
1_1_1_1_1_1_1_1_1_2_375_0_1_1_1_1_1_1_1_1_1_2_375_0,0.2169,0.2417,0.1471,0.1706,0.0657,0.0648,0.0874,0.083,0.1206,0.0947,0.2369,0.2052,4,4,-0.42556688,-0.48875886,-0.044072278,0.081673756,0.32531467,0.36845616,-0.4609929,-0.4240111,21.100931950561293,79.21384599553726,1375.0,Nagpur,3,"{""type"":""MultiPoint"",""coordinates"":[]}",-9.32304593998014,-18.179554145630085,-9.629250746052865,-17.348001568846822
1_1_1_1_1_1_1_1_1_2_376_0_1_1_1_1_1_1_1_1_1_2_376_0,0.2167,0.20635,0.20405,0.19695,0.084,0.0855,0.1069,0.1052,0.126,0.1191,0.184,0.1599,6,6,-0.33930779,-0.32466698,0.081607185,0.12682594,0.18709677,0.14623655,-0.26503953,-0.20633723,21.18402611434235,79.13605189193251,1376.0,Nagpur,3,"{""type"":""MultiPoint"",""coordinates"":[]}",-6.282221771560873,-15.64363951890342,-5.6064272931486965,-15.176947393444667
1_1_1_1_1_1_1_1_1_2_377_0_1_1_1_1_1_1_1_1_1_2_377_0,0.1788,0.1915,0.1534,0.1502,0.0722,0.0701,0.0828,0.0848,0.0844,0.0839,0.168,0.1918,6,6,-0.36697248,-0.38617444,0.031141868,-0.00078267674,0.3312203,0.39136744,-0.33971292,-0.3868402,21.138212034852256,79.06769009881101,1377.0,Nagpur,3,"{""type"":""MultiPoint"",""coordinates"":[]}",-6.614421221798007,-11.86864395520416,-6.745277253997749,-12.117463694810528
1_1_1_1_1_1_1_1_1_2_378_0_1_1_1_1_1_1_1_1_1_2_378_0,0.19355,0.1914,0.1398,0.12955,0.06105,0.06235,0.08095,0.08825,0.09245,0.0976,0.1933,0.213,1,1,-0.41020036,-0.36885393,0.0006462453,-0.053412464,0.35293087,0.37153897,-0.40966272,-0.4141079,21.03149217909885,79.0923937691243,1378.0,Nagpur,3,"{""type"":""MultiPoint"",""coordinates"":[]}",-9.177554719593044,-14.674510136938942,-7.8988817957560435,-14.923080911496225
1_1_1_1_1_1_1_1_1_2_379_0_1_1_1_1_1_1_1_1_1_2_379_0,0.1991,0.2119,0.1289,0.1401,0.0584,0.06,0.0761,0.0806,0.089,0.0911,0.2166,0.2211,4,4,-0.44694766,-0.4488889,-0.042097665,-0.021247113,0.41753927,0.41639975,-0.48001367,-0.4656944,21.15914278097224,79.26846356481173,1379.0,Nagpur,3,"{""type"":""MultiPoint"",""coordinates"":[]}",-10.40063415875969,-17.874125217107945,-10.158038566022542,-17.686301300603976
1_1_1_1_1_1_1_1_1_2_380_0_1_1_1_1_1_1_1_1_1_2_380_0,0.15195,0.2502,0.08615,0.24115,0.04525,0.1944,0.0648,0.2193,0.04775,0.2446,0.2809,0.2502,1,7,-0.40207613,-0.065814696,-0.2979092,0.0,0.7094173,0.011317704,-0.6251085,-0.065814696,21.22256384003108,79.10946175952257,1380.0,Nagpur,3,"{""type"":""MultiPoint"",""coordinates"":[]}",-8.774602517851022,-13.382293117677918,-17.537074115302037,-26.896653746101503
1_1_1_1_1_1_1_1_1_2_381_0_1_1_1_1_1_1_1_1_1_2_381_0,0.2486,0.231,0.1772,0.1608,0.0702,0.0612,0.0898,0.0777,0.1186,0.0866,0.2305,0.2014,4,4,-0.46926713,-0.49659863,0.03777917,0.06845514,0.32053852,0.3986111,-0.43927568,-0.44321033,21.282481469481848,78.98172132612078,1381.0,Nagpur,3,"{""type"":""MultiPoint"",""coordinates"":[]}",-10.748933500071354,-18.794963072239522,-9.860158520501606,-17.70532832820129
1_1_1_1_1_1_1_1_1_2_382_0_1_1_1_1_1_1_1_1_1_2_382_0,0.24135,0.2238,0.1666,0.1701,0.05555,0.0511,0.07165,0.062,0.09325,0.0786,0.1611,0.1362,1,4,-0.54217255,-0.56613016,0.19940366,0.24333334,0.2667584,0.26815644,-0.38431793,-0.37436932,21.186451565609477,79.01235387730925,1382.0,Nagpur,3,"{""type"":""MultiPoint"",""coordinates"":[]}",-10.56962064389161,-15.877150155446936,-9.359952083061101,-15.541663236507834
1_1_1_1_1_1_1_1_1_2_383_0_1_1_1_1_1_1_1_1_1_2_383_0,0.2356,0.2392,0.1475,0.1714,0.0483,0.0617,0.06365,0.0766,0.08235,0.0921,0.2106,0.1862,4,4,-0.5746032,-0.51488286,0.056028686,0.12458862,0.437788,0.33812433,-0.53582495,-0.41704717,21.27125252843036,78.96779743921692,1383.0,Nagpur,3,"{""type"":""MultiPoint"",""coordinates"":[]}",-10.356669744169157,-15.875422087584717,-9.099650715239294,-17.851292189898547
1_1_1_1_1_1_1_1_1_2_384_0_1_1_1_1_1_1_1_1_1_2_384_0,0.1879,0.1933,0.1121,0.1249,0.051,0.0608,0.0718,0.0862,0.054,0.0789,0.298,0.2836,4,4,-0.4470543,-0.38318425,-0.22658983,-0.18934788,0.6931818,0.56468964,-0.611682,-0.53380203,21.090062335623447,79.24250225310067,1384.0,Nagpur,3,"{""type"":""MultiPoint"",""coordinates"":[]}",-11.874685954488575,-18.54000070683294,-10.864857427437386,-18.214417195065483
1_1_1_1_1_1_1_1_1_2_385_0_1_1_1_1_1_1_1_1_1_2_385_0,0.2596,0.2592,0.2118,0.2065,0.0864,0.08345,0.1138,0.1046,0.1392,0.1237,0.2262,0.2121,6,6,-0.39046597,-0.42495877,0.06875257,0.099936344,0.23809524,0.26325193,-0.33058822,-0.33943796,21.202621240723623,79.05205941286734,1385.0,Nagpur,3,"{""type"":""MultiPoint"",""coordinates"":[]}",-10.254964310307969,-16.89040755578287,-9.83843209499579,-17.79293620561111
1_1_1_1_1_1_1_1_1_2_386_0_1_1_1_1_1_1_1_1_1_2_386_0,0.3051,0.2666,0.2359,0.2171,0.079,0.0722,0.1072,0.0993,0.1488,0.1284,0.2366,0.2022,5,5,-0.4799903,-0.45722875,0.12645376,0.13737202,0.22781526,0.2232305,-0.3763816,-0.34129354,21.07236552452629,79.02493029128692,1386.0,Nagpur,3,"{""type"":""MultiPoint"",""coordinates"":[]}",-12.96569107646442,-20.341393815417653,-11.544753728109775,-18.343007647484914
1_1_1_1_1_1_1_1_1_2_387_0_1_1_1_1_1_1_1_1_1_2_387_0,0.3101,0.2408,0.2153,0.161,0.0686,0.0703,0.0906,0.103,0.1268,0.091,0.2468,0.2651,4,4,-0.54779136,-0.4008144,0.11366493,-0.048033208,0.32119915,0.4889076,-0.462952,-0.44036946,21.042631288621937,79.28059082114734,1387.0,Nagpur,3,"{""type"":""MultiPoint"",""coordinates"":[]}",-12.39293842898332,-18.100534551578953,-10.206040865982125,-18.988637907092375
1_1_1_1_1_1_1_1_1_2_388_0_1_1_1_1_1_1_1_1_1_2_388_0,0.2838,0.2347,0.2177,0.1943,0.0769,0.072,0.097,0.0848,0.132,0.1047,0.1945,0.1481,4,4,-0.49054623,-0.46917057,0.1867029,0.22622779,0.19142419,0.17167722,-0.33447686,-0.27179047,21.158424128744944,79.01963023111061,1388.0,Nagpur,3,"{""type"":""MultiPoint"",""coordinates"":[]}",-11.646583380240232,-18.45472437219167,-11.911619521228475,-16.85311104096447
1_1_1_1_1_1_1_1_1_2_389_0_1_1_1_1_1_1_1_1_1_2_389_0,0.27845,0.28,0.19685,0.2135,0.05985,0.063,0.07715,0.08505,0.1075,0.1037,0.20755,0.1823,1,4,-0.5660855,-0.53403646,0.14588477,0.21133463,0.31756863,0.2748252,-0.458026,-0.36375538,20.95342858090887,79.14746049604082,1389.0,Nagpur,3,"{""type"":""MultiPoint"",""coordinates"":[]}",-12.091232505543712,-18.134967646440728,-9.760228568043237,-16.512733649031176
1_1_1_1_1_1_1_1_1_2_390_0_1_1_1_1_1_1_1_1_1_2_390_0,0.192,0.1873,0.1331,0.1169,0.0552,0.0556,0.0714,0.075,0.0794,0.0748,0.2038,0.2208,4,1,-0.45785877,-0.42813572,-0.029813036,-0.082087725,0.43926555,0.4939107,-0.48110464,-0.4929006,20.970766065892374,78.97785857039906,1390.0,Nagpur,3,"{""type"":""MultiPoint"",""coordinates"":[]}",-10.532987255092877,-16.698293353770357,-10.8725829257452,-17.14001043559856
1_1_1_1_1_1_1_1_1_2_391_0_1_1_1_1_1_1_1_1_1_2_391_0,0.3132,0.2887,0.2782,0.2501,0.0983,0.1098,0.136,0.1346,0.174,0.1488,0.2526,0.227,7,7,-0.39447907,-0.3640444,0.10710499,0.119643204,0.18424754,0.20808941,-0.30005148,-0.25553098,21.26074223960616,79.18159647683737,1391.0,Nagpur,3,"{""type"":""MultiPoint"",""coordinates"":[]}",-11.444581494656457,-18.625716586952954,-11.205821190148125,-18.262611609804953
1_1_1_1_1_1_1_1_1_2_392_0_1_1_1_1_1_1_1_1_1_2_392_0,0.1855,0.2095,0.1091,0.1296,0.0471,0.0638,0.0702,0.0834,0.06,0.09,0.2923,0.2648,4,4,-0.45091903,-0.43052235,-0.22352448,-0.11659288,0.6593812,0.49267194,-0.6126897,-0.520965,21.04191263639464,79.19381356470139,1392.0,Nagpur,3,"{""type"":""MultiPoint"",""coordinates"":[]}",-8.655009233018925,-16.429679055767203,-8.16523234996089,-16.034702422540256
1_1_1_1_1_1_1_1_1_2_393_0_1_1_1_1_1_1_1_1_1_2_393_0,0.2615,0.211,0.1799,0.1344,0.061,0.0657,0.0776,0.0905,0.1048,0.104,0.2308,0.2301,4,4,-0.5423179,-0.39966834,0.06236035,-0.043300837,0.37544698,0.3774319,-0.49675745,-0.43543357,20.98891203463159,79.24699382952127,1393.0,Nagpur,3,"{""type"":""MultiPoint"",""coordinates"":[]}",-10.280076701896562,-17.21100913962247,-10.370054073690838,-19.656064432465048
1_1_1_1_1_1_1_1_1_2_394_0_1_1_1_1_1_1_1_1_1_2_394_0,0.3398,0.3178,0.2558,0.2606,0.089,0.0796,0.113,0.0946,0.161,0.1286,0.2428,0.1832,4,5,-0.5008834,-0.5412221,0.16649503,0.26866266,0.20257553,0.17511225,-0.3648117,-0.31893447,20.986845909478117,79.19525086915598,1394.0,Nagpur,3,"{""type"":""MultiPoint"",""coordinates"":[]}",-14.241282451670227,-23.4994097047314,-12.5140343663011,-20.421561765330072
1_1_1_1_1_1_1_1_1_2_395_0_1_1_1_1_1_1_1_1_1_2_395_0,0.28675,0.27305,0.221,0.22165,0.077,0.0757,0.1028,0.09985,0.1358,0.1175,0.2293,0.22415,4,4,-0.47221154,-0.46446767,0.11132642,0.09835076,0.25609422,0.31216156,-0.38090935,-0.383642,21.044427919190177,79.09517854650507,1395.0,Nagpur,3,"{""type"":""MultiPoint"",""coordinates"":[]}",-11.846691296577614,-20.10239284168342,-9.641483134768583,-16.500366266064606
1_1_1_1_1_1_1_1_1_2_396_0_1_1_1_1_1_1_1_1_1_2_396_0,0.1723,0.05225,0.1089,0.0359,0.05415,0.09445,0.07595,0.1326,0.0621,0.1046,0.32635,0.09595,6,0,-0.3881168,0.43467677,-0.30893412,-0.2948718,0.68026775,-0.04313139,-0.6224211,0.16035879,21.23729621069064,79.10281422642008,1396.0,Nagpur,3,"{""type"":""MultiPoint"",""coordinates"":[]}",-8.220257246983765,-13.205415001573304,-18.493362921599587,-25.914255007552654
1_1_1_1_1_1_1_1_1_2_397_0_1_1_1_1_1_1_1_1_1_2_397_0,0.20325,0.22075,0.1364,0.1446,0.056,0.05575,0.0775,0.07435,0.08255,0.0805,0.2077,0.23,1,1,-0.4479074,-0.49610302,-0.010828568,-0.020521354,0.43118003,0.4814815,-0.45652175,-0.51141775,20.98217467000069,78.97696025511495,1397.0,Nagpur,3,"{""type"":""MultiPoint"",""coordinates"":[]}",-9.26276974039671,-15.740695721561622,-8.492824940152984,-14.93233623044808
1_1_1_1_1_1_1_1_1_2_398_0_1_1_1_1_1_1_1_1_1_2_398_0,0.2038,0.2575,0.1394,0.2029,0.0487,0.0762,0.0633,0.0988,0.0667,0.1122,0.2038,0.218,6,6,-0.5260202,-0.44541118,0.0,0.08307045,0.5068392,0.32041186,-0.5260202,-0.37626263,21.228133394792614,79.23756151903801,1398.0,Nagpur,3,"{""type"":""MultiPoint"",""coordinates"":[]}",-6.21423817503543,-13.374243570829087,-7.706644164285459,-13.162660093126702
1_1_1_1_1_1_1_1_1_2_399_0_1_1_1_1_1_1_1_1_1_2_399_0,0.3243,0.32355,0.224,0.23225,0.06965,0.0786,0.09535,0.1036,0.1504,0.133,0.2447,0.22765,4,4,-0.5455737,-0.5149245,0.13989455,0.17398404,0.23867375,0.2624428,-0.4392001,-0.37449056,21.013975031058525,79.1021854057212,1399.0,Nagpur,3,"{""type"":""MultiPoint"",""coordinates"":[]}",-12.511840722810119,-20.069394084700853,-12.22559019815754,-17.635547400499405
1_1_1_1_1_1_1_1_1_2_400_0_1_1_1_1_1_1_1_1_1_2_400_0,0.2789,0.2305,0.2017,0.1508,0.0686,0.0507,0.0906,0.0731,0.1192,0.0835,0.2184,0.2106,4,1,-0.50960755,-0.5184453,0.12165695,0.045114487,0.29383886,0.43216592,-0.41359222,-0.4846669,21.067784116577283,79.05214924439575,1400.0,Nagpur,3,"{""type"":""MultiPoint"",""coordinates"":[]}",-11.97538074457749,-16.947827433938556,-7.110100636650793,-14.135083364718534
1_1_1_1_1_1_1_1_1_2_401_0_1_1_1_1_1_1_1_1_1_2_401_0,0.3892,0.2155,0.2872,0.1559,0.101,0.0648,0.1446,0.0961,0.192,0.096,0.289,0.2184,4,4,-0.45822406,-0.38318357,0.14774403,-0.0066835675,0.2016632,0.38931298,-0.33302584,-0.38887122,21.143961252670618,79.28112981031781,1401.0,Nagpur,3,"{""type"":""MultiPoint"",""coordinates"":[]}",-9.585855794087422,-18.11553511341571,-10.26498558909725,-17.580407917728643
1_1_1_1_1_1_1_1_1_2_402_0_1_1_1_1_1_1_1_1_1_2_402_0,0.2386,0.2736,0.1642,0.182,0.05685,0.06085,0.0699,0.0807,0.08655,0.0926,0.18925,0.2191,1,1,-0.54683954,-0.54445386,0.11534416,0.11061498,0.3723713,0.40583894,-0.46054408,-0.4616411,20.999152828870557,79.12527210852308,1402.0,Nagpur,3,"{""type"":""MultiPoint"",""coordinates"":[]}",-9.692154671339338,-16.517917244668116,-9.336040412981873,-16.12048963840742
1_1_1_1_1_1_1_1_1_2_403_0_1_1_1_1_1_1_1_1_1_2_403_0,0.2122,0.223,0.1337,0.1787,0.0633,0.0777,0.0852,0.0993,0.1226,0.1278,0.3062,0.2062,4,4,-0.4270343,-0.3838039,-0.18132716,0.03914259,0.42817163,0.23473054,-0.56463975,-0.34991816,21.10991510340249,79.21914605571357,1403.0,Nagpur,3,"{""type"":""MultiPoint"",""coordinates"":[]}",-12.10620783126841,-21.61720620826523,-9.847101692195706,-17.51900208002712
1_1_1_1_1_1_1_1_1_2_404_0_1_1_1_1_1_1_1_1_1_2_404_0,0.2208,0.2465,0.1399,0.1793,0.04625,0.0626,0.0641,0.0802,0.0702,0.0974,0.2296,0.186,4,4,-0.55001754,-0.5090297,-0.019538188,0.1398844,0.5316878,0.31263232,-0.56350017,-0.39744553,21.25247773899226,78.9624075475122,1404.0,Nagpur,3,"{""type"":""MultiPoint"",""coordinates"":[]}",-9.326956301769727,-16.829663997710185,-11.036154297110873,-17.946540160000993
1_1_1_1_1_1_1_1_1_2_405_0_1_1_1_1_1_1_1_1_1_2_405_0,0.26805,0.3733,0.27495,0.382,0.1776,0.3063,0.1488,0.2401,0.1534,0.2143,0.2816,0.3484,6,6,-0.28607413,-0.21715032,-0.02465205,0.03450187,0.29471263,0.23831527,-0.30855018,-0.1840272,21.113688027595792,79.08152415418645,1405.0,Nagpur,3,"{""type"":""MultiPoint"",""coordinates"":[]}",-6.878731661702093,-18.355518727606924,-13.127237498854068,-22.787117401014754
1_1_1_1_1_1_1_1_1_2_406_0_1_1_1_1_1_1_1_1_1_2_406_0,0.289,0.2586,0.217,0.19895,0.07815,0.06625,0.1041,0.0815,0.1401,0.10125,0.2157,0.1783,4,4,-0.47036377,-0.5207292,0.1452348,0.18379492,0.21247892,0.27562153,-0.34896812,-0.3725943,20.99034933908618,79.11628895568188,1406.0,Nagpur,3,"{""type"":""MultiPoint"",""coordinates"":[]}",-10.411303227682001,-19.492804031078748,-9.889707597895168,-18.01750409305782
1_1_1_1_1_1_1_1_1_2_407_0_1_1_1_1_1_1_1_1_1_2_407_0,0.2363,0.2509,0.1589,0.1867,0.0594,0.0594,0.0774,0.0773,0.1026,0.0963,0.2221,0.2006,5,4,-0.50653493,-0.52894574,0.030977312,0.11140642,0.36803204,0.35129672,-0.48313856,-0.4436848,20.95262009715316,79.28957397398854,1407.0,Nagpur,3,"{""type"":""MultiPoint"",""coordinates"":[]}",-13.151602899303487,-18.357779963973815,-12.081589259878637,-16.621316406703958
1_1_1_1_1_1_1_1_1_2_408_0_1_1_1_1_1_1_1_1_1_2_408_0,0.2904,0.276,0.2083,0.2119,0.0565,0.0614,0.0752,0.0744,0.1118,0.1026,0.2072,0.175,5,5,-0.58862144,-0.5753425,0.16720258,0.22394678,0.29905957,0.26080692,-0.4674221,-0.4033681,20.979030566506275,79.1863575478432,1408.0,Nagpur,3,"{""type"":""MultiPoint"",""coordinates"":[]}",-11.832436171351873,-18.929953891067505,-9.796334652989197,-17.12777992665674
1_1_1_1_1_1_1_1_1_2_409_0_1_1_1_1_1_1_1_1_1_2_409_0,0.2101,0.2009,0.1549,0.1439,0.066,0.0593,0.0884,0.0804,0.0955,0.0752,0.2292,0.2442,6,6,-0.4077052,-0.4283683,-0.04347826,-0.09728151,0.4117647,0.5291171,-0.44332492,-0.5046211,21.20459753434869,79.06346801697565,1409.0,Nagpur,3,"{""type"":""MultiPoint"",""coordinates"":[]}",-8.916686043978775,-14.651351416165712,-7.909876145106516,-13.794446068849055
1_1_1_1_1_1_1_1_1_2_410_0_1_1_1_1_1_1_1_1_1_2_410_0,0.1981,0.2037,0.1581,0.1783,0.0866,0.1076,0.1038,0.1296,0.1194,0.149,0.1834,0.1732,6,6,-0.31235507,-0.22232223,0.03853211,0.08092332,0.21136063,0.075108625,-0.27715877,-0.14398943,21.09823700470893,79.07119352841907,1410.0,Nagpur,3,"{""type"":""MultiPoint"",""coordinates"":[]}",-8.364569746620695,-15.306554614680785,-6.043350521242795,-14.746272882470159
1_1_1_1_1_1_1_1_1_2_411_0_1_1_1_1_1_1_1_1_1_2_411_0,0.16905,0.181,0.12475,0.1277,0.06885,0.0666,0.08765,0.0848,0.1014,0.0956,0.1773,0.1774,1,4,-0.3171017,-0.36192626,-0.023819836,0.010044643,0.27233586,0.2996337,-0.33836573,-0.35316554,21.04703303351412,78.99052481590515,1411.0,Nagpur,3,"{""type"":""MultiPoint"",""coordinates"":[]}",-11.62279644557692,-19.878175564165325,-12.231680062981415,-17.94680233115467
1_1_1_1_1_1_1_1_1_2_412_0_1_1_1_1_1_1_1_1_1_2_412_0,0.2003,0.2095,0.1182,0.148,0.0618,0.0692,0.0794,0.089,0.0925,0.1028,0.2536,0.1958,4,4,-0.43224883,-0.4036851,-0.117426746,0.033802122,0.4654724,0.31145346,-0.52312315,-0.375,21.09850649929417,79.23441741554359,1412.0,Nagpur,3,"{""type"":""MultiPoint"",""coordinates"":[]}",-9.212378331179528,-17.646424833298845,-8.974388860791164,-17.83931894267901
1_1_1_1_1_1_1_1_1_2_413_0_1_1_1_1_1_1_1_1_1_2_413_0,0.18645,0.18445,0.1683,0.1485,0.0859,0.0667,0.107,0.085,0.1182,0.091,0.1854,0.1965,6,6,-0.2707446,-0.36908516,0.0028237193,-0.031631447,0.22134387,0.36695653,-0.26812586,-0.39609236,21.16740728158614,79.11359400982953,1413.0,Nagpur,3,"{""type"":""MultiPoint"",""coordinates"":[]}",-5.29124100799466,-12.347956616267835,-5.771574251911589,-12.099047385549413
1_1_1_1_1_1_1_1_1_2_414_0_1_1_1_1_1_1_1_1_1_2_414_0,0.1711,0.2207,0.1039,0.1304,0.0488,0.061,0.07,0.0879,0.0582,0.091,0.2979,0.3022,4,4,-0.4193281,-0.43033051,-0.27036247,-0.15586154,0.6731255,0.53713125,-0.61946183,-0.5493463,21.176120939842097,79.27088901607885,1414.0,Nagpur,3,"{""type"":""MultiPoint"",""coordinates"":[]}",-10.961740291049535,-19.5277825497438,-10.522738337771022,-18.20665434219055
1_1_1_1_1_1_1_1_1_2_415_0_1_1_1_1_1_1_1_1_1_2_415_0,0.2211,0.23335,0.1989,0.21465,0.1292,0.1227,0.1577,0.1385,0.1769,0.1551,0.2204,0.1899,6,6,-0.16737065,-0.25507596,0.0015855039,0.102658,0.10948905,0.100869566,-0.16582915,-0.15651645,21.10488453781142,79.14108245752358,1415.0,Nagpur,3,"{""type"":""MultiPoint"",""coordinates"":[]}",3.444095693842648,-16.284665924720187,4.132947923477432,-14.094117976914816
1_1_1_1_1_1_1_1_1_2_416_0_1_1_1_1_1_1_1_1_1_2_416_0,0.235,0.2347,0.22065,0.1928,0.1027,0.1096,0.1294,0.136,0.158,0.1562,0.2295,0.2446,6,6,-0.28979144,-0.26625302,0.011840689,-0.020655122,0.18451613,0.22055888,-0.27890778,-0.28533894,21.169473406739613,79.11889407000582,1416.0,Nagpur,3,"{""type"":""MultiPoint"",""coordinates"":[]}",-2.1406713354842752,-11.090192899816444,-0.6777884502369347,-9.948843694854927
1_1_1_1_1_1_1_1_1_2_417_0_1_1_1_1_1_1_1_1_1_2_417_0,0.26755,0.2558,0.22395,0.2302,0.08285,0.0816,0.109,0.1038,0.1468,0.1288,0.2049,0.1748,6,6,-0.4210596,-0.42269188,0.13260663,0.18810962,0.16519761,0.15151516,-0.3055113,-0.25484565,21.094464080515632,78.99519605538256,1417.0,Nagpur,3,"{""type"":""MultiPoint"",""coordinates"":[]}",-11.50327995486105,-18.42224025058919,-10.07652086695086,-17.79818389714372
1_1_1_1_1_1_1_1_1_2_418_0_1_1_1_1_1_1_1_1_1_2_418_0,0.20675,0.2063,0.17725,0.15445,0.107,0.0656,0.129,0.1016,0.1516,0.0885,0.2062,0.31,6,6,-0.23157111,-0.34004548,0.0013318803,-0.20085222,0.15259922,0.55583435,-0.23031026,-0.50631684,21.157974971102885,79.08987848632876,1418.0,Nagpur,3,"{""type"":""MultiPoint"",""coordinates"":[]}",-7.571867810606112,-13.822779168644995,-8.148804855509717,-14.906078937580013
1_1_1_1_1_1_1_1_1_2_419_0_1_1_1_1_1_1_1_1_1_2_419_0,0.2584,0.219,0.1901,0.1403,0.06265,0.0594,0.08175,0.078,0.1112,0.078,0.2179,0.236,5,1,-0.5193297,-0.47474748,0.085030444,-0.03736264,0.32421756,0.50318474,-0.45436344,-0.50318474,21.29595619874364,79.01630646455938,1419.0,Nagpur,3,"{""type"":""MultiPoint"",""coordinates"":[]}",-12.408913628483123,-18.36431929261624,-9.687464505609544,-17.546563708153318
1_1_1_1_1_1_1_1_1_2_420_0_1_1_1_1_1_1_1_1_1_2_420_0,0.21025,0.2233,0.153,0.1599,0.0672,0.0743,0.0846,0.1041,0.09785,0.1198,0.2076,0.2415,4,4,-0.4261489,-0.36408064,0.0063419887,-0.039156627,0.35930595,0.3368392,-0.42094457,-0.39756945,21.221935019332197,79.12266699419912,1420.0,Nagpur,3,"{""type"":""MultiPoint"",""coordinates"":[]}",-8.295486794494643,-16.86665818291419,-9.452373780162006,-17.674439466450927
1_1_1_1_1_1_1_1_1_2_421_0_1_1_1_1_1_1_1_1_1_2_421_0,0.3426,0.27855,0.284,0.22155,0.0884,0.0883,0.1195,0.1112,0.174,0.1292,0.28115,0.2543,4,6,-0.48279592,-0.4293778,0.09851703,0.045509994,0.23541689,0.326206,-0.40346935,-0.39151847,21.28769169812974,79.07730207235109,1421.0,Nagpur,3,"{""type"":""MultiPoint"",""coordinates"":[]}",-10.205064821582862,-18.295753525945997,-8.159365120012493,-16.368544093312348
1_1_1_1_1_1_1_1_1_2_422_0_1_1_1_1_1_1_1_1_1_2_422_0,0.254,0.2461,0.1848,0.1966,0.0624,0.0722,0.0782,0.0864,0.1046,0.1074,0.2055,0.1834,4,4,-0.5291993,-0.48030075,0.10554951,0.1459837,0.32537892,0.261348,-0.44871342,-0.35952556,21.24987262466831,79.19291524941727,1422.0,Nagpur,3,"{""type"":""MultiPoint"",""coordinates"":[]}",-10.360404650207581,-17.93393128808249,-9.951924321782386,-16.813275886070087
1_1_1_1_1_1_1_1_1_2_423_0_1_1_1_1_1_1_1_1_1_2_423_0,0.1822,0.1888,0.1274,0.1243,0.0529,0.0564,0.0738,0.0777,0.0764,0.078,0.252,0.2634,4,4,-0.4234375,-0.41688555,-0.16075541,-0.16497125,0.53471375,0.543058,-0.5469613,-0.5444151,21.161119074597305,79.29119094149995,1423.0,Nagpur,3,"{""type"":""MultiPoint"",""coordinates"":[]}",-10.177501668244538,-16.122175612100534,-9.777504078003412,-17.5435195070154
1_1_1_1_1_1_1_1_1_2_424_0_1_1_1_1_1_1_1_1_1_2_424_0,0.29,0.2147,0.2101,0.1366,0.0678,0.0503,0.0852,0.0803,0.1186,0.0679,0.208,0.3228,6,4,-0.54584223,-0.45559323,0.16465864,-0.20111628,0.27372932,0.65241873,-0.41882673,-0.6015877,21.09302677606104,79.03310496037241,1424.0,Nagpur,3,"{""type"":""MultiPoint"",""coordinates"":[]}",-12.066080591457293,-16.491836579144458,-10.87512249117058,-18.699655399821925
1_1_1_1_1_1_1_1_1_2_425_0_1_1_1_1_1_1_1_1_1_2_425_0,0.33055,0.2638,0.2355,0.1998,0.08335,0.0645,0.111,0.0786,0.1624,0.0995,0.2362,0.1462,4,4,-0.49722567,-0.54088783,0.16647552,0.28682926,0.18514802,0.19006918,-0.36059907,-0.30071175,21.193907582467663,79.00166392542823,1425.0,Nagpur,3,"{""type"":""MultiPoint"",""coordinates"":[]}",-14.807967585357344,-23.375622901595165,-13.75220326268948,-17.79349782481181
1_1_1_1_1_1_1_1_1_2_426_0_1_1_1_1_1_1_1_1_1_2_426_0,0.1533,0.1563,0.1236,0.1287,0.0464,0.0571,0.0615,0.0714,0.0589,0.0703,0.1412,0.1406,6,6,-0.4273743,-0.37285903,0.041086588,0.05287976,0.41129434,0.33333334,-0.3931919,-0.3264151,21.12294067502222,79.05170008675368,1426.0,Nagpur,3,"{""type"":""MultiPoint"",""coordinates"":[]}",-10.22930922560531,-17.550087680217068,-9.477520257855032,-17.88493272723713
1_1_1_1_1_1_1_1_1_2_427_0_1_1_1_1_1_1_1_1_1_2_427_0,0.2141,0.2512,0.1302,0.1665,0.0516,0.0593,0.0766,0.0802,0.0565,0.089,0.344,0.2293,4,1,-0.4729962,-0.51599276,-0.23275399,0.045577522,0.7178527,0.44077915,-0.63575846,-0.48174474,20.98900186616,79.253910857209,1427.0,Nagpur,3,"{""type"":""MultiPoint"",""coordinates"":[]}",-10.370876546994898,-17.879515681539747,-8.787881663876709,-17.486149475466686
1_1_1_1_1_1_1_1_1_2_428_0_1_1_1_1_1_1_1_1_1_2_428_0,0.23715,0.17575,0.16825,0.16775,0.06205,0.0908,0.0768,0.1126,0.09975,0.1305,0.1966,0.1527,4,6,-0.5107501,-0.21900468,0.09348703,0.07017811,0.32680953,0.07838983,-0.4381858,-0.15114965,21.22543844894026,79.1321891362108,1428.0,Nagpur,3,"{""type"":""MultiPoint"",""coordinates"":[]}",-9.442646272583954,-16.741498233708057,-8.73650500469867,-22.066920031141155
1_1_1_1_1_1_1_1_1_2_429_0_1_1_1_1_1_1_1_1_1_2_429_0,0.2208,0.2418,0.2046,0.21,0.1014,0.1404,0.1246,0.1582,0.1488,0.1838,0.1902,0.2084,6,6,-0.27851766,-0.209,0.07445256,0.074189246,0.1221239,0.0627231,-0.20838627,-0.13693398,21.19471606622337,79.06742060422577,1429.0,Nagpur,3,"{""type"":""MultiPoint"",""coordinates"":[]}",-3.952763671104307,-16.960823886481784,2.1297502924696996,-14.6290731487722
1_1_1_1_1_1_1_1_1_2_430_0_1_1_1_1_1_1_1_1_1_2_430_0,0.196,0.226,0.1214,0.1288,0.0528,0.063,0.0701,0.0821,0.069,0.0927,0.248,0.2554,4,4,-0.4731304,-0.46705616,-0.117117114,-0.061071873,0.5646688,0.46739444,-0.5592581,-0.5134815,21.2618202179471,79.2465446718792,1430.0,Nagpur,3,"{""type"":""MultiPoint"",""coordinates"":[]}",-9.619638985196042,-15.750599249588742,-10.683344308725403,-17.061862569725346
1_1_1_1_1_1_1_1_1_2_431_0_1_1_1_1_1_1_1_1_1_2_431_0,0.186,0.2361,0.1505,0.1641,0.0634,0.0736,0.0792,0.1022,0.0934,0.1168,0.151,0.2496,4,4,-0.40271494,-0.39580253,0.10385757,-0.027794935,0.23567921,0.3624454,-0.3119027,-0.41898805,21.247896331043247,79.2457361881235,1431.0,Nagpur,3,"{""type"":""MultiPoint"",""coordinates"":[]}",-9.678515497129267,-16.212845906840776,-8.871957449150994,-16.180284072393043
1_1_1_1_1_1_1_1_1_2_432_0_1_1_1_1_1_1_1_1_1_2_432_0,0.2078,0.2089,0.1248,0.1313,0.0456,0.0741,0.0715,0.0993,0.055,0.0864,0.3748,0.3062,4,4,-0.48800573,-0.35561323,-0.28664607,-0.18889536,0.744067,0.55985737,-0.6795877,-0.5102343,21.196063539149552,79.28571121826683,1432.0,Nagpur,3,"{""type"":""MultiPoint"",""coordinates"":[]}",-10.876175077300763,-17.773501007295486,-10.390497096577292,-18.883427571904896
1_1_1_1_1_1_1_1_1_2_433_0_1_1_1_1_1_1_1_1_1_2_433_0,0.23905,0.2297,0.183,0.1637,0.0735,0.0572,0.0939,0.0778,0.1273,0.096,0.2028,0.1922,4,4,-0.43595135,-0.49398375,0.08204142,0.08888362,0.22871856,0.33379596,-0.36703742,-0.4237037,21.20450770282028,78.95019045964818,1433.0,Nagpur,3,"{""type"":""MultiPoint"",""coordinates"":[]}",-11.253445420081313,-19.452674149222357,-9.376445093604175,-17.841416763609466
1_1_1_1_1_1_1_1_1_2_434_0_1_1_1_1_1_1_1_1_1_2_434_0,0.1856,0.179,0.1254,0.1099,0.0545,0.0562,0.075,0.081,0.081,0.0724,0.2039,0.2802,4,4,-0.42440522,-0.37692308,-0.046983313,-0.22038327,0.43137944,0.58933634,-0.46217284,-0.551495,21.152135921756106,79.28625020743729,1434.0,Nagpur,3,"{""type"":""MultiPoint"",""coordinates"":[]}",-8.997420972828573,-16.015134231385147,-9.709026620141602,-16.114465422237583
1_1_1_1_1_1_1_1_1_2_435_0_1_1_1_1_1_1_1_1_1_2_435_0,0.2335,0.218,0.1646,0.1527,0.0758,0.0645,0.0979,0.0815,0.1249,0.0952,0.2398,0.1949,1,1,-0.4091732,-0.45575958,-0.013310797,0.05594575,0.31505346,0.3436746,-0.42019543,-0.41027495,21.251579423708137,79.04101013487266,1435.0,Nagpur,3,"{""type"":""MultiPoint"",""coordinates"":[]}",-10.745615981798881,-18.611682878774012,-10.358598294855582,-16.91668752291035
1_1_1_1_1_1_1_1_1_2_436_0_1_1_1_1_1_1_1_1_1_2_436_0,0.2423,0.2401,0.2145,0.2128,0.0803,0.1096,0.1058,0.1282,0.1242,0.1384,0.224,0.2062,6,6,-0.3921287,-0.3038284,0.03924512,0.07595788,0.2866169,0.19674985,-0.35839903,-0.23325358,21.15474103608005,79.17746422653042,1436.0,Nagpur,3,"{""type"":""MultiPoint"",""coordinates"":[]}",-8.08455482357602,-16.26337381357968,-3.670133134249701,-16.368490106601612
1_1_1_1_1_1_1_1_1_2_437_0_1_1_1_1_1_1_1_1_1_2_437_0,0.20485,0.1987,0.1415,0.1369,0.0456,0.0475,0.0663,0.0632,0.07245,0.0705,0.1811,0.1732,1,1,-0.5109718,-0.517373,0.06153647,0.06856682,0.42851508,0.42141977,-0.46402586,-0.46531302,21.12554578934617,78.98028402166618,1437.0,Nagpur,3,"{""type"":""MultiPoint"",""coordinates"":[]}",-8.718550584101258,-15.132122963889893,-8.566560278181317,-15.282075562017619
1_1_1_1_1_1_1_1_1_2_438_0_1_1_1_1_1_1_1_1_1_2_438_0,0.1808,0.1905,0.1416,0.1543,0.0486,0.053,0.0572,0.0604,0.0664,0.0624,0.1492,0.1422,4,5,-0.51932776,-0.5185333,0.095757574,0.14517583,0.38404453,0.3900293,-0.44573644,-0.40375122,21.29514771498793,79.20854593536096,1438.0,Nagpur,3,"{""type"":""MultiPoint"",""coordinates"":[]}",-8.861567841708883,-15.951782636020138,-9.035548629540402,-16.136187101959454
1_1_1_1_1_1_1_1_1_2_439_0_1_1_1_1_1_1_1_1_1_2_439_0,0.20195,0.2153,0.1517,0.1569,0.06,0.05815,0.0778,0.0772,0.10135,0.08675,0.1751,0.18315,6,6,-0.4437891,-0.47213677,0.07121071,0.080687664,0.2667752,0.35716933,-0.38473704,-0.40695217,21.060058605133857,79.16443865491068,1439.0,Nagpur,3,"{""type"":""MultiPoint"",""coordinates"":[]}",-8.763644492899633,-15.328700851875741,-7.367936444824542,-13.974556143066044
1_1_1_1_1_1_1_1_1_2_440_0_1_1_1_1_1_1_1_1_1_2_440_0,0.2559,0.2305,0.2004,0.1658,0.0783,0.0665,0.103,0.0897,0.1378,0.1004,0.2161,0.2064,4,4,-0.42602396,-0.43972516,0.084322035,0.055161364,0.22124894,0.34550196,-0.35443434,-0.3941236,21.05799247998038,79.25615664541928,1440.0,Nagpur,3,"{""type"":""MultiPoint"",""coordinates"":[]}",-9.905911773205622,-17.42886372329602,-10.431038364597661,-16.911679470806853
1_1_1_1_1_1_1_1_1_2_441_0_1_1_1_1_1_1_1_1_1_2_441_0,0.2523,0.229,0.1677,0.1593,0.0581,0.0621,0.071,0.08,0.0874,0.086,0.2259,0.2156,4,6,-0.56077945,-0.48220065,0.055207025,0.030139452,0.4420683,0.4297082,-0.52172446,-0.45872802,21.16704795547249,79.25256338428281,1441.0,Nagpur,3,"{""type"":""MultiPoint"",""coordinates"":[]}",-9.69211397815935,-16.399939286118016,-8.778490114637032,-16.871812158717166
1_1_1_1_1_1_1_1_1_2_442_0_1_1_1_1_1_1_1_1_1_2_442_0,0.2293,0.1949,0.1665,0.1297,0.0634,0.065,0.0864,0.0921,0.0988,0.0817,0.1848,0.249,4,1,-0.4526449,-0.35818815,0.10746197,-0.121874295,0.303244,0.50589657,-0.36283186,-0.4599824,21.171000542722616,79.27187716289139,1442.0,Nagpur,3,"{""type"":""MultiPoint"",""coordinates"":[]}",-9.60257058981264,-16.114259766381263,-9.809302688915269,-18.866695604159986
1_1_1_1_1_1_1_1_1_2_443_0_1_1_1_1_1_1_1_1_1_2_443_0,0.2891,0.25485,0.22265,0.2186,0.0827,0.1201,0.1064,0.1337,0.1365,0.1374,0.2464,0.2259,6,6,-0.4619469,-0.31180027,0.079738565,0.06021841,0.28702012,0.24360032,-0.3968254,-0.256396,21.125725452402992,79.16470814949592,1443.0,Nagpur,3,"{""type"":""MultiPoint"",""coordinates"":[]}",-11.72885584045506,-17.071929993617132,-7.162582891064422,-15.564307685014958
1_1_1_1_1_1_1_1_1_2_444_0_1_1_1_1_1_1_1_1_1_2_444_0,0.1593,0.17675,0.10585,0.1009,0.0464,0.0496,0.06115,0.0658,0.0574,0.0611,0.18615,0.2102,6,6,-0.4452257,-0.45743147,-0.07772471,-0.08644528,0.5286389,0.5495761,-0.50545895,-0.5231884,21.1926499410699,79.09113612772653,1444.0,Nagpur,3,"{""type"":""MultiPoint"",""coordinates"":[]}",-7.933784904754234,-14.39361227576178,-7.243661129316288,-13.684593779454337
1_1_1_1_1_1_1_1_1_2_445_0_1_1_1_1_1_1_1_1_1_2_445_0,0.29,0.3098,0.2094,0.2193,0.0592,0.0746,0.0788,0.0949,0.1096,0.1194,0.1996,0.2266,4,4,-0.57266814,-0.5310106,0.18464053,0.15510812,0.29107374,0.30982658,-0.43390805,-0.4096423,21.10892695658996,79.18599822172955,1445.0,Nagpur,3,"{""type"":""MultiPoint"",""coordinates"":[]}",-10.451752138156003,-17.683248222321385,-11.124245987956856,-18.977246438102725
1_1_1_1_1_1_1_1_1_2_446_0_1_1_1_1_1_1_1_1_1_2_446_0,0.27115,0.33875,0.2176,0.2837,0.0692,0.1048,0.09015,0.1426,0.1096,0.1747,0.1794,0.2349,4,6,-0.5009687,-0.40749973,0.20364,0.18103373,0.24152249,0.14697266,-0.3311074,-0.2445033,21.244931890605653,79.141172289052,1446.0,Nagpur,3,"{""type"":""MultiPoint"",""coordinates"":[]}",-11.629148371124693,-18.170446896469134,-12.221067518683517,-18.685605543604858
1_1_1_1_1_1_1_1_1_2_447_0_1_1_1_1_1_1_1_1_1_2_447_0,0.2029,0.1994,0.1297,0.1222,0.0436,0.0466,0.0567,0.0636,0.0502,0.0574,0.2569,0.2558,4,1,-0.5631741,-0.5163498,-0.11744237,-0.12390158,0.67307067,0.63346106,-0.63839287,-0.6017533,21.086289411430144,79.28391458769858,1447.0,Nagpur,3,"{""type"":""MultiPoint"",""coordinates"":[]}",-8.704338839475982,-14.028584735955466,-7.849739109913488,-14.603568833392096
1_1_1_1_1_1_1_1_1_2_448_0_1_1_1_1_1_1_1_1_1_2_448_0,0.2139,0.2005,0.1391,0.1247,0.0562,0.0606,0.0782,0.082,0.0774,0.0766,0.2765,0.2458,4,4,-0.46456692,-0.41946903,-0.1276509,-0.101501234,0.5625883,0.5248139,-0.559064,-0.49969494,21.02709043420667,79.26720592341395,1448.0,Nagpur,3,"{""type"":""MultiPoint"",""coordinates"":[]}",-10.125814854947963,-17.502551768317304,-10.650370390782935,-16.830532636970634
1_1_1_1_1_1_1_1_1_2_449_0_1_1_1_1_1_1_1_1_1_2_449_0,0.3529,0.299,0.26585,0.2362,0.0843,0.0625,0.1138,0.0781,0.1617,0.1054,0.2532,0.1644,4,4,-0.5123206,-0.5857863,0.1644943,0.2904618,0.22053507,0.2186805,-0.3798365,-0.3558763,21.22525878588344,78.9932197617575,1449.0,Nagpur,3,"{""type"":""MultiPoint"",""coordinates"":[]}",-15.297807148136076,-22.942288528087733,-11.90719725780514,-21.110511964397503
1_1_1_1_1_1_1_1_1_2_450_0_1_1_1_1_1_1_1_1_1_2_450_0,0.1565,0.15065,0.1351,0.11525,0.07475,0.0601,0.0878,0.0734,0.09935,0.07305,0.13575,0.1721,6,6,-0.2812116,-0.34478912,0.07100086,-0.06646011,0.15482773,0.40403834,-0.21449341,-0.40203667,21.19920764264397,79.10272439489167,1450.0,Nagpur,3,"{""type"":""MultiPoint"",""coordinates"":[]}",-11.40729416842043,-19.386921919998404,-9.33328676341729,-17.43130914788847
1_1_1_1_1_1_1_1_1_2_451_0_1_1_1_1_1_1_1_1_1_2_451_0,0.2725,0.2665,0.21425,0.217,0.0822,0.0694,0.1094,0.0871,0.1511,0.113,0.2154,0.1676,4,5,-0.42707515,-0.50735295,0.11703218,0.22782768,0.17544338,0.19458304,-0.32635468,-0.3160581,21.134618773715776,78.96357535738156,1451.0,Nagpur,3,"{""type"":""MultiPoint"",""coordinates"":[]}",-11.548450589591146,-20.057652159781888,-10.816925591242068,-17.21606709484998
1_1_1_1_1_1_1_1_1_2_452_0_1_1_1_1_1_1_1_1_1_2_452_0,0.205,0.2113,0.13805,0.1552,0.05345,0.0524,0.0678,0.0632,0.0695,0.0774,0.1653,0.1506,1,1,-0.50293255,-0.5395264,0.10721037,0.16772589,0.40800682,0.32105264,-0.41827542,-0.40879327,21.19094314203007,79.01415050787749,1452.0,Nagpur,3,"{""type"":""MultiPoint"",""coordinates"":[]}",-8.973385831866002,-14.166202970152002,-7.881205491888661,-14.751920840331703
1_1_1_1_1_1_1_1_1_2_453_0_1_1_1_1_1_1_1_1_1_2_453_0,0.2731,0.2069,0.1987,0.166,0.0706,0.0601,0.0908,0.0761,0.1272,0.0976,0.2284,0.1556,4,4,-0.5009618,-0.4621908,0.0891326,0.14151724,0.28458944,0.22906794,-0.4310777,-0.3431161,20.994751083978368,79.06894774020878,1453.0,Nagpur,3,"{""type"":""MultiPoint"",""coordinates"":[]}",-9.379622865394465,-15.956387542627724,-10.168136074923071,-18.17886319907655
1_1_1_1_1_1_1_1_1_2_454_0_1_1_1_1_1_1_1_1_1_2_454_0,0.2073,0.2257,0.1356,0.1721,0.0473,0.0584,0.0639,0.0786,0.0787,0.0907,0.2226,0.2006,4,4,-0.5287611,-0.48340455,-0.035589673,0.058878724,0.4775971,0.37727427,-0.5539267,-0.43696275,21.0100224438084,79.00013678944522,1454.0,Nagpur,3,"{""type"":""MultiPoint"",""coordinates"":[]}",-8.897844657626145,-16.83480584543762,-9.203323529719281,-15.992030492096212
1_1_1_1_1_1_1_1_1_2_455_0_1_1_1_1_1_1_1_1_1_2_455_0,0.3483,0.2832,0.32,0.2262,0.1042,0.0631,0.1558,0.0848,0.223,0.088,0.2954,0.2265,4,4,-0.3818687,-0.53913045,0.08218114,0.11124191,0.13966049,0.44038156,-0.30939716,-0.45518792,21.289218834112745,79.18348293893402,1455.0,Nagpur,3,"{""type"":""MultiPoint"",""coordinates"":[]}",-13.05814083888272,-21.49312551637579,-11.240206953254726,-16.760099814138133
1_1_1_1_1_1_1_1_1_2_456_0_1_1_1_1_1_1_1_1_1_2_456_0,0.2568,0.25455,0.1708,0.1831,0.059,0.0678,0.07545,0.0866,0.0942,0.0978,0.22985,0.2283,4,4,-0.54582393,-0.49230543,0.05537861,0.05436471,0.41860825,0.400184,-0.50573206,-0.44998413,21.298740976124414,79.0961666933176,1456.0,Nagpur,3,"{""type"":""MultiPoint"",""coordinates"":[]}",-8.963839280311808,-16.73757685649901,-8.993262667623123,-16.989510044508883
1_1_1_1_1_1_1_1_1_2_457_0_1_1_1_1_1_1_1_1_1_2_457_0,0.3058,0.27545,0.2506,0.2242,0.10135,0.09,0.1288,0.1188,0.174,0.1448,0.2643,0.2302,4,6,-0.40727106,-0.39733672,0.07279424,0.089488775,0.20602328,0.22773333,-0.34469602,-0.3191977,21.19516522386543,79.11557030345459,1457.0,Nagpur,3,"{""type"":""MultiPoint"",""coordinates"":[]}",-12.371876932057093,-20.50137714686551,-10.286862760447287,-16.623999632830035
1_1_1_1_1_1_1_1_1_2_458_0_1_1_1_1_1_1_1_1_1_2_458_0,0.2176,0.2333,0.1455,0.1635,0.0578,0.0632,0.0786,0.085,0.0896,0.0846,0.2291,0.236,4,4,-0.4692775,-0.46591267,-0.025744347,-0.0057532494,0.4377157,0.47223955,-0.48911276,-0.47040498,21.19911781111556,79.23064449135029,1458.0,Nagpur,3,"{""type"":""MultiPoint"",""coordinates"":[]}",-10.056025595207931,-16.74366204313248,-9.536477531656324,-15.132453668923338
1_1_1_1_1_1_1_1_1_2_459_0_1_1_1_1_1_1_1_1_1_2_459_0,0.25955,0.21495,0.22955,0.1812,0.09625,0.07605,0.122,0.0924,0.153,0.1051,0.20435,0.1752,7,5,-0.3605032,-0.39873108,0.11899116,0.10188389,0.14369665,0.2500892,-0.25233644,-0.30941704,21.009752949223163,79.15114358870572,1459.0,Nagpur,3,"{""type"":""MultiPoint"",""coordinates"":[]}",-14.40899629906746,-24.81712531812466,-10.650432781887593,-19.911039377931296
1_1_1_1_1_1_1_1_1_2_460_0_1_1_1_1_1_1_1_1_1_2_460_0,0.243,0.2366,0.1682,0.1928,0.0536,0.0578,0.0717,0.0728,0.1028,0.091,0.2131,0.162,5,5,-0.5443279,-0.5294118,0.065555796,0.18715504,0.34916112,0.2806324,-0.49648875,-0.37989777,20.954776053835047,79.18626771631479,1460.0,Nagpur,3,"{""type"":""MultiPoint"",""coordinates"":[]}",-9.558371941679622,-15.659294370347661,-9.172971380270676,-15.898420517311605
1_1_1_1_1_1_1_1_1_2_461_0_1_1_1_1_1_1_1_1_1_2_461_0,0.2253,0.2133,0.1589,0.1591,0.0538,0.05,0.073,0.0636,0.0855,0.0683,0.1746,0.1626,1,5,-0.51055986,-0.5406284,0.1267817,0.1348763,0.34256056,0.4084019,-0.41033927,-0.4376658,21.076048617191184,79.0548441902481,1461.0,Nagpur,3,"{""type"":""MultiPoint"",""coordinates"":[]}",-10.065668314158918,-15.217008165797829,-9.594053967002436,-14.994456828199976
1_1_1_1_1_1_1_1_1_2_462_0_1_1_1_1_1_1_1_1_1_2_462_0,0.2485,0.2248,0.17395,0.1483,0.0594,0.057,0.0777,0.0824,0.09495,0.0783,0.2164,0.2258,4,4,-0.52360517,-0.46354166,0.06904711,-0.0022192632,0.39007547,0.4850378,-0.4716083,-0.4652823,21.29209344302193,79.04047114570218,1462.0,Nagpur,3,"{""type"":""MultiPoint"",""coordinates"":[]}",-10.035051794162388,-18.178776240150807,-9.993691578684311,-17.432113399419116
1_1_1_1_1_1_1_1_1_2_463_0_1_1_1_1_1_1_1_1_1_2_463_0,0.3593,0.3318,0.2507,0.2613,0.0697,0.0806,0.0937,0.0983,0.1406,0.1242,0.2322,0.1992,5,5,-0.5863135,-0.542897,0.21487743,0.24971752,0.24570815,0.23191094,-0.42497697,-0.33915967,20.98334247987005,79.28283660935763,1463.0,Nagpur,3,"{""type"":""MultiPoint"",""coordinates"":[]}",-13.12307046900983,-20.860410050984232,-12.129415788545792,-19.117034196907387
1_1_1_1_1_1_1_1_1_2_464_0_1_1_1_1_1_1_1_1_1_2_464_0,0.2208,0.2347,0.1646,0.1601,0.0646,0.0647,0.0824,0.088,0.113,0.0955,0.2143,0.2276,4,4,-0.45646438,-0.4546018,0.014939095,0.015357993,0.30950198,0.40885174,-0.4445568,-0.44233206,21.12563562087458,79.20046109780388,1464.0,Nagpur,3,"{""type"":""MultiPoint"",""coordinates"":[]}",-10.860282835846732,-19.158106246503493,-8.550176784260596,-15.48149877818152
1_1_1_1_1_1_1_1_1_2_465_0_1_1_1_1_1_1_1_1_1_2_465_0,0.1919,0.2043,0.1441,0.1329,0.0628,0.0609,0.0822,0.0871,0.0834,0.0874,0.2295,0.2706,4,4,-0.4002189,-0.4021963,-0.08922639,-0.13960834,0.46692234,0.51173186,-0.4725698,-0.5129997,21.08880469422568,79.27017036385155,1465.0,Nagpur,3,"{""type"":""MultiPoint"",""coordinates"":[]}",-10.441233002363937,-16.412465855343086,-9.977129499154936,-16.5315597441166
1_1_1_1_1_1_1_1_1_2_466_0_1_1_1_1_1_1_1_1_1_2_466_0,0.1767,0.2369,0.1718,0.198,0.1086,0.0896,0.1188,0.1028,0.1402,0.1132,0.1497,0.164,7,5,-0.19593908,-0.39476007,0.082720585,0.18184085,0.032769922,0.18326119,-0.1150838,-0.2293853,21.00759699254128,79.17872186792819,1466.0,Nagpur,3,"{""type"":""MultiPoint"",""coordinates"":[]}",-12.24162700841533,-20.273303470190932,-12.555286737593644,-20.190879462367228
1_1_1_1_1_1_1_1_1_2_467_0_1_1_1_1_1_1_1_1_1_2_467_0,0.19,0.1813,0.1303,0.1017,0.055,0.0495,0.0786,0.073,0.0772,0.0579,0.2468,0.2894,4,1,-0.41474313,-0.42587495,-0.13003664,-0.22965796,0.5234568,0.66657066,-0.51690227,-0.59713024,21.07811474234466,79.25983973808418,1467.0,Nagpur,3,"{""type"":""MultiPoint"",""coordinates"":[]}",-9.48424459559488,-17.784729476492103,-10.063278116615637,-17.175344018335586
1_1_1_1_1_1_1_1_1_2_468_0_1_1_1_1_1_1_1_1_1_2_468_0,0.2414,0.2322,0.1926,0.1573,0.067,0.0666,0.0886,0.0908,0.1232,0.0976,0.2532,0.2316,4,4,-0.4630303,-0.4377709,-0.023857662,0.0012936611,0.34537727,0.4070474,-0.48156816,-0.43672457,21.026820939621437,79.23666320375389,1468.0,Nagpur,3,"{""type"":""MultiPoint"",""coordinates"":[]}",-8.952611992639143,-18.81357774620001,-10.36268414124862,-15.938111116167264
1_1_1_1_1_1_1_1_1_2_469_0_1_1_1_1_1_1_1_1_1_2_469_0,0.1996,0.2047,0.1313,0.127,0.0599,0.061,0.0847,0.0898,0.0884,0.0905,0.2625,0.2742,4,4,-0.40415055,-0.3901528,-0.13611773,-0.14512424,0.49615276,0.5037017,-0.51209676,-0.5065934,21.20935860535452,79.28229762018717,1469.0,Nagpur,3,"{""type"":""MultiPoint"",""coordinates"":[]}",-9.754809247342372,-16.31542866304287,-9.01719573848134,-15.517753543563051
1_1_1_1_1_1_1_1_1_2_470_0_1_1_1_1_1_1_1_1_1_2_470_0,0.25165,0.2305,0.1928,0.1767,0.0702,0.078,0.0887,0.0992,0.1126,0.1218,0.2025,0.2016,4,6,-0.47877187,-0.39824083,0.10822415,0.06688266,0.28530625,0.24675325,-0.3907967,-0.34042552,21.104345548640943,78.97318733092163,1470.0,Nagpur,3,"{""type"":""MultiPoint"",""coordinates"":[]}",-11.333986653084626,-20.046833513768185,-9.887237927914812,-16.485201537109024
1_1_1_1_1_1_1_1_1_2_471_0_1_1_1_1_1_1_1_1_1_2_471_0,0.3008,0.2571,0.2957,0.2363,0.1382,0.0826,0.161,0.0996,0.1832,0.1308,0.2157,0.157,6,6,-0.30272844,-0.4415475,0.16476282,0.24172905,0.08147405,0.09103544,-0.14520839,-0.22369447,21.136864561926075,79.18887283063873,1471.0,Nagpur,3,"{""type"":""MultiPoint"",""coordinates"":[]}",-11.55973478800117,-20.24638700388064,-9.455107248084026,-20.747433058381585
1_1_1_1_1_1_1_1_1_2_472_0_1_1_1_1_1_1_1_1_1_2_472_0,0.2871,0.2921,0.22035,0.2326,0.0849,0.0758,0.1082,0.0972,0.1522,0.1324,0.229,0.191,5,5,-0.45256767,-0.5006422,0.112575084,0.20927344,0.20146905,0.18119976,-0.35824436,-0.32546842,21.182229483774112,78.97300766786482,1472.0,Nagpur,3,"{""type"":""MultiPoint"",""coordinates"":[]}",-14.409901049377012,-20.339738019092803,-12.09726206726482,-20.077647062169582
1_1_1_1_1_1_1_1_1_2_473_0_1_1_1_1_1_1_1_1_1_2_473_0,0.33105,0.272,0.23255,0.2162,0.0762,0.0716,0.0997,0.0868,0.1416,0.1128,0.2352,0.1782,5,5,-0.5370865,-0.516165,0.16927153,0.20835185,0.24840765,0.22474226,-0.40459839,-0.34490567,20.962142239164827,78.95297523702895,1473.0,Nagpur,3,"{""type"":""MultiPoint"",""coordinates"":[]}",-13.078126095512697,-23.007121692005917,-8.106851782850402,-17.970791294300035
1_1_1_1_1_1_1_1_1_2_474_0_1_1_1_1_1_1_1_1_1_2_474_0,0.057,0.0399,0.0344,0.0286,0.035,0.0476,0.04,0.0584,0.0299,0.0445,0.0462,0.0427,0,0,-0.17525773,0.18819939,0.10465116,-0.033898305,0.21419185,-0.020642202,-0.07192575,0.1552918,21.208100963956756,79.23810050820849,1474.0,Nagpur,3,"{""type"":""MultiPoint"",""coordinates"":[]}",-14.881239229954486,-19.977473919166403,-20.68337962374613,-26.576951388905453
1_1_1_1_1_1_1_1_1_2_475_0_1_1_1_1_1_1_1_1_1_2_475_0,0.31975,0.1852,0.2392,0.1527,0.0826,0.0658,0.1116,0.0816,0.1562,0.0992,0.2423,0.1382,4,5,-0.48255476,-0.38830584,0.13779913,0.14533086,0.21606022,0.1642797,-0.36931336,-0.25750682,21.22831305784944,79.01271320342289,1475.0,Nagpur,3,"{""type"":""MultiPoint"",""coordinates"":[]}",-13.026286035705809,-18.41960817049313,-10.411047474613046,-19.336693963576533
1_1_1_1_1_1_1_1_1_2_476_0_1_1_1_1_1_1_1_1_1_2_476_0,0.24985,0.2294,0.17945,0.1791,0.06215,0.067,0.0858,0.0857,0.1239,0.111,0.2144,0.1786,4,5,-0.48875317,-0.4560457,0.07635972,0.124509804,0.26751405,0.23342541,-0.4283811,-0.35149452,21.229840193832445,78.95072944881865,1476.0,Nagpur,3,"{""type"":""MultiPoint"",""coordinates"":[]}",-10.20612976239793,-19.352472380770095,-11.522729832739715,-18.22386280406067
1_1_1_1_1_1_1_1_1_2_477_0_1_1_1_1_1_1_1_1_1_2_477_0,0.227,0.263,0.2081,0.2474,0.1088,0.1078,0.1399,0.1322,0.1685,0.1636,0.2004,0.2066,4,7,-0.23739439,-0.33097166,0.062236782,0.12010221,0.0864733,0.116153434,-0.17778431,-0.21959858,21.15986143319953,78.99124346813244,1477.0,Nagpur,3,"{""type"":""MultiPoint"",""coordinates"":[]}",-14.943772328689406,-24.451853778989452,-15.78288506378161,-23.31941244247904
1_1_1_1_1_1_1_1_1_2_478_0_1_1_1_1_1_1_1_1_1_2_478_0,0.23075,0.2141,0.15875,0.1469,0.056,0.0549,0.0741,0.0717,0.0886,0.0806,0.2056,0.1959,4,4,-0.5138593,-0.4982505,0.05763722,0.044390243,0.39768866,0.41699818,-0.4701466,-0.46412557,21.271072865373533,79.0495441300718,1478.0,Nagpur,3,"{""type"":""MultiPoint"",""coordinates"":[]}",-10.174093170744127,-16.563594853038815,-9.960153873645167,-17.533688127364623
1_1_1_1_1_1_1_1_1_2_479_0_1_1_1_1_1_1_1_1_1_2_479_0,0.19935,0.1993,0.1622,0.1695,0.08615,0.1072,0.1018,0.1206,0.1039,0.1166,0.1708,0.1866,6,6,-0.32392496,-0.24601439,0.07713089,0.03291008,0.24353841,0.23087071,-0.25311813,-0.21484375,21.130486523408827,79.00355038752488,1479.0,Nagpur,3,"{""type"":""MultiPoint"",""coordinates"":[]}",-6.499863919738665,-11.931828288609251,-5.069881633917657,-12.937937447473569
1_1_1_1_1_1_1_1_1_2_480_0_1_1_1_1_1_1_1_1_1_2_480_0,0.30325,0.2456,0.2091,0.1856,0.07225,0.0589,0.0914,0.0656,0.1404,0.0849,0.2307,0.134,5,4,-0.53680474,-0.57840616,0.13587415,0.29399368,0.24333064,0.22430333,-0.43247437,-0.34268537,21.18402611434235,79.0066944910193,1480.0,Nagpur,3,"{""type"":""MultiPoint"",""coordinates"":[]}",-13.322313358205143,-19.8875973634775,-10.93965307015878,-17.651144600605633
1_1_1_1_1_1_1_1_1_2_481_0_1_1_1_1_1_1_1_1_1_2_481_0,0.2181,0.1589,0.1677,0.13025,0.0652,0.0713,0.08555,0.07485,0.1084,0.08265,0.21625,0.131,4,7,-0.4365223,-0.3595722,0.004259238,0.09624008,0.33220392,0.22630471,-0.43306825,-0.27277145,21.27888820834537,79.14817914826813,1481.0,Nagpur,3,"{""type"":""MultiPoint"",""coordinates"":[]}",-9.683101248618225,-16.346663387399822,-10.670676712740075,-17.777606870695436
1_1_1_1_1_1_1_1_1_2_482_0_1_1_1_1_1_1_1_1_1_2_482_0,0.28295,0.2657,0.2162,0.2051,0.07905,0.06995,0.1048,0.09105,0.1395,0.1145,0.22935,0.20505,4,4,-0.4594455,-0.48955852,0.10462619,0.12883696,0.24359496,0.28336725,-0.37273678,-0.38500506,20.97184404423332,79.14557403394417,1482.0,Nagpur,3,"{""type"":""MultiPoint"",""coordinates"":[]}",-13.00114397599108,-23.09286833585326,-11.743948166531107,-20.773200684247968
1_1_1_1_1_1_1_1_1_2_483_0_1_1_1_1_1_1_1_1_1_2_483_0,0.2045,0.207,0.1317,0.1315,0.0404,0.0412,0.0548,0.0562,0.056,0.051,0.1888,0.1976,1,1,-0.57732356,-0.57294834,0.03991864,0.023232823,0.5424837,0.5897023,-0.5500821,-0.5571316,21.00499187821733,79.06831891950989,1483.0,Nagpur,3,"{""type"":""MultiPoint"",""coordinates"":[]}",-8.530975073334211,-14.676919775859771,-7.53537579239691,-13.542445164660508
1_1_1_1_1_1_1_1_1_2_484_0_1_1_1_1_1_1_1_1_1_2_484_0,0.23575,0.1833,0.16625,0.1453,0.06305,0.0664,0.0874,0.0856,0.1238,0.1056,0.2126,0.1534,4,5,-0.45907474,-0.3633321,0.051633768,0.08880309,0.26397145,0.18455598,-0.41733333,-0.28368202,21.239182672787287,78.97866705415477,1484.0,Nagpur,3,"{""type"":""MultiPoint"",""coordinates"":[]}",-11.645033977772952,-19.38422645687976,-11.749522763919053,-20.221272068049373
1_1_1_1_1_1_1_1_1_2_485_0_1_1_1_1_1_1_1_1_1_2_485_0,0.3038,0.2855,0.2328,0.2055,0.0894,0.061,0.115,0.0814,0.1472,0.0987,0.2427,0.19,4,5,-0.45081183,-0.55628234,0.11180238,0.20084122,0.2449346,0.31624523,-0.35700306,-0.40014738,20.9807373655461,79.2209426862818,1485.0,Nagpur,3,"{""type"":""MultiPoint"",""coordinates"":[]}",-11.634296949820794,-19.67366488792201,-10.270872195143973,-17.981598401793818
1_1_1_1_1_1_1_1_1_2_486_0_1_1_1_1_1_1_1_1_1_2_486_0,0.2367,0.2822,0.1885,0.2119,0.0678,0.0746,0.094,0.0986,0.125,0.1154,0.1954,0.2282,4,4,-0.43150893,-0.48214287,0.09557973,0.10579937,0.21972534,0.3282887,-0.3503801,-0.39657283,21.11494566899356,79.19866446723564,1486.0,Nagpur,3,"{""type"":""MultiPoint"",""coordinates"":[]}",-11.707868681958937,-19.501527784207227,-11.393560344645966,-17.738438619127873
1_1_1_1_1_1_1_1_1_2_487_0_1_1_1_1_1_1_1_1_1_2_487_0,0.19965,0.214,0.1229,0.1375,0.0527,0.0516,0.0694,0.07,0.07345,0.0702,0.2419,0.24,1,4,-0.48411077,-0.5070422,-0.09568565,-0.057268724,0.53416836,0.5473888,-0.5541279,-0.5483871,21.003913899876384,78.95980243318826,1487.0,Nagpur,3,"{""type"":""MultiPoint"",""coordinates"":[]}",-10.050191172101272,-18.188106456899472,-10.141238762215966,-16.55298981754351
1_1_1_1_1_1_1_1_1_2_488_0_1_1_1_1_1_1_1_1_1_2_488_0,0.192,0.2498,0.1279,0.1729,0.0542,0.0724,0.06705,0.096,0.07245,0.1057,0.1758,0.2177,1,1,-0.48233932,-0.44476575,0.044045676,0.0686631,0.41631418,0.34632036,-0.44780728,-0.38795027,20.9709457289492,79.14108245752358,1488.0,Nagpur,3,"{""type"":""MultiPoint"",""coordinates"":[]}",-8.414379898238307,-15.309832765946673,-8.390629576030666,-16.358046494407272
1_1_1_1_1_1_1_1_1_2_489_0_1_1_1_1_1_1_1_1_1_2_489_0,0.15075,0.1795,0.12325,0.1431,0.0728,0.0796,0.08425,0.0929,0.0982,0.1096,0.1262,0.1358,4,5,-0.2829787,-0.31791484,0.08864416,0.13859816,0.12477718,0.106764466,-0.19933476,-0.18758199,21.143871421142208,78.96977373284199,1489.0,Nagpur,3,"{""type"":""MultiPoint"",""coordinates"":[]}",-14.208021415950027,-20.246123743748786,-14.3284410609354,-20.381213106690097
1_1_1_1_1_1_1_1_1_2_490_0_1_1_1_1_1_1_1_1_1_2_490_0,0.3135,0.2453,0.2419,0.1909,0.0858,0.0907,0.1188,0.1192,0.1598,0.145,0.2402,0.1936,4,4,-0.45038167,-0.34595338,0.13238215,0.117794484,0.201,0.14353219,-0.33816156,-0.23785166,21.03688207080357,79.07469695802715,1490.0,Nagpur,3,"{""type"":""MultiPoint"",""coordinates"":[]}",-11.695008701291165,-20.130242737090317,-11.191120058985769,-18.052007770835342
1_1_1_1_1_1_1_1_1_2_491_0_1_1_1_1_1_1_1_1_1_2_491_0,0.267,0.2564,0.2525,0.2499,0.1042,0.1036,0.123,0.1216,0.1474,0.148,0.183,0.1874,6,6,-0.36923078,-0.35661376,0.18666667,0.15547544,0.10774818,0.11747167,-0.19607843,-0.21294498,21.13964933930685,79.26549912437413,1491.0,Nagpur,3,"{""type"":""MultiPoint"",""coordinates"":[]}",-5.874192858025443,-12.38105621960396,-3.8623179725508128,-12.88469530615681
1_1_1_1_1_1_1_1_1_2_492_0_1_1_1_1_1_1_1_1_1_2_492_0,0.2311,0.2283,0.18165,0.16275,0.0716,0.06865,0.08875,0.0895,0.0999,0.09,0.23135,0.2415,6,6,-0.44505236,-0.43675268,-0.000540599,-0.028097063,0.3968302,0.45701358,-0.4454858,-0.4592145,21.29029681245369,79.10479052004514,1492.0,Nagpur,3,"{""type"":""MultiPoint"",""coordinates"":[]}",-9.32764167706063,-16.47112321211962,-8.15905252527097,-14.676522746305572
1_1_1_1_1_1_1_1_1_2_493_0_1_1_1_1_1_1_1_1_1_2_493_0,0.2492,0.2724,0.1773,0.19005,0.05965,0.05875,0.0761,0.0776,0.0981,0.0949,0.1858,0.1899,4,4,-0.5321242,-0.5565714,0.14574713,0.17845555,0.3089116,0.3335674,-0.41886216,-0.4198131,20.996547714546605,79.13434509289269,1493.0,Nagpur,3,"{""type"":""MultiPoint"",""coordinates"":[]}",-11.33726837148682,-17.614845361825896,-13.395333760214275,-17.679746850600655
1_1_1_1_1_1_1_1_1_2_494_0_1_1_1_1_1_1_1_1_1_2_494_0,0.1979,0.2257,0.1064,0.1451,0.0547,0.0728,0.0794,0.1036,0.0716,0.109,0.3196,0.2808,4,4,-0.42733502,-0.37078652,-0.23516908,-0.108785786,0.63394684,0.44073883,-0.602005,-0.46097815,21.17585144525686,79.21806807737262,1494.0,Nagpur,3,"{""type"":""MultiPoint"",""coordinates"":[]}",-10.471211419731434,-18.218749999518714,-10.592782080790961,-18.796771591686493
1_1_1_1_1_1_1_1_1_2_495_0_1_1_1_1_1_1_1_1_1_2_495_0,0.1984,0.1886,0.1374,0.1229,0.0585,0.0563,0.072,0.0822,0.0875,0.0761,0.1992,0.2408,4,1,-0.46745563,-0.39290988,-0.0020120724,-0.12156498,0.38960585,0.5197223,-0.46902654,-0.49102166,20.983701805983696,79.07451729497032,1495.0,Nagpur,3,"{""type"":""MultiPoint"",""coordinates"":[]}",-9.380189797921428,-18.149420035876968,-9.657142237057565,-16.5149506512312
1_1_1_1_1_1_1_1_1_2_496_0_1_1_1_1_1_1_1_1_1_2_496_0,0.33835,0.2778,0.26105,0.2208,0.09285,0.0764,0.1278,0.1027,0.1755,0.1232,0.2743,0.2022,4,4,-0.45167863,-0.46018398,0.104545824,0.1575,0.21965317,0.24277812,-0.36433724,-0.3263365,21.021700542501957,79.11548047192618,1496.0,Nagpur,3,"{""type"":""MultiPoint"",""coordinates"":[]}",-15.011669495472152,-19.918579756478692,-11.933525906112825,-19.596624214877625
1_1_1_1_1_1_1_1_1_2_497_0_1_1_1_1_1_1_1_1_1_2_497_0,0.2349,0.2472,0.172,0.172,0.0606,0.061,0.0818,0.082,0.1026,0.0916,0.2184,0.221,4,4,-0.4834228,-0.5018226,0.036399737,0.055958994,0.36074767,0.41394752,-0.45503,-0.45874587,20.999961312626255,79.27403311957326,1497.0,Nagpur,3,"{""type"":""MultiPoint"",""coordinates"":[]}",-9.873341146365053,-17.97098648721762,-10.257128687955838,-16.611872707946873
1_1_1_1_1_1_1_1_1_2_498_0_1_1_1_1_1_1_1_1_1_2_498_0,0.23345,0.2403,0.1907,0.1905,0.09065,0.1069,0.1176,0.1255,0.1327,0.136,0.1991,0.2225,6,6,-0.33000997,-0.3138327,0.07941279,0.03846154,0.20012055,0.24128312,-0.25734133,-0.27873564,21.22930120466197,79.08691404589116,1498.0,Nagpur,3,"{""type"":""MultiPoint"",""coordinates"":[]}",-7.999339452456116,-15.914927364986792,-6.82732943563434,-15.900188920224057
1_1_1_1_1_1_1_1_1_2_499_0_1_1_1_1_1_1_1_1_1_2_499_0,0.167,0.2001,0.106,0.1251,0.0513,0.0545,0.0736,0.0804,0.0544,0.0744,0.2272,0.2598,4,4,-0.38819617,-0.42673796,-0.15271436,-0.12981082,0.6136364,0.55475765,-0.5106383,-0.52733684,21.085660590731266,79.22022403405451,1499.0,Nagpur,3,"{""type"":""MultiPoint"",""coordinates"":[]}",-9.427031189481905,-18.473980467980443,-10.142419566821545,-19.528124317185416
1_1_1_1_1_1_1_1_2_0_0_1_1_1_1_1_1_1_1_2_0_0,0.24645,0.2379,0.1803,0.1762,0.0286,0.0498,0.0552,0.0733,0.0733,0.0866,0.1858,0.2052,1,1,-0.63401294,-0.5289203,0.14031231,0.07379824,0.43419528,0.40644276,-0.54190874,-0.4736086,19.26693146650288,72.80580374779906,1500.0,Mumbai,4,"{""type"":""MultiPoint"",""coordinates"":[]}",-10.478698221252321,-16.093366661341808,-9.107085147927798,-15.481718483560961
1_1_1_1_1_1_1_1_2_1_0_1_1_1_1_1_1_1_1_2_1_0,0.2025,0.2101,0.12815,0.1299,0.02925,0.0466,0.0572,0.0718,0.0507,0.0758,0.2186,0.2212,1,1,-0.5594917,-0.4905995,-0.0382332,-0.025736146,0.6234683,0.4895623,-0.5852067,-0.5098976,19.19973748325074,72.88898774310853,1501.0,Mumbai,4,"{""type"":""MultiPoint"",""coordinates"":[]}",-8.273359809480324,-14.757893959012604,-8.17651159769542,-15.278683942736343
1_1_1_1_1_1_1_1_2_2_0_1_1_1_1_1_1_1_1_2_2_0,0.1797,0.1783,0.1506,0.1548,0.072,0.08965,0.0836,0.10245,0.0986,0.1179,0.1758,0.2011,6,6,-0.3649829,-0.2701692,0.010970464,-0.060094886,0.2813411,0.26081505,-0.3554356,-0.32498765,19.004353908954744,73.11832763514424,1502.0,Mumbai,4,"{""type"":""MultiPoint"",""coordinates"":[]}",-6.059493820078867,-8.443296104711024,-3.851444654106115,-9.28954771846967
1_1_1_1_1_1_1_1_2_3_0_1_1_1_1_1_1_1_1_2_3_0,0.1629,0.1826,0.15085,0.171,0.081,0.1032,0.0835,0.098,0.08935,0.107,0.1404,0.1564,6,6,-0.32224026,-0.3014968,0.07418398,0.07728614,0.22219804,0.18754746,-0.25413132,-0.22955975,19.103258421736303,73.00289412113489,1503.0,Mumbai,4,"{""type"":""MultiPoint"",""coordinates"":[]}",-3.7180946741685927,-6.593185886711118,-3.3760324379228583,-6.786938737954555
1_1_1_1_1_1_1_1_2_4_0_1_1_1_1_1_1_1_1_2_4_0,0.23355,0.15195,0.2261,0.14065,0.1005,0.0771,0.1408,0.09265,0.1888,0.1081,0.2203,0.1169,7,6,-0.24776278,-0.24243663,0.029194668,0.1303701,0.076998286,0.03911111,-0.22016062,-0.11572417,18.960785617674947,73.03424532455065,1504.0,Mumbai,4,"{""type"":""MultiPoint"",""coordinates"":[]}",-12.201865132887292,-20.846246196904918,-7.148875113080482,-14.320308713828844
1_1_1_1_1_1_1_1_2_5_0_1_1_1_1_1_1_1_1_2_5_0,0.1892,0.19305,0.1071,0.11675,0.0532,0.04915,0.0716,0.06905,0.061,0.0615,0.2488,0.2327,1,1,-0.45092025,-0.47310188,-0.13607305,-0.09312977,0.60619754,0.58191705,-0.5530587,-0.54233634,18.88703393284873,73.12964640772415,1505.0,Mumbai,4,"{""type"":""MultiPoint"",""coordinates"":[]}",-7.327069369184261,-12.686616506391594,-7.48298215760108,-13.984284262530903
1_1_1_1_1_1_1_1_2_6_0_1_1_1_1_1_1_1_1_2_6_0,0.1812,0.1752,0.15165,0.1484,0.05725,0.0656,0.0818,0.0865,0.0944,0.0976,0.1904,0.1868,6,6,-0.37794676,-0.33893773,-0.024757804,-0.0320442,0.33707866,0.31364277,-0.39897135,-0.36699596,19.169643921232733,72.84955170213568,1506.0,Mumbai,4,"{""type"":""MultiPoint"",""coordinates"":[]}",-7.1447618837421345,-15.101731384761422,-7.2068515602973875,-13.112121257230324
1_1_1_1_1_1_1_1_2_7_0_1_1_1_1_1_1_1_1_2_7_0,0.0122,0.01795,0.0116,0.0147,0.08775,0.077,0.1043,0.09435,0.1032,0.0905,0.07965,0.04755,0,0,0.7905579,0.68032056,-0.7343495,-0.4519084,-0.12879409,-0.31111917,0.1340038,0.32980973,18.95611437819753,72.92447119683125,1507.0,Mumbai,4,"{""type"":""MultiPoint"",""coordinates"":[]}",-19.259266160920966,-27.299093456258262,-22.20757635198838,-27.822738886579994
1_1_1_1_1_1_1_1_2_8_0_1_1_1_1_1_1_1_1_2_8_0,0.02205,0.0182,0.0167,0.017,0.05405,0.0642,0.0711,0.0763,0.053,0.0526,0.03145,0.0275,0,0,0.52657,0.6148148,-0.17570093,-0.20350109,-0.25518057,-0.3133583,0.38664067,0.47013488,19.00417424589792,72.7962816057874,1508.0,Mumbai,4,"{""type"":""MultiPoint"",""coordinates"":[]}",-21.57479304737834,-30.969474160451675,-19.66841612347308,-29.408134145684507
1_1_1_1_1_1_1_1_2_9_0_1_1_1_1_1_1_1_1_2_9_0,0.21445,0.2148,0.21005,0.2046,0.10275,0.0992,0.1212,0.1088,0.1432,0.1246,0.179,0.1572,6,6,-0.27781916,-0.3275649,0.09010039,0.15483871,0.11111111,0.11568488,-0.1925383,-0.18195489,19.20090529312009,72.83454983689089,1509.0,Mumbai,4,"{""type"":""MultiPoint"",""coordinates"":[]}",0.7255069891560666,-12.273390324106815,-0.07012735462698008,-12.384077361952427
1_1_1_1_1_1_1_1_2_10_0_1_1_1_1_1_1_1_1_2_10_0,0.0166,0.0886,0.0152,0.057,0.0588,0.0653,0.0754,0.0816,0.0862,0.0766,0.062,0.115,0,0,0.6391304,-0.041128084,-0.57760817,-0.12966602,-0.16329284,0.20041753,0.09752547,-0.1698881,18.991148674278183,73.02616048699358,1510.0,Mumbai,4,"{""type"":""MultiPoint"",""coordinates"":[]}",-17.931588069435627,-27.344734968815423,-11.486173371119893,-20.346061014069576
1_1_1_1_1_1_1_1_2_11_0_1_1_1_1_1_1_1_1_2_11_0,0.1789,0.20335,0.1541,0.15315,0.028,0.05655,0.0576,0.0767,0.0778,0.09055,0.149,0.1906,1,1,-0.5128964,-0.45224068,0.09118634,0.032364514,0.31393299,0.35585988,-0.44240078,-0.42611298,19.29882165908912,73.01448238830002,1511.0,Mumbai,4,"{""type"":""MultiPoint"",""coordinates"":[]}",-9.47846212627681,-15.158708049889832,-8.709800776871406,-16.407049936122938
1_1_1_1_1_1_1_1_2_12_0_1_1_1_1_1_1_1_1_2_12_0,0.2091,0.2219,0.159,0.1697,0.04995,0.0636,0.07665,0.0896,0.094,0.1078,0.1804,0.1974,5,5,-0.46351707,-0.4247191,0.07368421,0.058430716,0.3148688,0.29357797,-0.40361798,-0.37560976,19.21985974561501,72.79089171408268,1512.0,Mumbai,4,"{""type"":""MultiPoint"",""coordinates"":[]}",-11.657023194349305,-18.137069087020514,-12.156881821354276,-19.834457979372264
1_1_1_1_1_1_1_1_2_13_0_1_1_1_1_1_1_1_1_2_13_0,0.1837,0.187,0.1284,0.126,0.03765,0.0456,0.0559,0.0604,0.06525,0.0714,0.1803,0.1752,1,1,-0.533389,-0.5117219,0.00934066,0.032578684,0.46854,0.42092457,-0.5266723,-0.48726654,19.151677615550344,72.89383864564277,1513.0,Mumbai,4,"{""type"":""MultiPoint"",""coordinates"":[]}",-9.190387206365905,-15.373816340548114,-9.752165036991752,-16.33443760074333
1_1_1_1_1_1_1_1_2_14_0_1_1_1_1_1_1_1_1_2_14_0,0.01125,0.0209,0.01055,0.0166,0.0521,0.073,0.0722,0.0914,0.0644,0.0775,0.01435,0.038,0,0,0.7303775,0.6277827,-0.12109375,-0.29032257,-0.63555557,-0.34199134,0.66839975,0.4126739,19.15006064803893,72.78244755041196,1514.0,Mumbai,4,"{""type"":""MultiPoint"",""coordinates"":[]}",-21.28239425220505,-29.333618516306625,-21.70191724749517,-31.15172778262974
1_1_1_1_1_1_1_1_2_15_0_1_1_1_1_1_1_1_1_2_15_0,0.01565,0.0226,0.01295,0.018,0.0597,0.0722,0.0789,0.0884,0.06625,0.0737,0.0312,0.0358,0,0,0.66895825,0.5927928,-0.33191034,-0.2260274,-0.35967162,-0.34611872,0.4332425,0.42351046,19.118889107679983,72.77768647940613,1515.0,Mumbai,4,"{""type"":""MultiPoint"",""coordinates"":[]}",-20.67849486828068,-29.447799344753605,-20.4417996911942,-33.48528556236249
1_1_1_1_1_1_1_1_2_16_0_1_1_1_1_1_1_1_1_2_16_0,0.0163,0.017,0.0122,0.0155,0.04785,0.0657,0.07085,0.0786,0.0547,0.059,0.0285,0.0325,0,0,0.6259323,0.6443515,-0.27232143,-0.3131313,-0.31490386,-0.28961748,0.42627075,0.4149415,19.027889769398676,72.79421548063392,1516.0,Mumbai,4,"{""type"":""MultiPoint"",""coordinates"":[]}",-20.14754421222863,-29.77797311939498,-22.354663757046893,-30.63616048061121
1_1_1_1_1_1_1_1_2_17_0_1_1_1_1_1_1_1_1_2_17_0,0.0186,0.0171,0.0144,0.0122,0.0749,0.067,0.08805,0.0842,0.0939,0.076,0.0593,0.0401,0,0,0.6511955,0.6623889,-0.5224647,-0.4020979,-0.22584857,-0.3092162,0.19511367,0.3547868,18.86250992559227,72.98591596226503,1517.0,Mumbai,4,"{""type"":""MultiPoint"",""coordinates"":[]}",-21.88768007483952,-27.74786854527917,-24.479790910690326,-28.412331883657437
1_1_1_1_1_1_1_1_2_18_0_1_1_1_1_1_1_1_1_2_18_0,0.154,0.1464,0.1422,0.1297,0.06035,0.0763,0.0756,0.0876,0.09545,0.1028,0.1104,0.11,6,6,-0.34146342,-0.25128207,0.16490166,0.14196567,0.0726257,0.033834588,-0.18709677,-0.11336032,19.087178578150564,72.86356542056795,1518.0,Mumbai,4,"{""type"":""MultiPoint"",""coordinates"":[]}",-11.805159149590608,-20.087770680410962,-8.807057272787201,-15.967169503569199
1_1_1_1_1_1_1_1_2_19_0_1_1_1_1_1_1_1_1_2_19_0,0.2051,0.21915,0.1989,0.20785,0.08,0.0892,0.0876,0.0985,0.0966,0.1097,0.1404,0.1404,6,6,-0.40143493,-0.37982056,0.18726483,0.21902378,0.18481013,0.1227509,-0.23157895,-0.17538719,18.97012809662979,72.84407197890256,1519.0,Mumbai,4,"{""type"":""MultiPoint"",""coordinates"":[]}",-6.928056442074681,-15.894640335820554,-4.584613928218184,-14.88440846609954
1_1_1_1_1_1_1_1_2_20_0_1_1_1_1_1_1_1_1_2_20_0,0.125,0.1339,0.0728,0.08705,0.0259,0.04585,0.0434,0.0617,0.03925,0.0593,0.1944,0.1822,1,1,-0.48456058,-0.36912066,-0.2172824,-0.15279974,0.6640274,0.50890267,-0.6349874,-0.49405494,19.210157940546527,72.96750049894058,1520.0,Mumbai,4,"{""type"":""MultiPoint"",""coordinates"":[]}",-8.212557916916996,-14.068108343072543,-7.7953331444899385,-14.249781272658783
1_1_1_1_1_1_1_1_2_21_0_1_1_1_1_1_1_1_1_2_21_0,0.2161,0.2552,0.1636,0.1989,0.0586,0.08055,0.075,0.10165,0.0977,0.1354,0.1908,0.212,4,5,-0.48471317,-0.43029284,0.06217744,0.09246575,0.32270363,0.2204951,-0.4356659,-0.3518253,19.09355661666781,73.11096144981447,1521.0,Mumbai,4,"{""type"":""MultiPoint"",""coordinates"":[]}",-9.876827038805054,-16.922456453443882,-8.575376954019017,-15.270332073753568
1_1_1_1_1_1_1_1_2_22_0_1_1_1_1_1_1_1_1_2_22_0,0.1783,0.1913,0.1268,0.1505,0.0603,0.0706333333333333,0.0739,0.0852,0.07885,0.1052,0.1696,0.1806,6,6,-0.41395718,-0.38372514,0.025007186,0.028771175,0.36526465,0.26382086,-0.39301848,-0.3589165,18.96159410143065,73.14824153410542,1522.0,Mumbai,4,"{""type"":""MultiPoint"",""coordinates"":[]}",-9.011916789499088,-14.67434085305695,-6.9227420473505035,-14.928932048650537
1_1_1_1_1_1_1_1_2_23_0_1_1_1_1_1_1_1_1_2_23_0,0.1907,0.156,0.18865,0.1382,0.06495,0.062,0.0722,0.0734,0.0838,0.084,0.1145,0.1132,6,6,-0.45074174,-0.36006975,0.24967235,0.1589896,0.15481594,0.14807302,-0.22656669,-0.21329047,19.01423537708006,72.8444313050162,1523.0,Mumbai,4,"{""type"":""MultiPoint"",""coordinates"":[]}",-7.227944718130164,-10.812277930663665,-5.002454919978779,-11.676136751960865
1_1_1_1_1_1_1_1_2_24_0_1_1_1_1_1_1_1_1_2_24_0,0.01605,0.0155,0.014,0.0133,0.08685,0.0776,0.1001,0.0944,0.0991,0.0844,0.0504,0.0443,0,0,0.7236332,0.71792537,-0.51693004,-0.48160535,-0.3257525,-0.31157732,0.33023256,0.36121124,18.859365822097853,72.89410814022801,1524.0,Mumbai,4,"{""type"":""MultiPoint"",""coordinates"":[]}",-19.43961833783488,-32.07587206071497,-20.175054349257756,-36.664582038692686
1_1_1_1_1_1_1_1_2_25_0_1_1_1_1_1_1_1_1_2_25_0,0.01695,0.021,0.0163,0.0176,0.0438,0.0608,0.0654,0.0744,0.0464,0.052,0.0121,0.0238,0,0,0.5883424,0.5597484,0.16695353,-0.0625,-0.5863248,-0.37203166,0.68774194,0.51527494,18.98315366824952,72.81083431339013,1525.0,Mumbai,4,"{""type"":""MultiPoint"",""coordinates"":[]}",-20.856082038232962,-28.361597365047942,-19.641015720209055,-27.897983687591047
1_1_1_1_1_1_1_1_2_26_0_1_1_1_1_1_1_1_1_2_26_0,0.0907,0.1084,0.0458,0.062,0.0169,0.0413,0.0443,0.059,0.0418,0.0538,0.1717,0.1766,3,3,-0.34370372,-0.29510155,-0.30868903,-0.23929824,0.6084309,0.5329861,-0.58981484,-0.4991511,19.2249801427345,72.79080188255426,1526.0,Mumbai,4,"{""type"":""MultiPoint"",""coordinates"":[]}",-6.956942636504284,-12.919861950407881,-6.770681202566113,-14.445697312226287
1_1_1_1_1_1_1_1_2_27_0_1_1_1_1_1_1_1_1_2_27_0,0.18425,0.1706,0.15055,0.1188,0.07985,0.0959,0.1166,0.116,0.135,0.129,0.2178,0.207,6,6,-0.22486289,-0.19050942,-0.08344733,-0.0963983,0.23469388,0.23214285,-0.3026316,-0.28173375,19.14997081651052,72.94944436172977,1527.0,Mumbai,4,"{""type"":""MultiPoint"",""coordinates"":[]}",-5.422011533069462,-10.000485792619266,-5.124245421475269,-10.30277000899603
1_1_1_1_1_1_1_1_2_28_0_1_1_1_1_1_1_1_1_2_28_0,0.20705,0.24435,0.2016,0.23195,0.1044,0.1345,0.1287,0.1315,0.1724,0.1388,0.19,0.2166,6,6,-0.23335816,-0.30025277,0.042941693,0.060201757,0.048565123,0.21890827,-0.19234389,-0.24446999,19.08053104504808,73.1375515822244,1528.0,Mumbai,4,"{""type"":""MultiPoint"",""coordinates"":[]}",-9.553438664087622,-15.748488319362533,-8.393711781881636,-17.03438736711029
1_1_1_1_1_1_1_1_2_29_0_1_1_1_1_1_1_1_1_2_29_0,0.2367,0.2521,0.16405,0.1858,0.0263,0.0577,0.0538,0.0746,0.0755,0.093,0.2174,0.2032,5,5,-0.6296041,-0.5433119,0.04250165,0.107401714,0.4844657,0.3720459,-0.60324484,-0.46292296,19.19524590683014,72.78397468639496,1529.0,Mumbai,4,"{""type"":""MultiPoint"",""coordinates"":[]}",-9.947216208434096,-14.632562793157527,-8.436852714426339,-14.35522327647607
1_1_1_1_1_1_1_1_2_30_0_1_1_1_1_1_1_1_1_2_30_0,0.19805,0.2058,0.1713,0.1782,0.0389,0.0713,0.0609,0.0912,0.0855,0.1142,0.1411,0.1682,1,1,-0.52963895,-0.3858586,0.1679198,0.10053476,0.24536629,0.19121814,-0.3970297,-0.29683885,19.186442417045768,73.01250609467496,1530.0,Mumbai,4,"{""type"":""MultiPoint"",""coordinates"":[]}",-15.742202181898808,-20.275893497267923,-14.237772372371825,-21.25848397153798
1_1_1_1_1_1_1_1_2_31_0_1_1_1_1_1_1_1_1_2_31_0,0.2202,0.1569,0.14255,0.1086,0.03115,0.0451,0.07485,0.0634,0.0563,0.0696,0.2948,0.178,4,6,-0.49262837,-0.42442125,-0.14485437,-0.06300388,0.67929363,0.4378029,-0.5950223,-0.47473073,19.29379109349805,72.85161782728916,1531.0,Mumbai,4,"{""type"":""MultiPoint"",""coordinates"":[]}",-8.386289250042228,-15.948387491815005,-7.635699995600958,-14.233220376229351
1_1_1_1_1_1_1_1_2_32_0_1_1_1_1_1_1_1_1_2_32_0,0.1777,0.19695,0.13655,0.14795,0.06955,0.0707,0.0878,0.08495,0.09885,0.0951,0.1889,0.1792,6,6,-0.33860642,-0.397304,-0.030551009,0.04718862,0.31294528,0.3065986,-0.36537766,-0.35680485,18.90293411337765,72.97944809221937,1532.0,Mumbai,4,"{""type"":""MultiPoint"",""coordinates"":[]}",-11.889993757067339,-17.190468392726096,-10.56146776137031,-17.807177615002587
1_1_1_1_1_1_1_1_2_33_0_1_1_1_1_1_1_1_1_2_33_0,0.1975,0.1702,0.1766,0.1645,0.0764,0.0958,0.1162,0.1162,0.1476,0.1344,0.1736,0.1486,7,7,-0.2591648,-0.18854749,0.064403124,0.067754075,0.08094645,0.05017668,-0.19806764,-0.1223565,18.99375378860213,73.05930832097759,1533.0,Mumbai,4,"{""type"":""MultiPoint"",""coordinates"":[]}",-10.377381410879416,-20.720946700776672,-4.889674785499371,-13.028974747376854
1_1_1_1_1_1_1_1_2_34_0_1_1_1_1_1_1_1_1_2_34_0,0.18315,0.1641,0.1712,0.1395,0.0884,0.087,0.1151,0.1032,0.1394,0.1202,0.1739,0.1532,6,6,-0.22816429,-0.2278339,0.025906736,0.034352347,0.1101181,0.12070227,-0.2034602,-0.1950078,19.008575990790103,72.86374508362478,1534.0,Mumbai,4,"{""type"":""MultiPoint"",""coordinates"":[]}",-4.114916339667422,-10.462503644304567,-3.6655603242762664,-9.200331381335982
1_1_1_1_1_1_1_1_2_35_0_1_1_1_1_1_1_1_1_2_35_0,0.0413,0.2287,0.0369,0.2196,0.0416,0.1166,0.0528,0.1456,0.052,0.1892,0.0586,0.2166,3,7,0.12221041,-0.22201443,-0.17317317,0.027172692,0.0596745,0.067520946,-0.05206463,-0.1960243,18.99968266947732,73.06164394071631,1535.0,Mumbai,4,"{""type"":""MultiPoint"",""coordinates"":[]}",-9.47693184508497,-18.758006194212577,-12.107410599625904,-24.568976670984142
1_1_1_1_1_1_1_1_2_36_0_1_1_1_1_1_1_1_1_2_36_0,0.137,0.1502,0.1024,0.1078,0.045,0.0687,0.0578,0.0786,0.069,0.0842,0.1926,0.1788,6,6,-0.40657085,-0.31293705,-0.16868933,-0.08693009,0.47247708,0.35969582,-0.53833866,-0.3892774,19.081698854917438,72.89797089594973,1536.0,Mumbai,4,"{""type"":""MultiPoint"",""coordinates"":[]}",-5.071510348860279,-10.346775683180866,-5.241938407253589,-11.914496848338477
1_1_1_1_1_1_1_1_2_37_0_1_1_1_1_1_1_1_1_2_37_0,0.1683,0.1668,0.14355,0.1553,0.0609,0.0647,0.077,0.0816,0.087,0.1052,0.1135,0.129,7,7,-0.3721973,-0.34299517,0.19446416,0.12778905,0.13216957,0.101622544,-0.19160105,-0.22507122,18.886045786036203,73.02014177458999,1537.0,Mumbai,4,"{""type"":""MultiPoint"",""coordinates"":[]}",-12.407486948117132,-20.683430925938296,-8.049828876441463,-19.883501740463522
1_1_1_1_1_1_1_1_2_38_0_1_1_1_1_1_1_1_1_2_38_0,0.17965,0.194,0.11615,0.1253,0.0353,0.0424,0.05645,0.0686,0.06155,0.0686,0.1725,0.1806,1,1,-0.5218128,-0.47753236,0.020303847,0.03577149,0.474044,0.4494382,-0.5068792,-0.4494382,19.188867868312894,72.8796452641537,1538.0,Mumbai,4,"{""type"":""MultiPoint"",""coordinates"":[]}",-9.275576107223966,-15.555000704929089,-8.546418437372843,-14.467702003292233
1_1_1_1_1_1_1_1_2_39_0_1_1_1_1_1_1_1_1_2_39_0,0.013,0.0166,0.0122,0.0138,0.0634,0.0664,0.0746,0.0764,0.0702,0.0647,0.0374,0.0364,0,0,0.70319635,0.64301074,-0.48412699,-0.3735849,-0.30483273,-0.27992088,0.33214286,0.35460994,19.059151141286037,72.96857847728153,1539.0,Mumbai,4,"{""type"":""MultiPoint"",""coordinates"":[]}",-23.175199608495937,-27.10310762134413,-24.615045502887295,-26.1367727244075
1_1_1_1_1_1_1_1_2_40_0_1_1_1_1_1_1_1_1_2_40_0,0.23045,0.2289,0.2156,0.2086,0.0844,0.082,0.1019,0.0975,0.128,0.12,0.1746,0.1542,5,5,-0.38679102,-0.40257353,0.13788421,0.19498825,0.15399867,0.124726474,-0.26292947,-0.22526817,18.88281185101337,73.04439628726121,1540.0,Mumbai,4,"{""type"":""MultiPoint"",""coordinates"":[]}",-11.663734586165283,-19.918843867741565,-10.959425874305627,-20.593599330053678
1_1_1_1_1_1_1_1_2_41_0_1_1_1_1_1_1_1_1_2_41_0,0.1852,0.1545,0.1511,0.12165,0.0639,0.0683,0.0857,0.0809,0.0938,0.09115,0.1792,0.1697,6,6,-0.3672942,-0.3126593,0.016465422,-0.046884637,0.31282052,0.30113092,-0.3529634,-0.35434955,19.289209685549043,73.09811554125156,1541.0,Mumbai,4,"{""type"":""MultiPoint"",""coordinates"":[]}",-6.892690056272545,-12.58688692830884,-1.812045919497264,-12.558523887296921
1_1_1_1_1_1_1_1_2_42_0_1_1_1_1_1_1_1_1_2_42_0,0.1952,0.1953,0.1219,0.1346,0.049,0.050675,0.06565,0.0666,0.06115,0.0758,0.2277,0.1872,1,1,-0.49664557,-0.49140894,-0.07685032,0.02117647,0.57659686,0.42357415,-0.5524118,-0.47517732,18.92781744674776,73.13440747872998,1542.0,Mumbai,4,"{""type"":""MultiPoint"",""coordinates"":[]}",-7.665430722690146,-14.36433293831891,-7.048409417949882,-15.574555054993832
1_1_1_1_1_1_1_1_2_43_0_1_1_1_1_1_1_1_1_2_43_0,0.01575,0.0188,0.0124,0.0164,0.05055,0.0648,0.0712,0.0764,0.0581,0.0584,0.03195,0.0328,0,0,0.63772285,0.60504204,-0.33962265,-0.27131784,-0.29039422,-0.28070176,0.38051382,0.3992674,19.031123704421503,72.80122233985006,1543.0,Mumbai,4,"{""type"":""MultiPoint"",""coordinates"":[]}",-20.500525926023908,-29.949124524548616,-18.42906817963735,-32.34599371104728
1_1_1_1_1_1_1_1_2_44_0_1_1_1_1_1_1_1_1_2_44_0,0.2348,0.2378,0.2244,0.2227,0.06845,0.0916,0.0892,0.102,0.111,0.1184,0.176,0.1592,6,6,-0.44938272,-0.39964685,0.14313534,0.19798489,0.22648084,0.14697406,-0.32730016,-0.21898928,19.265494162048288,72.86985362755678,1544.0,Mumbai,4,"{""type"":""MultiPoint"",""coordinates"":[]}",3.652335970729247,-13.212917029328079,3.008166678300773,-12.786658129092098
1_1_1_1_1_1_1_1_2_45_0_1_1_1_1_1_1_1_1_2_45_0,0.1625,0.1766,0.12845,0.1424,0.04005,0.065,0.0635,0.083,0.0816,0.1046,0.1542,0.1744,6,6,-0.4380531,-0.3605547,0.026207767,0.006267806,0.30788803,0.2501792,-0.4166284,-0.35508937,19.06409187534869,72.82835146143046,1545.0,Mumbai,4,"{""type"":""MultiPoint"",""coordinates"":[]}",-3.195608866283451,-15.37290918232175,0.39683368804986147,-14.74240315255651
1_1_1_1_1_1_1_1_2_46_0_1_1_1_1_1_1_1_1_2_46_0,0.15935,0.1821,0.15525,0.1486,0.0817,0.05925,0.1048,0.0743,0.1399,0.09515,0.1598,0.1371,6,5,-0.20651145,-0.42043683,-0.0014099953,0.14097744,0.06639973,0.18062432,-0.20786092,-0.29706717,19.24582105732607,73.05023533660798,1546.0,Mumbai,4,"{""type"":""MultiPoint"",""coordinates"":[]}",-10.321655873623618,-20.517660388631292,-8.145695505005328,-16.839368336602902
1_1_1_1_1_1_1_1_2_47_0_1_1_1_1_1_1_1_1_2_47_0,0.212,0.13715,0.20055,0.1009,0.1051,0.05705,0.1338,0.0719,0.1693,0.0814,0.1976,0.1431,7,5,-0.22614227,-0.31212628,0.03515625,-0.021231044,0.07713273,0.27483296,-0.1925166,-0.33116278,18.975338325277683,73.04367763503392,1547.0,Mumbai,4,"{""type"":""MultiPoint"",""coordinates"":[]}",-12.87019115601724,-20.983964013520318,-7.6517270599780165,-13.348049107623048
1_1_1_1_1_1_1_1_2_48_0_1_1_1_1_1_1_1_1_2_48_0,0.2396,0.2565,0.2101,0.1977,0.0568,0.0818,0.0722,0.1092,0.097,0.1414,0.1472,0.2198,5,5,-0.53688264,-0.40278918,0.23888314,0.07705228,0.20556921,0.21705426,-0.3418414,-0.33617023,19.114577194316208,73.13629394082663,1548.0,Mumbai,4,"{""type"":""MultiPoint"",""coordinates"":[]}",-10.721078294624938,-17.288157020023093,-9.23905744185852,-18.29955671062816
1_1_1_1_1_1_1_1_2_49_0_1_1_1_1_1_1_1_1_2_49_0,0.0133,0.01355,0.01035,0.01015,0.0846,0.0811,0.1019,0.0969,0.1051,0.0861,0.0689,0.04605,0,0,0.7690972,0.7546401,-0.67639905,-0.54530203,-0.20804597,-0.3030647,0.19320843,0.3557188,18.971026411913908,72.89195218354612,1549.0,Mumbai,4,"{""type"":""MultiPoint"",""coordinates"":[]}",-19.182896372285402,-30.516376381267982,-19.346651158249152,-27.819108535898156
1_1_1_1_1_1_1_1_2_50_0_1_1_1_1_1_1_1_1_2_50_0,0.0168,0.0158,0.0138,0.0162,0.05795,0.066,0.0768,0.07965,0.05875,0.0596,0.02535,0.0296,0,0,0.64102566,0.6689366,-0.20284697,-0.30396476,-0.39714625,-0.33632287,0.50367105,0.45812356,18.94308880657779,72.76960164184905,1550.0,Mumbai,4,"{""type"":""MultiPoint"",""coordinates"":[]}",-20.012629970775393,-36.29008793866731,-20.06470277700185,-32.46849541375563
1_1_1_1_1_1_1_1_2_51_0_1_1_1_1_1_1_1_1_2_51_0,0.0128,0.0136,0.01165,0.0105,0.0488,0.0578,0.0623,0.0719,0.071,0.0619,0.02235,0.0231,0,0,0.65912116,0.68187135,-0.27169275,-0.25885558,-0.5211569,-0.45647058,0.4719433,0.5136842,19.220219071728664,72.80849869365142,1551.0,Mumbai,4,"{""type"":""MultiPoint"",""coordinates"":[]}",-21.51370164904947,-29.83248007344395,-22.481992194062933,-29.051659506250473
1_1_1_1_1_1_1_1_2_52_0_1_1_1_1_1_1_1_1_2_52_0,0.17725,0.1832,0.1763,0.1731,0.08005,0.0759,0.0893,0.0878,0.1056,0.10005,0.1172,0.1196,6,6,-0.32995686,-0.35202953,0.20393954,0.21003963,0.05206463,0.08900524,-0.13510896,-0.1533269,18.99222665261913,73.11617167846236,1552.0,Mumbai,4,"{""type"":""MultiPoint"",""coordinates"":[]}",-9.716078585510186,-13.517407237474696,-8.478631562085425,-13.32227511662089
1_1_1_1_1_1_1_1_2_53_0_1_1_1_1_1_1_1_1_2_53_0,0.195,0.14545,0.1606,0.1308,0.05485,0.0887,0.0768,0.103,0.0993,0.118,0.1571,0.1298,5,6,-0.4348786,-0.17085932,0.10763987,0.056857403,0.22542901,0.04761905,-0.3433091,-0.11512028,18.981985858380167,73.06883046298925,1553.0,Mumbai,4,"{""type"":""MultiPoint"",""coordinates"":[]}",-12.25151399109762,-20.5260308501971,-8.55226772491014,-18.74788967354978
1_1_1_1_1_1_1_1_2_54_0_1_1_1_1_1_1_1_1_2_54_0,0.16695,0.18025,0.09195,0.1014,0.0492,0.05495,0.0683,0.07445,0.0545,0.062,0.2534,0.2337,1,1,-0.41934112,-0.41539067,-0.20566195,-0.12912187,0.64598894,0.58065605,-0.5753808,-0.5167938,18.9273682891057,73.09362396483095,1554.0,Mumbai,4,"{""type"":""MultiPoint"",""coordinates"":[]}",-9.33543915274726,-15.573448333504162,-8.699562731195602,-15.070081896124416
1_1_1_1_1_1_1_1_2_55_0_1_1_1_1_1_1_1_1_2_55_0,0.1849,0.1538,0.1726,0.1355,0.0908,0.0742,0.0849,0.082,0.089,0.0934,0.1716,0.1606,6,6,-0.37064493,-0.30449533,0.037307154,-0.021628499,0.31696087,0.26456693,-0.33801168,-0.3239901,19.01486419777894,73.03047240035735,1555.0,Mumbai,4,"{""type"":""MultiPoint"",""coordinates"":[]}",-6.028926549236051,-10.971737215132922,-4.575888276657989,-11.532915622443536
1_1_1_1_1_1_1_1_2_56_0_1_1_1_1_1_1_1_1_2_56_0,0.0145,0.0171,0.01205,0.0168,0.0577,0.0673,0.07755,0.0806,0.06555,0.0592,0.02655,0.0294,0,0,0.6849538,0.64994884,-0.29354447,-0.26451612,-0.42345276,-0.3363431,0.48991355,0.46545455,19.03318982957498,72.76690669599668,1556.0,Mumbai,4,"{""type"":""MultiPoint"",""coordinates"":[]}",-21.563945657588363,-32.156694513052656,-20.849874492477568,-35.439208048324176
1_1_1_1_1_1_1_1_2_57_0_1_1_1_1_1_1_1_1_2_57_0,0.1279,0.1841,0.08455,0.1472,0.0255,0.0675,0.043,0.08875,0.04565,0.1056,0.1419,0.1584,1,5,-0.49678174,-0.3494594,-0.051890288,0.075036496,0.51319647,0.2,-0.53488374,-0.28181267,19.243215943002124,73.02678930769247,1557.0,Mumbai,4,"{""type"":""MultiPoint"",""coordinates"":[]}",-13.150736926581608,-17.193215510999973,-9.671918996587376,-18.87487135708833
1_1_1_1_1_1_1_1_2_58_0_1_1_1_1_1_1_1_1_2_58_0,0.0158,0.0187,0.0134,0.0161,0.05045,0.072,0.07115,0.0908,0.07655,0.0822,0.03695,0.0423,0,0,0.6365727,0.6584475,-0.40094787,-0.38688526,-0.34889868,-0.32048193,0.31637374,0.3643877,19.17575246516475,72.76933214726381,1558.0,Mumbai,4,"{""type"":""MultiPoint"",""coordinates"":[]}",-21.053510511667017,-31.511762470385825,-20.99400187271042,-31.54975808597856
1_1_1_1_1_1_1_1_2_59_0_1_1_1_1_1_1_1_1_2_59_0,0.16725,0.1317,0.1509,0.10205,0.0562,0.0514,0.07185,0.0631,0.0833,0.0657,0.1272,0.1216,7,1,-0.39899623,-0.35215604,0.1360163,0.039873667,0.20855106,0.2984517,-0.27807084,-0.31672984,18.96922978134567,73.04502510796009,1559.0,Mumbai,4,"{""type"":""MultiPoint"",""coordinates"":[]}",-10.21796032732124,-19.08809571148585,-8.559658221638212,-15.410858036967458
1_1_1_1_1_1_1_1_2_60_0_1_1_1_1_1_1_1_1_2_60_0,0.01685,0.0171,0.01385,0.0145166666666666,0.0602,0.0716,0.07885,0.0809333333333333,0.0596,0.0556,0.02985,0.02815,0,0,0.6478579,0.6511391,-0.2783726,-0.24419889,-0.33258805,-0.3277612,0.45078197,0.48388082,18.90778501591189,72.75540826035996,1560.0,Mumbai,4,"{""type"":""MultiPoint"",""coordinates"":[]}",-18.9944695554286,-29.86782932017547,-19.54726321510725,-36.81609507602861
1_1_1_1_1_1_1_1_2_61_0_1_1_1_1_1_1_1_1_2_61_0,0.0145,0.0298,0.0122,0.027,0.0624,0.0657,0.0836,0.0817,0.0778,0.0674,0.0481,0.078,0,0,0.70438325,0.46547085,-0.5367412,-0.4471243,-0.2359015,0.07290234,0.26955202,0.02316844,19.022949035336016,72.99759406095858,1561.0,Mumbai,4,"{""type"":""MultiPoint"",""coordinates"":[]}",-17.764132825795365,-28.883454090054656,-20.206893601034302,-27.692803218471326
1_1_1_1_1_1_1_1_2_62_0_1_1_1_1_1_1_1_1_2_62_0,0.2398,0.2431,0.202,0.19965,0.0688,0.0746,0.0831,0.09215,0.1092,0.1207,0.1582,0.1693,5,5,-0.48528957,-0.450261,0.20502512,0.17895247,0.18324608,0.1675862,-0.31123084,-0.2950851,19.136226592663487,73.14833136563384,1562.0,Mumbai,4,"{""type"":""MultiPoint"",""coordinates"":[]}",-11.458637239578184,-19.67338290846324,-10.155681837969873,-16.009576515969023
1_1_1_1_1_1_1_1_2_63_0_1_1_1_1_1_1_1_1_2_63_0,0.1656,0.1551,0.1035,0.09545,0.0354,0.03905,0.0493,0.0528,0.0448,0.0507,0.2114,0.1669,1,1,-0.5411819,-0.4920635,-0.12148541,-0.036645964,0.6502732,0.5340074,-0.6217875,-0.51934457,19.274297651832654,73.08140687696694,1563.0,Mumbai,4,"{""type"":""MultiPoint"",""coordinates"":[]}",-7.347020588976672,-13.143299253022066,-8.398658527453415,-14.56021396825
1_1_1_1_1_1_1_1_2_64_0_1_1_1_1_1_1_1_1_2_64_0,0.1142,0.1096,0.09305,0.0877,0.03835,0.0536,0.054,0.0622,0.059,0.0676,0.1138,0.1158,6,6,-0.35790727,-0.2759022,0.001754386,-0.027506655,0.31712964,0.2628135,-0.35637665,-0.3011236,19.12984855414624,72.82583617863493,1564.0,Mumbai,4,"{""type"":""MultiPoint"",""coordinates"":[]}",-1.4923333540822554,-12.616558941123213,0.9314453151761641,-12.8397187450294
1_1_1_1_1_1_1_1_2_65_0_1_1_1_1_1_1_1_1_2_65_0,0.1241,0.1378,0.12845,0.1233,0.0462,0.0794,0.0747,0.0908,0.0925,0.1004,0.1078,0.1138,6,6,-0.24849094,-0.2055993,0.07028892,0.09538951,0.07638542,0.06255836,-0.18136986,-0.112414464,19.104246568548835,72.88701144948347,1565.0,Mumbai,4,"{""type"":""MultiPoint"",""coordinates"":[]}",-4.215956678416624,-15.184235876024864,-9.049012057231508,-15.546762191613968
1_1_1_1_1_1_1_1_2_66_0_1_1_1_1_1_1_1_1_2_66_0,0.0767,0.0887,0.0499,0.06035,0.0409,0.0634,0.053,0.08185,0.0462,0.0705,0.136,0.1617,1,0,-0.18272938,-0.040164176,-0.27879643,-0.29153356,0.492865,0.39276487,-0.43915343,-0.32785875,19.059240972814447,73.09982234029138,1566.0,Mumbai,4,"{""type"":""MultiPoint"",""coordinates"":[]}",-7.585590914738313,-13.559540663369997,-11.90537988344444,-18.158636946042257
1_1_1_1_1_1_1_1_2_67_0_1_1_1_1_1_1_1_1_2_67_0,0.2141,0.21325,0.2052,0.2007,0.0667,0.0766,0.0792,0.09005,0.1023,0.1064,0.1632,0.1501,6,6,-0.45993862,-0.40619847,0.1349059,0.17379937,0.22937854,0.17037037,-0.34653464,-0.25005206,19.21914109338772,73.13566512012775,1567.0,Mumbai,4,"{""type"":""MultiPoint"",""coordinates"":[]}",-0.0014819390846931013,-13.394326484680146,0.35246474049959614,-14.816602520519226
1_1_1_1_1_1_1_1_2_68_0_1_1_1_1_1_1_1_1_2_68_0,0.16165,0.1621,0.114,0.1159,0.02805,0.04,0.045,0.0562,0.04865,0.0568,0.1695,0.1508,6,6,-0.564481,-0.48511222,-0.02370527,0.036113773,0.5539766,0.45279384,-0.5804196,-0.45700485,19.136855413362373,72.89267083577342,1568.0,Mumbai,4,"{""type"":""MultiPoint"",""coordinates"":[]}",-5.975509710089401,-12.91853865855208,-6.287765793192506,-13.296778744295196
1_1_1_1_1_1_1_1_2_69_0_1_1_1_1_1_1_1_1_2_69_0,0.0572,0.1039,0.03475,0.0576,0.0265,0.0489,0.0407,0.0585,0.0341,0.0501,0.0422,0.1414,3,0,-0.16853933,-0.27955666,0.15090543,-0.15287404,0.106159896,0.4767624,-0.018094089,-0.41470736,19.173866003068092,73.06730332700626,1569.0,Mumbai,4,"{""type"":""MultiPoint"",""coordinates"":[]}",-11.0570254598446,-17.158469117900154,-11.013779057244005,-18.071927371888833
1_1_1_1_1_1_1_1_2_70_0_1_1_1_1_1_1_1_1_2_70_0,0.0126,0.017,0.0125,0.0137,0.046,0.0636,0.0695,0.076,0.0828,0.0631,0.0726,0.0412,0,0,0.69305724,0.6344086,-0.70422536,-0.41580757,-0.06563707,-0.20997123,-0.021815622,0.29692832,19.065708842860104,72.96741066741217,1570.0,Mumbai,4,"{""type"":""MultiPoint"",""coordinates"":[]}",-24.14154776944909,-26.610390195789336,-26.11501258930188,-29.92420952173301
1_1_1_1_1_1_1_1_2_71_0_1_1_1_1_1_1_1_1_2_71_0,0.11335,0.18425,0.10065,0.16555,0.0545,0.0662,0.06555,0.0847,0.076,0.1022,0.106,0.149,7,6,-0.26718837,-0.37014315,0.033508092,0.105776444,0.16483517,0.18630573,-0.23579131,-0.27513906,18.906078216872068,72.98789225589009,1571.0,Mumbai,4,"{""type"":""MultiPoint"",""coordinates"":[]}",-8.415764240169807,-16.33768909490066,-8.686429460209299,-16.62174489002843
1_1_1_1_1_1_1_1_2_72_0_1_1_1_1_1_1_1_1_2_72_0,0.2264,0.2222,0.2162,0.2021,0.0898,0.1018,0.1037,0.1148,0.1294,0.1296,0.1693,0.1612,6,6,-0.37170553,-0.31869435,0.14430124,0.15910277,0.13357884,0.10866575,-0.24029304,-0.16811594,19.088256556491505,72.88997588992106,1572.0,Mumbai,4,"{""type"":""MultiPoint"",""coordinates"":[]}",-2.421549224501699,-11.468858013001537,-2.6117960314477404,-13.159816958412286
1_1_1_1_1_1_1_1_2_73_0_1_1_1_1_1_1_1_1_2_73_0,0.31005,0.2787,0.2443,0.2278,0.0657,0.0686,0.09765,0.0964,0.1487,0.1306,0.2243,0.192,5,5,-0.5209713,-0.48600373,0.16047534,0.18419376,0.20268096,0.19032858,-0.39338407,-0.33148405,19.12122472741869,73.0759271537338,1573.0,Mumbai,4,"{""type"":""MultiPoint"",""coordinates"":[]}",-11.555428170531016,-19.288567363387877,-11.444760777211354,-19.315080728148775
1_1_1_1_1_1_1_1_2_74_0_1_1_1_1_1_1_1_1_2_74_0,0.126,0.14455,0.1035,0.1126,0.0416,0.0565,0.0545,0.07085,0.0526,0.0693,0.1542,0.1818,6,6,-0.3961219,-0.34215415,-0.1006424,-0.11414126,0.49129593,0.44802868,-0.47771922,-0.43914506,19.2046782173134,73.09901385653568,1574.0,Mumbai,4,"{""type"":""MultiPoint"",""coordinates"":[]}",-2.8831989670400864,-11.43081205864645,-4.370134092722802,-9.667729490760312
1_1_1_1_1_1_1_1_2_75_0_1_1_1_1_1_1_1_1_2_75_0,0.0142,0.01385,0.01215,0.01095,0.08115,0.0756,0.0991,0.08745,0.0971,0.0756,0.04925,0.04045,0,0,0.74933803,0.7265548,-0.55240345,-0.48987108,-0.3269559,-0.3028867,0.33602965,0.3674746,18.975787482919745,72.91773383220035,1575.0,Mumbai,4,"{""type"":""MultiPoint"",""coordinates"":[]}",-18.560034948777044,-26.419692696121327,-21.147294180514244,-29.327361925705
1_1_1_1_1_1_1_1_2_76_0_1_1_1_1_1_1_1_1_2_76_0,0.0133,0.01555,0.01215,0.0115,0.0774,0.07535,0.0943,0.0915,0.0949,0.0739,0.0543,0.036,0,0,0.7527881,0.70948154,-0.60650885,-0.39670223,-0.27211797,-0.34485897,0.26917902,0.43529412,18.85927599056944,72.86742817628966,1576.0,Mumbai,4,"{""type"":""MultiPoint"",""coordinates"":[]}",-17.903468796322706,-29.73040065781435,-20.051746290244303,-36.84531759878675
1_1_1_1_1_1_1_1_2_77_0_1_1_1_1_1_1_1_1_2_77_0,0.1576,0.1526,0.1289,0.1237,0.05045,0.057,0.07385,0.0727,0.0919,0.0797,0.1574,0.161,6,6,-0.36184922,-0.35463825,0.0006349206,-0.026785715,0.26273566,0.33776486,-0.3612973,-0.37783483,19.19578489600061,72.82269207514051,1577.0,Mumbai,4,"{""type"":""MultiPoint"",""coordinates"":[]}",-5.869009986750543,-13.528568647625178,2.9652830424369334,-9.043454262211188
1_1_1_1_1_1_1_1_2_78_0_1_1_1_1_1_1_1_1_2_78_0,0.1773,0.1624,0.1318,0.1119,0.0415,0.0583,0.0688,0.0774,0.078,0.0754,0.188,0.202,6,6,-0.4408777,-0.35446206,-0.029290995,-0.10867179,0.41353384,0.45638067,-0.46417445,-0.4459556,19.03193218817721,73.05796084805141,1578.0,Mumbai,4,"{""type"":""MultiPoint"",""coordinates"":[]}",-7.1588750643011885,-15.604307152537254,-5.9080155600385265,-14.97714671870583
1_1_1_1_1_1_1_1_2_79_0_1_1_1_1_1_1_1_1_2_79_0,0.01975,0.0162,0.01575,0.0152,0.06215,0.0694,0.079,0.0822,0.066,0.059,0.03215,0.0275,0,0,0.6,0.6707317,-0.238921,-0.25858122,-0.34488028,-0.36416185,0.42150247,0.49863264,18.913444402201847,72.7835255287529,1579.0,Mumbai,4,"{""type"":""MultiPoint"",""coordinates"":[]}",-19.978881256647142,-32.97140948935862,-20.976385549749175,-37.31236729806267
1_1_1_1_1_1_1_1_2_80_0_1_1_1_1_1_1_1_1_2_80_0,0.1632,0.1668,0.12615,0.1308,0.0767,0.0755,0.1056,0.1011,0.1156,0.1054,0.178,0.1942,6,6,-0.21428572,-0.24524076,-0.04337632,-0.07590028,0.21253406,0.29639518,-0.25528914,-0.3152726,19.107480503571665,72.82933960824299,1580.0,Mumbai,4,"{""type"":""MultiPoint"",""coordinates"":[]}",-5.799474045086215,-12.169810799768406,-6.591694915127373,-14.35909990873827
1_1_1_1_1_1_1_1_2_81_0_1_1_1_1_1_1_1_1_2_81_0,0.0277,0.0911,0.018,0.0425,0.0395,0.0384,0.0612,0.054,0.0604,0.039,0.077,0.2498,0,1,0.3768279,-0.25568575,-0.47086915,-0.46553242,0.120815136,0.7299169,-0.114327066,-0.64450294,19.082507338673143,72.98807191894691,1581.0,Mumbai,4,"{""type"":""MultiPoint"",""coordinates"":[]}",-12.332024704905809,-19.074270158519905,-7.91817777745085,-13.869337744405401
1_1_1_1_1_1_1_1_2_82_0_1_1_1_1_1_1_1_1_2_82_0,0.154,0.167,0.13795,0.1453,0.0574,0.08,0.07625,0.0988,0.0978,0.1134,0.1306,0.1564,0,0,-0.33767644,-0.2565839,0.08222066,0.032776747,0.1436077,0.15937732,-0.26275077,-0.22570533,19.04432893909806,72.82754297767475,1582.0,Mumbai,4,"{""type"":""MultiPoint"",""coordinates"":[]}",-9.580995034350344,-12.980840101547304,-8.205194889510992,-12.99084508441992
1_1_1_1_1_1_1_1_2_83_0_1_1_1_1_1_1_1_1_2_83_0,0.1469,0.1689,0.1296,0.15915,0.0733,0.1062,0.1033,0.1198,0.12105,0.1378,0.1562,0.1699,6,6,-0.17426059,-0.17007273,-0.030682944,-0.0029515938,0.12678088,0.10432239,-0.20385356,-0.17293753,19.25965511270151,72.96875814033835,1583.0,Mumbai,4,"{""type"":""MultiPoint"",""coordinates"":[]}",-15.276900841788546,-19.444713643684402,-12.596173456619642,-19.27155747439641
1_1_1_1_1_1_1_1_2_84_0_1_1_1_1_1_1_1_1_2_84_0,0.2018,0.2007,0.1811,0.17805,0.0794,0.0958,0.09835,0.1207,0.1266,0.1499,0.1614,0.1761,5,5,-0.344661,-0.24891101,0.11123348,0.06528662,0.12083333,0.0803681,-0.2427334,-0.18665768,18.975428156806093,73.05957781556283,1584.0,Mumbai,4,"{""type"":""MultiPoint"",""coordinates"":[]}",-10.353452039049337,-19.01714666681236,-9.070873559835697,-17.30369047785225
1_1_1_1_1_1_1_1_2_85_0_1_1_1_1_1_1_1_1_2_85_0,0.0157,0.0428,0.0126,0.0349,0.0556,0.0708,0.0778,0.0838,0.0835,0.084,0.0521,0.0776,0,0,0.6641711,0.32385466,-0.53687316,-0.28903654,-0.23156342,-0.03960396,0.19784449,0.03841388,19.01055228441517,72.99975001764047,1585.0,Mumbai,4,"{""type"":""MultiPoint"",""coordinates"":[]}",-18.71534863697196,-25.929027906231703,-20.51460108672489,-27.858658064222553
1_1_1_1_1_1_1_1_2_86_0_1_1_1_1_1_1_1_1_2_86_0,0.1694,0.1898,0.16225,0.1723,0.03475,0.0684,0.051,0.0838,0.07235,0.1066,0.1038,0.1556,5,5,-0.5372051,-0.3874269,0.24011713,0.09901563,0.17854102,0.18688025,-0.34108528,-0.29991645,19.122751863401696,73.09164767120589,1586.0,Mumbai,4,"{""type"":""MultiPoint"",""coordinates"":[]}",-13.639848129410879,-20.745695721843465,-10.074726231387675,-17.35287830651497
1_1_1_1_1_1_1_1_2_87_0_1_1_1_1_1_1_1_1_2_87_0,0.11085,0.1093,0.07215,0.0689,0.04565,0.0396,0.05685,0.0522,0.05665,0.0494,0.1206,0.145,3,3,-0.32200357,-0.35356036,-0.042125728,-0.14038537,0.36078984,0.49176955,-0.35925612,-0.47058824,18.851730142182834,72.98744309824804,1587.0,Mumbai,4,"{""type"":""MultiPoint"",""coordinates"":[]}",-11.04206548429552,-17.14999234379329,-10.276946436224009,-16.767969022849343
1_1_1_1_1_1_1_1_2_88_0_1_1_1_1_1_1_1_1_2_88_0,0.12495,0.1199,0.07795,0.0781,0.01805,0.0497,0.04635,0.068,0.04205,0.0648,0.2628,0.1722,4,4,-0.45884413,-0.27621076,-0.35551256,-0.17904827,0.72412664,0.45316455,-0.70014554,-0.43380517,19.07271570207624,72.8871911125403,1588.0,Mumbai,4,"{""type"":""MultiPoint"",""coordinates"":[]}",-7.27005025523146,-15.940679676116968,-7.971479664045434,-15.253357270028584
1_1_1_1_1_1_1_1_2_89_0_1_1_1_1_1_1_1_1_2_89_0,0.21265,0.143,0.2036,0.1289,0.0677,0.0562,0.09395,0.0622,0.1172,0.0714,0.1489,0.078,6,6,-0.3871494,-0.39376217,0.17632416,0.29411766,0.119128145,0.044176705,-0.22627136,-0.11269615,19.12023658060616,73.0075653606123,1589.0,Mumbai,4,"{""type"":""MultiPoint"",""coordinates"":[]}",-11.416915319666629,-18.932659993298294,-4.858686794075812,-9.730760186219197
1_1_1_1_1_1_1_1_2_90_0_1_1_1_1_1_1_1_1_2_90_0,0.1737,0.1861,0.14995,0.1542,0.0567,0.067,0.08055,0.0832,0.0904,0.0888,0.1756,0.1914,6,6,-0.3663717,-0.38210174,-0.0054394505,-0.014039735,0.32030076,0.366167,-0.37107164,-0.39402768,19.15266576236288,72.83526848911818,1590.0,Mumbai,4,"{""type"":""MultiPoint"",""coordinates"":[]}",-2.5601657741391035,-8.786284698350784,-4.02454553140454,-10.427445431695197
1_1_1_1_1_1_1_1_2_91_0_1_1_1_1_1_1_1_1_2_91_0,0.2489,0.236,0.2419,0.2273,0.092,0.0944,0.1134,0.106,0.1418,0.1332,0.1798,0.1732,5,7,-0.37399945,-0.38011697,0.16118498,0.15347019,0.118159205,0.1305483,-0.22646658,-0.24068768,19.10227027492377,72.90794219560345,1591.0,Mumbai,4,"{""type"":""MultiPoint"",""coordinates"":[]}",3.900738214989799,-6.963565075612502,2.2716853462907487,-6.419726833810081
1_1_1_1_1_1_1_1_2_92_0_1_1_1_1_1_1_1_1_2_92_0,0.1737,0.1714,0.1042,0.102125,0.0428,0.0441,0.059,0.0644,0.0592,0.0625,0.1952,0.2122,1,1,-0.4929093,-0.4537744,-0.058281377,-0.10636079,0.5345912,0.5449581,-0.5357986,-0.5343456,18.93832773557196,73.10557155810974,1592.0,Mumbai,4,"{""type"":""MultiPoint"",""coordinates"":[]}",-7.360264629769519,-12.143411894036525,-6.4728738916400115,-13.01491942824251
1_1_1_1_1_1_1_1_2_93_0_1_1_1_1_1_1_1_1_2_93_0,0.1667,0.1732,0.15635,0.1597,0.05805,0.0684,0.06675,0.0766,0.07795,0.0861,0.0903,0.1096,6,6,-0.42814308,-0.38670936,0.29727626,0.22489391,0.07340267,0.12008176,-0.14995225,-0.1772288,19.140089348385203,72.86266710528383,1593.0,Mumbai,4,"{""type"":""MultiPoint"",""coordinates"":[]}",-1.5865404156583,-9.53819281466626,0.06808340483237504,-11.315342718458915
1_1_1_1_1_1_1_1_2_94_0_1_1_1_1_1_1_1_1_2_94_0,0.22675,0.1893,0.21435,0.1736,0.1219,0.13,0.1448,0.1456,0.1712,0.1676,0.2036,0.1894,6,6,-0.2205625,-0.13048671,0.053793423,-0.00026406127,0.08644611,0.061064426,-0.16877152,-0.13074628,19.05897147822921,72.86500272502253,1594.0,Mumbai,4,"{""type"":""MultiPoint"",""coordinates"":[]}",-8.620186040179828,-15.20384945850445,-7.938163803962866,-16.38910801254029
1_1_1_1_1_1_1_1_2_95_0_1_1_1_1_1_1_1_1_2_95_0,0.1981,0.2265,0.1528,0.1695,0.0736,0.07555,0.0894,0.09105,0.1082,0.1081,0.1926,0.1922,5,6,-0.37808695,-0.426547,0.014077297,0.08192023,0.2805851,0.2800533,-0.36595744,-0.35710502,19.175662633636332,73.14491776755418,1595.0,Mumbai,4,"{""type"":""MultiPoint"",""coordinates"":[]}",-9.891041230122298,-18.04512303697632,-9.792469688541075,-17.458321708183256
1_1_1_1_1_1_1_1_2_96_0_1_1_1_1_1_1_1_1_2_96_0,0.165,0.1761,0.1521,0.153,0.08425,0.1086,0.1167,0.1296,0.1446,0.1548,0.1941,0.207,6,6,-0.171459,-0.1521099,-0.08103592,-0.080657795,0.14614703,0.1442786,-0.24903475,-0.22994652,19.215547832251243,72.83059724964076,1596.0,Mumbai,4,"{""type"":""MultiPoint"",""coordinates"":[]}",2.2735373321413963,-9.89765896582924,-0.5215696395349543,-9.914388977710065
1_1_1_1_1_1_1_1_2_97_0_1_1_1_1_1_1_1_1_2_97_0,0.1367,0.1268,0.1307,0.11015,0.06515,0.0697,0.08155,0.08755,0.0981,0.1023,0.1128,0.1185,7,0,-0.25269186,-0.18311173,0.095791586,0.03383612,0.06970128,0.07336956,-0.16079238,-0.15020627,18.943987121861912,73.00783485519754,1597.0,Mumbai,4,"{""type"":""MultiPoint"",""coordinates"":[]}",-10.058329402039787,-18.843699768912614,-9.65142817000849,-17.82664671333071
1_1_1_1_1_1_1_1_2_98_0_1_1_1_1_1_1_1_1_2_98_0,0.2319,0.2609,0.2166,0.2464,0.1504,0.1554,0.1216,0.143,0.123,0.138,0.2428,0.2586,6,6,-0.31202263,-0.29190394,-0.02296187,0.004427334,0.32750136,0.30408472,-0.33260155,-0.2878486,19.08601076828121,73.00442125711788,1598.0,Mumbai,4,"{""type"":""MultiPoint"",""coordinates"":[]}",-7.583048784498299,-11.440374515913733,-4.159298940229146,-12.784990157357187
1_1_1_1_1_1_1_1_2_99_0_1_1_1_1_1_1_1_1_2_99_0,0.16755,0.1655,0.0953,0.0873,0.02935,0.038,0.049,0.0552,0.03945,0.0487,0.2117,0.2256,1,1,-0.54744864,-0.49977344,-0.11641397,-0.15366913,0.68584514,0.6449143,-0.624089,-0.60683763,19.19470691765967,72.89671325455195,1599.0,Mumbai,4,"{""type"":""MultiPoint"",""coordinates"":[]}",-5.187933859903927,-11.144291686562077,-6.024899348289423,-12.303866421709731
1_1_1_1_1_1_1_1_2_100_0_1_1_1_1_1_1_1_1_2_100_0,0.167,0.1791,0.09125,0.1076,0.02175,0.0366,0.049,0.0584,0.04045,0.0521,0.2599,0.2424,1,1,-0.5462963,-0.50821054,-0.21761537,-0.15017794,0.73064756,0.64618,-0.6827452,-0.61170214,19.25291774807061,72.88746060712553,1600.0,Mumbai,4,"{""type"":""MultiPoint"",""coordinates"":[]}",-7.927102565946544,-13.16514854776512,-8.813982410665103,-15.74458159565195
1_1_1_1_1_1_1_1_2_101_0_1_1_1_1_1_1_1_1_2_101_0,0.1785,0.21365,0.1387,0.1748,0.0251,0.0658,0.0389,0.0891,0.058,0.1111,0.1136,0.1614,1,1,-0.6421343,-0.41139555,0.22218418,0.13931476,0.32400933,0.18458715,-0.48983607,-0.28862277,19.26243989008228,73.06622534866531,1601.0,Mumbai,4,"{""type"":""MultiPoint"",""coordinates"":[]}",-9.10409062730461,-16.224006652865185,-9.131885770148404,-15.508085124963657
1_1_1_1_1_1_1_1_2_102_0_1_1_1_1_1_1_1_1_2_102_0,0.01735,0.0195,0.0137,0.0148,0.06455,0.0636,0.07555,0.08,0.0666,0.0593,0.0261,0.0266,0,0,0.6264801,0.6080402,-0.2013809,-0.15401301,-0.4368932,-0.3806752,0.4864732,0.50093806,19.124458662441523,72.8106546503333,1602.0,Mumbai,4,"{""type"":""MultiPoint"",""coordinates"":[]}",-20.7030264280086,-28.198493825929916,-22.343850194431415,-28.447314129245864
1_1_1_1_1_1_1_1_2_103_0_1_1_1_1_1_1_1_1_2_103_0,0.27985,0.3113,0.26265,0.2923,0.206,0.2166,0.2514,0.2492,0.3128,0.2864,0.3238,0.3012,6,6,-0.05355294,-0.11079393,-0.07280709,0.016489796,0.017279297,0.025187202,-0.12586926,-0.094476745,19.126973945237054,72.83724478274324,1603.0,Mumbai,4,"{""type"":""MultiPoint"",""coordinates"":[]}",-3.0951128687135867,-12.221938278107906,-3.9667453226754095,-12.394543868177738
1_1_1_1_1_1_1_1_2_104_0_1_1_1_1_1_1_1_1_2_104_0,0.1771,0.1658,0.1713,0.1517,0.0683,0.1054,0.0908,0.1178,0.1178,0.1414,0.15,0.1802,6,6,-0.32213512,-0.16925247,0.08284928,-0.041618496,0.12023898,0.12064677,-0.24584718,-0.20939597,19.08286666478679,72.90776253254663,1604.0,Mumbai,4,"{""type"":""MultiPoint"",""coordinates"":[]}",-3.5838249864394585,-10.06318505415465,-6.248129310782515,-10.729124219693
1_1_1_1_1_1_1_1_2_105_0_1_1_1_1_1_1_1_1_2_105_0,0.0148,0.01625,0.01265,0.0128,0.0671,0.0764,0.09265,0.0943,0.10145,0.0853,0.0636,0.04425,0,0,0.724523,0.70601535,-0.622449,-0.46280992,-0.22932445,-0.31686607,0.18592,0.36124143,18.911018950934725,72.88853858546648,1605.0,Mumbai,4,"{""type"":""MultiPoint"",""coordinates"":[]}",-19.16356764459429,-29.325442927815335,-18.574526698205364,-29.248088464291556
1_1_1_1_1_1_1_1_2_106_0_1_1_1_1_1_1_1_1_2_106_0,0.2052,0.2136,0.14585,0.138,0.01475,0.0354,0.0402,0.0572,0.0466,0.0558,0.1579,0.186,1,1,-0.6723716,-0.577548,0.13026714,0.06906907,0.5442543,0.53846157,-0.59414434,-0.52960527,19.292443620571877,72.79448497521916,1606.0,Mumbai,4,"{""type"":""MultiPoint"",""coordinates"":[]}",-8.319992332639742,-14.592907768252772,-7.548250226649605,-13.646394125755174
1_1_1_1_1_1_1_1_2_107_0_1_1_1_1_1_1_1_1_2_107_0,0.1863,0.2172,0.18255,0.17335,0.0667,0.07225,0.07905,0.08675,0.1015,0.1159,0.1311,0.1606,5,5,-0.40418315,-0.42918244,0.17391305,0.14981471,0.1272571,0.16166365,-0.24768023,-0.2985648,18.945154931731267,73.04170134140885,1607.0,Mumbai,4,"{""type"":""MultiPoint"",""coordinates"":[]}",-12.860784123315348,-21.462309618335603,-13.981120133821381,-22.211402948206178
1_1_1_1_1_1_1_1_2_108_0_1_1_1_1_1_1_1_1_2_108_0,0.17975,0.173,0.1363,0.1298,0.0573,0.0516,0.07315,0.0692,0.08085,0.0796,0.1743,0.158,5,5,-0.4215105,-0.42857143,0.015393306,0.04531722,0.36625513,0.32996634,-0.40876946,-0.39084506,18.86825914341064,72.96426656391775,1608.0,Mumbai,4,"{""type"":""MultiPoint"",""coordinates"":[]}",-8.65672866621033,-13.660569172868811,-8.060067511346496,-12.68180393943327
1_1_1_1_1_1_1_1_2_109_0_1_1_1_1_1_1_1_1_2_109_0,0.17935,0.2004,0.1506,0.1642,0.0578,0.0848,0.0865,0.1038,0.1026,0.1238,0.127,0.1626,5,6,-0.3492571,-0.31755424,0.17088297,0.104132235,0.10627177,0.13547486,-0.18969555,-0.22072072,19.159043800880124,72.80364779111717,1609.0,Mumbai,4,"{""type"":""MultiPoint"",""coordinates"":[]}",-11.368663074503626,-18.7179292094798,-8.21762970489091,-21.107755573414224
1_1_1_1_1_1_1_1_2_110_0_1_1_1_1_1_1_1_1_2_110_0,0.19635,0.1839,0.18935,0.1796,0.07395,0.0846,0.0883,0.0897,0.0996,0.1004,0.1069,0.1256,6,6,-0.37958896,-0.34429824,0.29497114,0.18836834,0.03535109,0.11150443,-0.09528688,-0.16674408,19.19928832560868,72.94872570950248,1610.0,Mumbai,4,"{""type"":""MultiPoint"",""coordinates"":[]}",0.8515879830740972,-5.973360904879779,2.747247010556632,-7.350712085245502
1_1_1_1_1_1_1_1_2_111_0_1_1_1_1_1_1_1_1_2_111_0,0.2027,0.2163,0.12845,0.1391,0.04705,0.05205,0.068,0.06925,0.0662,0.07935,0.2097,0.2071,1,1,-0.49759883,-0.51497114,-0.016973812,0.021728862,0.520116,0.44597661,-0.51026285,-0.49882394,18.93212936011153,73.09182733426272,1611.0,Mumbai,4,"{""type"":""MultiPoint"",""coordinates"":[]}",-9.266863680642718,-15.685848345397993,-8.351198275266611,-15.093052144274228
1_1_1_1_1_1_1_1_2_112_0_1_1_1_1_1_1_1_1_2_112_0,0.01685,0.017,0.01465,0.0146,0.0642,0.06675,0.0765,0.08195,0.0577,0.0583,0.0292,0.0274,0,0,0.638993,0.6563921,-0.26818675,-0.23423423,-0.32796317,-0.3605601,0.4474929,0.49885687,18.92233772351463,72.76007949983737,1612.0,Mumbai,4,"{""type"":""MultiPoint"",""coordinates"":[]}",-20.59653551592765,-31.513367663104503,-20.111174842604793,-34.756975452623905
1_1_1_1_1_1_1_1_2_113_0_1_1_1_1_1_1_1_1_2_113_0,0.22425,0.2269,0.16035,0.1557,0.049,0.053,0.06485,0.0664,0.07505,0.0832,0.1688,0.1642,1,1,-0.5513663,-0.5472213,0.14107619,0.16031705,0.38445765,0.327405,-0.44489622,-0.424111,18.89413062359328,73.09128834509225,1613.0,Mumbai,4,"{""type"":""MultiPoint"",""coordinates"":[]}",-8.534188013176559,-14.228462488944865,-7.322791474876152,-14.028301509907596
1_1_1_1_1_1_1_1_2_114_0_1_1_1_1_1_1_1_1_2_114_0,0.1833,0.1725,0.1766,0.16105,0.0844,0.08925,0.1036,0.1093,0.1322,0.1247,0.1664,0.162,6,6,-0.27779713,-0.22427253,0.048327137,0.031390134,0.1145345,0.13010114,-0.2325926,-0.19424991,19.21680547364901,73.10395459059833,1614.0,Mumbai,4,"{""type"":""MultiPoint"",""coordinates"":[]}",10.248255051260031,8.609310587185453,10.231005104543804,8.839997449382611
1_1_1_1_1_1_1_1_2_115_0_1_1_1_1_1_1_1_1_2_115_0,0.01745,0.0211,0.0151,0.01565,0.07875,0.0646,0.0933,0.08005,0.09855,0.0728,0.06395,0.04155,0,0,0.68487585,0.5827978,-0.57125306,-0.3264166,-0.21292308,-0.27328378,0.18664546,0.31661186,18.967702645362667,72.97280055911688,1615.0,Mumbai,4,"{""type"":""MultiPoint"",""coordinates"":[]}",-20.751475518259067,-28.823672164864348,-21.357644440195322,-32.240158235773364
1_1_1_1_1_1_1_1_2_116_0_1_1_1_1_1_1_1_1_2_116_0,0.0144,0.0146,0.0128,0.012,0.0642,0.0611,0.0756,0.0714,0.0794,0.065,0.0449,0.033,0,0,0.68,0.6604651,-0.5143339,-0.38655463,-0.2775543,-0.3265306,0.2547718,0.3678161,19.061127434911096,72.97621415719654,1616.0,Mumbai,4,"{""type"":""MultiPoint"",""coordinates"":[]}",-23.393581751227202,-27.75691777957521,-25.044844405220978,-28.490731994553656
1_1_1_1_1_1_1_1_2_117_0_1_1_1_1_1_1_1_1_2_117_0,0.0661,0.0729,0.0389,0.0443,0.0432,0.0419,0.0567,0.0527,0.0502,0.0517,0.1561,0.1388,0,0,-0.07654723,-0.16082802,-0.4050405,-0.31128955,0.5133301,0.45721784,-0.46710527,-0.44960836,18.88541696533732,73.01340440995908,1617.0,Mumbai,4,"{""type"":""MultiPoint"",""coordinates"":[]}",-8.293728327334016,-14.264609191033959,-7.282405884890611,-13.188606533350303
1_1_1_1_1_1_1_1_2_118_0_1_1_1_1_1_1_1_1_2_118_0,0.06625,0.0463,0.03985,0.0318,0.0267,0.0418,0.03655,0.0508,0.03255,0.0426,0.08405,0.0511,3,3,-0.2889105,0.046343975,-0.11842981,-0.049281314,0.44168097,0.09071505,-0.393864,-0.0029440627,19.17530330752269,73.04969634743752,1618.0,Mumbai,4,"{""type"":""MultiPoint"",""coordinates"":[]}",-10.917941282034086,-16.18468740743652,-12.523548351369394,-17.69036625446312
1_1_1_1_1_1_1_1_2_119_0_1_1_1_1_1_1_1_1_2_119_0,0.119,0.154,0.1066,0.1228,0.0456,0.08,0.0588,0.0858,0.0738,0.1056,0.0794,0.1152,6,6,-0.33858266,-0.28440368,0.19959678,0.14413075,0.036553524,0.04347826,-0.14905934,-0.14626865,19.011540431227697,72.9060557335068,1619.0,Mumbai,4,"{""type"":""MultiPoint"",""coordinates"":[]}",-1.4048528487274092,-7.56541823650402,0.5677795901193521,-7.732058796137472
1_1_1_1_1_1_1_1_2_120_0_1_1_1_1_1_1_1_1_2_120_0,0.1728,0.1652,0.15065,0.1418,0.06255,0.086,0.0888,0.1074,0.1117,0.1202,0.1453,0.162,6,6,-0.32110092,-0.21203229,0.0864508,0.009779952,0.1307393,0.1481219,-0.24134985,-0.2026726,19.2738484941906,72.85898401261893,1620.0,Mumbai,4,"{""type"":""MultiPoint"",""coordinates"":[]}",-8.638827158106828,-14.658526710897462,-9.065073306356037,-14.816354000295345
1_1_1_1_1_1_1_1_2_121_0_1_1_1_1_1_1_1_1_2_121_0,0.01435,0.013,0.0125,0.0108,0.0512,0.0611,0.0733,0.0708,0.05115,0.0518,0.02175,0.0236,0,0,0.67256135,0.6897375,-0.20498616,-0.28961748,-0.40329218,-0.37400532,0.5423461,0.5,19.131375690129243,72.80203082360576,1621.0,Mumbai,4,"{""type"":""MultiPoint"",""coordinates"":[]}",-22.533152292122445,-29.044869936385254,-22.201200735418247,-30.515618992472852
1_1_1_1_1_1_1_1_2_122_0_1_1_1_1_1_1_1_1_2_122_0,0.0195,0.01625,0.01785,0.01345,0.0656,0.07945,0.09435,0.0923,0.08645,0.0754,0.04105,0.0307,0,0,0.657444,0.7005988,-0.35590422,-0.30777422,-0.35607845,-0.42130065,0.39364845,0.500813,18.883979660882726,72.80733088378207,1622.0,Mumbai,4,"{""type"":""MultiPoint"",""coordinates"":[]}",-20.344144624436,-32.363790512190384,-20.24411662746442,-31.896235464133092
1_1_1_1_1_1_1_1_2_123_0_1_1_1_1_1_1_1_1_2_123_0,0.1874,0.2025,0.1444,0.15005,0.0508,0.0621,0.0762,0.0778,0.0866,0.09375,0.1666,0.1649,1,1,-0.42185128,-0.4448805,0.058757063,0.10234077,0.31595576,0.27508217,-0.3723229,-0.35887927,19.124997651611995,73.10332576989946,1623.0,Mumbai,4,"{""type"":""MultiPoint"",""coordinates"":[]}",-7.836324348633863,-15.283132287104664,-7.007651790397022,-14.38288163394924
1_1_1_1_1_1_1_1_2_124_0_1_1_1_1_1_1_1_1_2_124_0,0.01475,0.0213,0.01125,0.0165,0.0546,0.0666,0.07465,0.0828,0.05545,0.0572,0.0278,0.0292,0,0,0.67002237,0.5907781,-0.306698,-0.15643564,-0.33213213,-0.32407406,0.45729625,0.47857141,19.006330202579807,72.7602591628942,1624.0,Mumbai,4,"{""type"":""MultiPoint"",""coordinates"":[]}",-20.78365764618276,-30.81011588294034,-19.897200578742677,-34.245652500777396
1_1_1_1_1_1_1_1_2_125_0_1_1_1_1_1_1_1_1_2_125_0,0.1392,0.1567,0.0955,0.1182,0.0472,0.065,0.0572,0.077,0.0578,0.0758,0.1482,0.1614,6,6,-0.41751528,-0.34103552,-0.03131524,-0.014775228,0.43883497,0.3608769,-0.443038,-0.35402685,19.02070324712572,73.11329706955317,1625.0,Mumbai,4,"{""type"":""MultiPoint"",""coordinates"":[]}",-6.624031672581852,-11.365313455070812,-6.091646228139718,-11.17511903105229
1_1_1_1_1_1_1_1_2_126_0_1_1_1_1_1_1_1_1_2_126_0,0.0131,0.014,0.0114,0.0119,0.0614,0.0689,0.0898,0.0816,0.0866,0.0778,0.0447,0.0376,0,0,0.74538386,0.70711297,-0.5467128,-0.45736435,-0.31911653,-0.34835356,0.33531597,0.3691275,19.00138946851715,72.95788852540049,1626.0,Mumbai,4,"{""type"":""MultiPoint"",""coordinates"":[]}",-21.501418158414165,-29.333356045078517,-21.471371077955,-31.149400014465662
1_1_1_1_1_1_1_1_2_127_0_1_1_1_1_1_1_1_1_2_127_0,0.20075,0.2411,0.1933,0.2285,0.09815,0.1004,0.1171,0.1032,0.1382,0.1144,0.1679,0.187,6,6,-0.26317444,-0.4005228,0.089108914,0.12637234,0.097027116,0.24087591,-0.17824562,-0.28876635,18.89197466691139,72.96345808016204,1627.0,Mumbai,4,"{""type"":""MultiPoint"",""coordinates"":[]}",-4.501251261291235,-13.575962293809923,-4.522155516853397,-12.769649519808839
1_1_1_1_1_1_1_1_2_128_0_1_1_1_1_1_1_1_1_2_128_0,0.0152,0.0218,0.0119,0.0159,0.04985,0.0686,0.0717,0.087,0.0623,0.0676,0.0244,0.0299,0,0,0.6501726,0.5992647,-0.23232323,-0.15667312,-0.43713957,-0.38666666,0.49219564,0.48845166,19.121404390475515,72.76915248420698,1628.0,Mumbai,4,"{""type"":""MultiPoint"",""coordinates"":[]}",-21.338504638685286,-32.8868947895559,-19.951314072771446,-32.90470903297605
1_1_1_1_1_1_1_1_2_129_0_1_1_1_1_1_1_1_1_2_129_0,0.21895,0.2285,0.14285,0.1541,0.0511,0.0593,0.0639,0.079,0.0814,0.1042,0.1681,0.1853,1,1,-0.5481704,-0.48617887,0.13137837,0.10439826,0.347495,0.28013816,-0.44913793,-0.40219447,18.896825569445635,73.1390787182074,1629.0,Mumbai,4,"{""type"":""MultiPoint"",""coordinates"":[]}",-6.304020776622533,-13.287760180513288,-5.917743885730769,-14.082428549720388
1_1_1_1_1_1_1_1_2_130_0_1_1_1_1_1_1_1_1_2_130_0,0.0123,0.01415,0.0097,0.0099,0.0772,0.07625,0.1002,0.09325,0.1054,0.08345,0.0726,0.04605,0,0,0.7813333,0.7364991,-0.71024734,-0.5299003,-0.18426967,-0.2888031,0.15972222,0.33883703,18.97156540108438,72.88952673227901,1630.0,Mumbai,4,"{""type"":""MultiPoint"",""coordinates"":[]}",-18.848554936056846,-30.56522382622303,-19.29005396440043,-27.270150798712624
1_1_1_1_1_1_1_1_2_131_0_1_1_1_1_1_1_1_1_2_131_0,0.0148,0.0155,0.01345,0.0122,0.0719,0.0755,0.0853,0.0876,0.0865,0.0656,0.0419,0.0299,0,0,0.7042957,0.69932103,-0.47795415,-0.3171806,-0.34735203,-0.373822,0.34119496,0.49106383,18.852089468296484,72.82754297767475,1631.0,Mumbai,4,"{""type"":""MultiPoint"",""coordinates"":[]}",-19.658625604866472,-31.485532325456756,-19.54750696205049,-41.12147738168553
1_1_1_1_1_1_1_1_2_132_0_1_1_1_1_1_1_1_1_2_132_0,0.2003,0.39925,0.1732,0.4219,0.0788,0.1769,0.1018,0.1844,0.123,0.1793,0.1524,0.2599,6,6,-0.32605097,-0.36811444,0.13580947,0.21140863,0.10675381,0.18351549,-0.19905587,-0.16993023,19.289928337776335,73.10566138963816,1632.0,Mumbai,4,"{""type"":""MultiPoint"",""coordinates"":[]}",6.0224992640816275,-16.78279462327817,-3.697784316498092,-18.23219617418654
1_1_1_1_1_1_1_1_2_133_0_1_1_1_1_1_1_1_1_2_133_0,0.0175,0.01555,0.015,0.01155,0.0654,0.07685,0.08475,0.0933,0.0914,0.07635,0.05185,0.03695,0,0,0.65770173,0.71428573,-0.4953136,-0.40761906,-0.27609074,-0.34774935,0.2408492,0.43262956,18.88460848158161,72.85664839288023,1633.0,Mumbai,4,"{""type"":""MultiPoint"",""coordinates"":[]}",-18.239450140738256,-30.27005249613898,-19.215944138799216,-32.897557724276524
1_1_1_1_1_1_1_1_2_134_0_1_1_1_1_1_1_1_1_2_134_0,0.21235,0.1733,0.1474,0.10585,0.0428,0.0461,0.06745,0.0675,0.0774,0.0651,0.2395,0.2466,1,1,-0.5178699,-0.43936878,-0.060086314,-0.17456537,0.5115178,0.58229065,-0.56051475,-0.57020056,19.249144823877312,72.9511511607696,1634.0,Mumbai,4,"{""type"":""MultiPoint"",""coordinates"":[]}",-7.794469996041526,-13.860839845705769,-7.617156525747057,-14.15906925467873
1_1_1_1_1_1_1_1_2_135_0_1_1_1_1_1_1_1_1_2_135_0,0.1733,0.1823,0.16335,0.1684,0.07865,0.0856,0.0963,0.0994,0.1126,0.1154,0.1325,0.1454,6,6,-0.28560832,-0.2942847,0.13342054,0.112602994,0.08119135,0.115030676,-0.15821679,-0.1879085,19.26387719453687,72.87174008965344,1635.0,Mumbai,4,"{""type"":""MultiPoint"",""coordinates"":[]}",-0.9278889274848041,-12.770432498593781,-3.0160106785244505,-14.957825575265637
1_1_1_1_1_1_1_1_2_136_0_1_1_1_1_1_1_1_1_2_136_0,0.1296,0.1399,0.0859,0.0942,0.0203,0.0456,0.0432,0.0588,0.0532,0.0637,0.1237,0.1442,1,1,-0.5,-0.408153,0.023292538,-0.0151355155,0.39853024,0.3872054,-0.48232475,-0.42068964,19.240520997149765,72.78936457809968,1636.0,Mumbai,4,"{""type"":""MultiPoint"",""coordinates"":[]}",-9.41480038440098,-16.060625510019836,-8.941117468231047,-15.113467963843227
1_1_1_1_1_1_1_1_2_137_0_1_1_1_1_1_1_1_1_2_137_0,0.0938,0.1143,0.0828,0.0958,0.0566,0.0822,0.0763,0.0944,0.0817,0.1028,0.0781,0.1212,0,6,-0.10288066,-0.09535218,0.09133217,-0.029299363,-0.02252816,0.08214286,-0.0116580315,-0.124304265,19.01899644808589,73.04987601049434,1637.0,Mumbai,4,"{""type"":""MultiPoint"",""coordinates"":[]}",-0.43966720361946465,-9.892407771222047,-3.9648883316482486,-14.235977575471729
1_1_1_1_1_1_1_1_2_138_0_1_1_1_1_1_1_1_1_2_138_0,0.01945,0.016,0.0159,0.0153,0.0633,0.0698,0.0768,0.0809,0.0651,0.0578,0.0323,0.0278,0,0,0.59584415,0.6697627,-0.24830918,-0.26940638,-0.33675563,-0.3504673,0.4078827,0.48850045,18.924314017139693,72.7956527850885,1638.0,Mumbai,4,"{""type"":""MultiPoint"",""coordinates"":[]}",-19.11585229208996,-30.1672323791707,-19.496320674161616,-32.23579723979928
1_1_1_1_1_1_1_1_2_139_0_1_1_1_1_1_1_1_1_2_139_0,0.0147,0.02065,0.0124,0.0145,0.0448,0.049,0.0444,0.04705,0.0384,0.04175,0.0226,0.0347,0,0,0.5025381,0.3899557,-0.21179625,-0.2538392,-0.2590164,-0.09221713,0.32537314,0.15107034,19.233154811819983,73.10260711767215,1639.0,Mumbai,4,"{""type"":""MultiPoint"",""coordinates"":[]}",-22.53292746543649,-26.797135271728823,-22.858870312080562,-25.370996618646217
1_1_1_1_1_1_1_1_2_140_0_1_1_1_1_1_1_1_1_2_140_0,0.1782,0.21735,0.1427,0.1716,0.0336,0.07325,0.04985,0.0952,0.0727,0.1152,0.1213,0.2007,1,6,-0.5628152,-0.39081746,0.18998331,0.03982777,0.25051546,0.27065527,-0.41747007,-0.35653937,19.215996989893306,73.04403696114755,1640.0,Mumbai,4,"{""type"":""MultiPoint"",""coordinates"":[]}",-8.333689279898994,-14.500628981929708,-7.162198798075144,-14.21667049805411
1_1_1_1_1_1_1_1_2_141_0_1_1_1_1_1_1_1_1_2_141_0,0.1301,0.1318,0.1181,0.1149,0.051,0.0608,0.0596,0.0732,0.0711,0.0748,0.1126,0.1278,6,6,-0.37163943,-0.28585365,0.07210548,0.01540832,0.22591181,0.2615992,-0.30778164,-0.2716418,19.055647711677967,73.0300232427153,1641.0,Mumbai,4,"{""type"":""MultiPoint"",""coordinates"":[]}",-5.1513793337349,-13.129738904220586,-4.816725003135223,-14.139516169221679
1_1_1_1_1_1_1_1_2_142_0_1_1_1_1_1_1_1_1_2_142_0,0.10815,0.1167,0.06125,0.065,0.02065,0.0446,0.0418,0.0594,0.0361,0.0522,0.1889,0.216,1,1,-0.44248083,-0.3253833,-0.27183977,-0.2984671,0.6791111,0.6107383,-0.6376246,-0.5686275,19.162637062016604,72.97342937981577,1642.0,Mumbai,4,"{""type"":""MultiPoint"",""coordinates"":[]}",-7.7009698325577896,-13.265942456185256,-7.647930938316046,-13.073992144181563
1_1_1_1_1_1_1_1_2_143_0_1_1_1_1_1_1_1_1_2_143_0,0.1617,0.1606,0.0987,0.0934,0.026,0.0428,0.0476,0.0642,0.049,0.0672,0.1818,0.1988,1,1,-0.5451505,-0.42882562,-0.058515284,-0.10628826,0.5753899,0.49473685,-0.5850043,-0.51178706,19.15832514865283,72.90174382014303,1643.0,Mumbai,4,"{""type"":""MultiPoint"",""coordinates"":[]}",-4.32444270084755,-10.12246456236553,-3.6641527757933665,-10.478847301614742
1_1_1_1_1_1_1_1_2_144_0_1_1_1_1_1_1_1_1_2_144_0,0.15465,0.1578,0.1312,0.1306,0.05565,0.0811,0.0763,0.0938,0.0833,0.1,0.2144,0.196,6,6,-0.33925092,-0.25437203,-0.16190217,-0.1079706,0.44037622,0.3243243,-0.4750602,-0.352657,19.164074366471198,72.95070200312755,1644.0,Mumbai,4,"{""type"":""MultiPoint"",""coordinates"":[]}",-3.9152441055700646,-11.728487239991559,-2.4218755277433024,-11.473625244707724
1_1_1_1_1_1_1_1_2_145_0_1_1_1_1_1_1_1_1_2_145_0,0.1666,0.1688,0.10035,0.1005,0.0244,0.0451,0.0443,0.0646,0.0412,0.066,0.1944,0.2382,1,1,-0.5798957,-0.4464439,-0.07700831,-0.17051597,0.65025467,0.56607497,-0.6288228,-0.57331574,19.16506251328373,72.86706885017601,1645.0,Mumbai,4,"{""type"":""MultiPoint"",""coordinates"":[]}",-8.19832699731942,-13.355895144980998,-7.717871108633359,-13.177467514164798
1_1_1_1_1_1_1_1_2_146_0_1_1_1_1_1_1_1_1_2_146_0,0.2402,0.2154,0.2309,0.20735,0.0804,0.09745,0.08535,0.103,0.1038,0.1213,0.1469,0.1505,6,6,-0.47565657,-0.35301507,0.24102299,0.17737086,0.17191863,0.10743193,-0.26501614,-0.18737672,18.957102525010058,72.82951927129982,1646.0,Mumbai,4,"{""type"":""MultiPoint"",""coordinates"":[]}",1.3175140530501444,-5.180021743964449,1.4475509303769751,-3.704924251432412
1_1_1_1_1_1_1_1_2_147_0_1_1_1_1_1_1_1_1_2_147_0,0.00955,0.0139,0.00895,0.0121,0.01935,0.0404,0.03225,0.044,0.01615,0.0354,0.00565,0.0225,0,0,0.5430622,0.5198618,0.25657895,-0.23626374,-0.48165137,-0.22279793,0.70184696,0.32330826,19.14799452288545,72.916566022331,1647.0,Mumbai,4,"{""type"":""MultiPoint"",""coordinates"":[]}",-20.107713375797907,-25.914549580530252,-22.000964674877203,-27.69731342112037
1_1_1_1_1_1_1_1_2_148_0_1_1_1_1_1_1_1_1_2_148_0,0.2064,0.20365,0.1554,0.14315,0.0534,0.0617,0.0754,0.08175,0.0926,0.08585,0.1904,0.1999,5,1,-0.4648687,-0.42711982,0.04032258,0.009292529,0.34558305,0.3991251,-0.43265614,-0.41949227,19.163176051187072,73.09883419347885,1648.0,Mumbai,4,"{""type"":""MultiPoint"",""coordinates"":[]}",-11.280072242629602,-19.1489999876523,-10.903218568370209,-19.26642049481015
1_1_1_1_1_1_1_1_2_149_0_1_1_1_1_1_1_1_1_2_149_0,0.20895,0.2031,0.1714,0.163,0.0624,0.0656,0.08805,0.088,0.1171,0.1014,0.1805,0.1908,5,6,-0.4070707,-0.39539677,0.07305174,0.0312262,0.21303764,0.3059548,-0.3442562,-0.3687231,19.16200824131772,73.0615541091879,1649.0,Mumbai,4,"{""type"":""MultiPoint"",""coordinates"":[]}",-9.451952960426553,-15.806508687992094,-7.950454633128348,-16.29214655300142
1_1_1_1_1_1_1_1_2_150_0_1_1_1_1_1_1_1_1_2_150_0,0.21565,0.22035,0.2103,0.20735,0.0827,0.0992,0.0917,0.10055,0.0982,0.1102,0.1473,0.1584,5,1,-0.40328616,-0.37332502,0.18831795,0.16356435,0.2,0.17944899,-0.23263599,-0.2234022,18.966175509379664,72.9286034471382,1650.0,Mumbai,4,"{""type"":""MultiPoint"",""coordinates"":[]}",6.1879465691631,-12.106630921032817,4.222914970964208,-12.131370802174331
1_1_1_1_1_1_1_1_2_151_0_1_1_1_1_1_1_1_1_2_151_0,0.1503,0.142,0.11925,0.11015,0.0519,0.057,0.0665,0.07045,0.0762,0.07345,0.1571,0.16,6,6,-0.38653135,-0.33678514,-0.022121014,-0.059602648,0.34676382,0.3707432,-0.40518785,-0.38858753,19.222914017581022,72.95923599832668,1651.0,Mumbai,4,"{""type"":""MultiPoint"",""coordinates"":[]}",-3.74386589305571,-12.00576801168547,-4.348052853329325,-12.225533253257467
1_1_1_1_1_1_1_1_2_152_0_1_1_1_1_1_1_1_1_2_152_0,0.2206,0.2167,0.1475,0.16635,0.0634,0.06175,0.0822,0.07625,0.0838,0.0835,0.1996,0.177,5,1,-0.45706737,-0.47943336,0.049976204,0.1008382,0.40860975,0.35892513,-0.41660753,-0.39782822,19.01567268153465,73.12874809244003,1652.0,Mumbai,4,"{""type"":""MultiPoint"",""coordinates"":[]}",-10.147148044878268,-16.672630738813844,-9.68325560490942,-16.596434518145912
1_1_1_1_1_1_1_1_2_153_0_1_1_1_1_1_1_1_1_2_153_0,0.1683,0.1755,0.1419,0.1595,0.096,0.1304,0.118,0.1468,0.1302,0.1558,0.1714,0.192,6,6,-0.17568983,-0.08904747,-0.009125699,-0.04489796,0.13660477,0.10408281,-0.1845197,-0.13341205,19.047922200234535,72.91638635927417,1653.0,Mumbai,4,"{""type"":""MultiPoint"",""coordinates"":[]}",-10.709662852510284,-16.152067264676447,-7.850174390587949,-15.66083211716587
1_1_1_1_1_1_1_1_2_154_0_1_1_1_1_1_1_1_1_2_154_0,0.2215,0.2043,0.1981,0.1426,0.0542,0.065,0.0797,0.0843,0.1144,0.09765,0.206,0.1975,1,1,-0.47078353,-0.41580042,0.03625731,0.016923843,0.28589264,0.33830255,-0.4420721,-0.40170333,19.286514739696685,73.12838876632638,1654.0,Mumbai,4,"{""type"":""MultiPoint"",""coordinates"":[]}",-9.276642756473706,-15.363402666977908,-7.0536161851759935,-14.178123880447778
1_1_1_1_1_1_1_1_2_155_0_1_1_1_1_1_1_1_1_2_155_0,0.129,0.1323,0.0857,0.0829,0.0257,0.0585,0.0488,0.0744,0.0433,0.0642,0.1728,0.2168,6,6,-0.4510686,-0.2801161,-0.14512922,-0.24205099,0.5992596,0.5430605,-0.5595668,-0.489011,19.082687001729965,72.9180033267856,1655.0,Mumbai,4,"{""type"":""MultiPoint"",""coordinates"":[]}",-9.104671844289758,-14.684426507109617,-6.612878701160315,-15.30703855434442
1_1_1_1_1_1_1_1_2_156_0_1_1_1_1_1_1_1_1_2_156_0,0.1915,0.20365,0.1192,0.1425,0.0438,0.04455,0.0552,0.05955,0.0631,0.0789,0.1638,0.17075,1,1,-0.5524929,-0.5474924,0.07796229,0.08787393,0.44380784,0.3679151,-0.4958904,-0.48284847,18.85487424567725,73.11680049916124,1656.0,Mumbai,4,"{""type"":""MultiPoint"",""coordinates"":[]}",-7.9295564496974515,-13.762228257177313,-6.966227111241755,-14.33682221411228
1_1_1_1_1_1_1_1_2_157_0_1_1_1_1_1_1_1_1_2_157_0,0.02135,0.02295,0.0173,0.017,0.0579,0.0642,0.081,0.07575,0.05855,0.05285,0.03055,0.03135,0,0,0.5828041,0.5349544,-0.17726398,-0.15469614,-0.31425366,-0.25534442,0.45226356,0.41456583,18.96509753103872,72.7880171051735,1657.0,Mumbai,4,"{""type"":""MultiPoint"",""coordinates"":[]}",-19.430573414514498,-31.24733831754134,-18.972220757185376,-32.1272134511928
1_1_1_1_1_1_1_1_2_158_0_1_1_1_1_1_1_1_1_2_158_0,0.1959,0.1677,0.1817,0.1664,0.04565,0.0683,0.05955,0.0762,0.07795,0.097,0.1139,0.123,5,5,-0.53376395,-0.37515375,0.26468688,0.15376677,0.18738598,0.11818182,-0.31334677,-0.23493975,19.10783982968531,73.0923663234332,1658.0,Mumbai,4,"{""type"":""MultiPoint"",""coordinates"":[]}",-11.61110592068302,-19.516692522836678,-11.91695604864336,-19.409303452476557
1_1_1_1_1_1_1_1_2_159_0_1_1_1_1_1_1_1_1_2_159_0,0.182,0.1795,0.15905,0.1225,0.0903,0.0528,0.1161,0.0668,0.133,0.0749,0.188,0.152,6,1,-0.22106676,-0.45757207,-0.016216217,0.08295626,0.17133956,0.33979726,-0.23643538,-0.3893967,19.08421413771297,73.08967137758083,1659.0,Mumbai,4,"{""type"":""MultiPoint"",""coordinates"":[]}",2.3205743140899955,-14.098594929884346,-6.737943923885872,-13.32146610470134
1_1_1_1_1_1_1_1_2_160_0_1_1_1_1_1_1_1_1_2_160_0,0.1732,0.1948,0.1286,0.1404,0.0465,0.0586,0.0597,0.076,0.0662,0.0896,0.1168,0.1736,6,6,-0.48733363,-0.43870014,0.19448276,0.057546146,0.27650273,0.31914893,-0.32351273,-0.39102563,19.074781827229717,73.13054472300827,1660.0,Mumbai,4,"{""type"":""MultiPoint"",""coordinates"":[]}",-8.118560871815937,-14.057168739514033,-8.034035983463298,-13.742950572167517
1_1_1_1_1_1_1_1_2_161_0_1_1_1_1_1_1_1_1_2_161_0,0.1547,0.154,0.13235,0.1195,0.05345,0.063,0.07415,0.0847,0.0764,0.0842,0.2098,0.2144,6,6,-0.3519773,-0.29032257,-0.15116598,-0.16395223,0.4661076,0.43603483,-0.47772494,-0.43363422,19.207283331637345,72.96067330278127,1661.0,Mumbai,4,"{""type"":""MultiPoint"",""coordinates"":[]}",-5.562134244468274,-13.166580887365207,-5.9876151707521865,-11.840384979061728
1_1_1_1_1_1_1_1_2_162_0_1_1_1_1_1_1_1_1_2_162_0,0.2136,0.20445,0.20835,0.19355,0.0933,0.1021,0.1306,0.1257,0.1691,0.1444,0.1936,0.1818,6,6,-0.24113888,-0.23852794,0.049115915,0.058640778,0.06754894,0.11465359,-0.1943245,-0.18243903,19.2430362799453,73.0481692114545,1662.0,Mumbai,4,"{""type"":""MultiPoint"",""coordinates"":[]}",-6.327186650589901,-16.025675367754666,-2.888377589735991,-12.835430312895763
1_1_1_1_1_1_1_1_2_163_0_1_1_1_1_1_1_1_1_2_163_0,0.01765,0.0208,0.013,0.018,0.05665,0.0662,0.078,0.0784,0.0583,0.0573,0.03495,0.0319,0,0,0.63094616,0.58064514,-0.32889733,-0.21062618,-0.25040215,-0.28475335,0.3811421,0.4215775,19.01899644808589,72.80391728570241,1663.0,Mumbai,4,"{""type"":""MultiPoint"",""coordinates"":[]}",-19.27892686275603,-29.060688355298215,-20.33920262793865,-30.093002545785616
1_1_1_1_1_1_1_1_2_164_0_1_1_1_1_1_1_1_1_2_164_0,0.01885,0.0154,0.0143,0.01215,0.0734,0.0762,0.0865,0.08955,0.08365,0.0675,0.04355,0.0297,0,0,0.6421452,0.70652694,-0.39583334,-0.31707317,-0.31525156,-0.3888889,0.3302576,0.5018868,18.85990481126832,72.80068335067958,1664.0,Mumbai,4,"{""type"":""MultiPoint"",""coordinates"":[]}",-20.921331473720002,-33.96136992671662,-19.90973218538044,-39.793176328279856
1_1_1_1_1_1_1_1_2_165_0_1_1_1_1_1_1_1_1_2_165_0,0.01385,0.0231,0.0109,0.0174,0.0499,0.074,0.0754,0.0912,0.0833,0.089,0.04,0.0455,0,0,0.6896359,0.5958005,-0.48560816,-0.3265306,-0.351176,-0.32342008,0.3067591,0.3343087,19.15149795249352,72.7790339523323,1665.0,Mumbai,4,"{""type"":""MultiPoint"",""coordinates"":[]}",-20.386126825546874,-29.95541838022657,-19.9809122013583,-30.549708921728875
1_1_1_1_1_1_1_1_2_166_0_1_1_1_1_1_1_1_1_2_166_0,0.089,0.0947,0.0438,0.052,0.0139,0.0337,0.0395,0.0516,0.02675,0.0396,0.2083,0.1876,1,1,-0.385214,-0.29460013,-0.40127817,-0.32908255,0.7723889,0.65140843,-0.6811945,-0.56856185,19.154103066817463,72.80337829653195,1666.0,Mumbai,4,"{""type"":""MultiPoint"",""coordinates"":[]}",-8.32636170491891,-14.19009880089536,-9.518841051492204,-13.940873884558926
1_1_1_1_1_1_1_1_2_167_0_1_1_1_1_1_1_1_1_2_167_0,0.1999,0.09095,0.1799,0.06615,0.0657,0.05415,0.0835,0.0571,0.107,0.0577,0.151,0.0699,5,6,-0.41072688,-0.22863898,0.13935594,0.13086727,0.17054264,0.09561128,-0.28784648,-0.1007874,19.204768048841807,73.1300057338378,1667.0,Mumbai,4,"{""type"":""MultiPoint"",""coordinates"":[]}",-8.258411132495636,-14.34854852984245,-8.292099937218257,-14.966858907510066
1_1_1_1_1_1_1_1_2_168_0_1_1_1_1_1_1_1_1_2_168_0,0.01525,0.01795,0.0137,0.01335,0.06785,0.0765,0.0913,0.09265,0.092,0.0826,0.0461,0.0421,0,0,0.7137494,0.6754069,-0.5028525,-0.40216488,-0.33236784,-0.32477948,0.32896653,0.37513915,18.88550679686573,72.87730964441498,1668.0,Mumbai,4,"{""type"":""MultiPoint"",""coordinates"":[]}",-19.151629182011245,-29.04145647198118,-19.683477902115037,-36.700232963181264
1_1_1_1_1_1_1_1_2_169_0_1_1_1_1_1_1_1_1_2_169_0,0.24415,0.1996,0.22035,0.1641,0.07885,0.0611,0.0786,0.0761,0.0789,0.0774,0.2077,0.1764,6,6,-0.5129357,-0.44795066,0.08066836,0.06170213,0.44940683,0.39007092,-0.4509256,-0.39722773,19.122392537288047,72.91387107647864,1669.0,Mumbai,4,"{""type"":""MultiPoint"",""coordinates"":[]}",-7.5904266083909455,-13.384718558855173,-7.317116536132206,-14.021530750742846
1_1_1_1_1_1_1_1_2_170_0_1_1_1_1_1_1_1_1_2_170_0,0.163,0.1856,0.0956,0.1083,0.02485,0.0363,0.0484,0.0544,0.03715,0.0528,0.198,0.1958,1,1,-0.5421003,-0.5466667,-0.09695291,-0.026743576,0.6840315,0.57522124,-0.60714287,-0.5651479,19.21033760360335,72.89527595009737,1670.0,Mumbai,4,"{""type"":""MultiPoint"",""coordinates"":[]}",-9.264692401786775,-15.376322531847759,-7.973000387066261,-14.269592069186778
1_1_1_1_1_1_1_1_2_171_0_1_1_1_1_1_1_1_1_2_171_0,0.0797,0.08785,0.05015,0.04875,0.04705,0.0486,0.0616,0.0613,0.0581,0.0557,0.1178,0.1303,3,3,-0.12809625,-0.17800872,-0.19291139,-0.19459088,0.33939737,0.40107527,-0.31326646,-0.36012527,18.92009193530433,72.9940007998221,1671.0,Mumbai,4,"{""type"":""MultiPoint"",""coordinates"":[]}",-9.518674144257641,-15.077846895343125,-9.125124121826165,-15.02548716662542
1_1_1_1_1_1_1_1_2_172_0_1_1_1_1_1_1_1_1_2_172_0,0.151,0.1437,0.0978,0.0963,0.045,0.0542,0.0623,0.0679,0.0574,0.0684,0.1778,0.1486,1,1,-0.41584623,-0.35822305,-0.08150852,-0.0167636,0.5119048,0.36958525,-0.48104957,-0.37274826,19.113499215975263,73.14042619113359,1672.0,Mumbai,4,"{""type"":""MultiPoint"",""coordinates"":[]}",-9.204300404645863,-17.54215115322122,-8.285106327342515,-15.668537165214179
1_1_1_1_1_1_1_1_2_173_0_1_1_1_1_1_1_1_1_2_173_0,0.1629,0.3376,0.13355,0.3491,0.0618,0.1569,0.08,0.1512,0.0871,0.1654,0.1331,0.2599,1,6,-0.3412927,-0.38134205,0.10067567,0.13004184,0.208901,0.2221961,-0.24917878,-0.26441255,18.9394057139129,73.01753666026603,1673.0,Mumbai,4,"{""type"":""MultiPoint"",""coordinates"":[]}",-9.399689242647874,-15.316880860443456,-9.137534827981863,-13.67095189044086
1_1_1_1_1_1_1_1_2_174_0_1_1_1_1_1_1_1_1_2_174_0,0.24835,0.2271,0.2175,0.1842,0.07215,0.0778,0.101,0.106,0.1502,0.1416,0.2091,0.2048,6,6,-0.4217833,-0.36355448,0.08580173,0.051632322,0.16392986,0.18244803,-0.34859723,-0.31788933,19.21276305487047,72.84452113654461,1674.0,Mumbai,4,"{""type"":""MultiPoint"",""coordinates"":[]}",-5.476897205254051,-15.95999543285869,-6.6799715643563715,-16.421552468739886
1_1_1_1_1_1_1_1_2_175_0_1_1_1_1_1_1_1_1_2_175_0,0.01705,0.0209,0.01305,0.016,0.0558,0.0644,0.0786,0.078,0.05335,0.0542,0.0302,0.0292,0,0,0.6434919,0.57735085,-0.27830687,-0.16566867,-0.27707958,-0.2997602,0.44485295,0.4552239,18.996269071397663,72.7730152399287,1675.0,Mumbai,4,"{""type"":""MultiPoint"",""coordinates"":[]}",-20.329433692116876,-32.544071798129806,-19.964499418341312,-32.67124594357856
1_1_1_1_1_1_1_1_2_176_0_1_1_1_1_1_1_1_1_2_176_0,0.09775,0.0887,0.0442,0.0408,0.00295,0.0267,0.02625,0.0407,0.01495,0.0303,0.2454,0.216,1,1,-0.5766129,-0.3709428,-0.4302783,-0.417788,0.8851546,0.7539586,-0.8067366,-0.68289834,19.274656977946307,72.82197342291322,1676.0,Mumbai,4,"{""type"":""MultiPoint"",""coordinates"":[]}",-9.543318956096758,-15.18298118379824,-10.074485208216291,-15.133206622022305
1_1_1_1_1_1_1_1_2_177_0_1_1_1_1_1_1_1_1_2_177_0,0.0156,0.0189,0.014,0.0161,0.04435,0.0756,0.07195,0.0932,0.0877,0.0892,0.04605,0.0427,0,0,0.64363223,0.6628011,-0.4939173,-0.38636363,-0.31140187,-0.3525398,0.21949153,0.37159675,19.207912152336228,72.77382372368442,1677.0,Mumbai,4,"{""type"":""MultiPoint"",""coordinates"":[]}",-19.39809434563832,-28.744083438433158,-19.98723141314742,-29.778035311078455
1_1_1_1_1_1_1_1_2_178_0_1_1_1_1_1_1_1_1_2_178_0,0.1461,0.1593,0.1025,0.1085,0.0279,0.0504,0.0527,0.0688,0.07145,0.0789,0.2149,0.2052,1,1,-0.46981892,-0.3967558,-0.19058172,-0.12592593,0.50096035,0.44456178,-0.6061286,-0.4978102,19.2776214183839,72.83805326649896,1678.0,Mumbai,4,"{""type"":""MultiPoint"",""coordinates"":[]}",-6.943964081623935,-14.039712419722473,-7.361595752754808,-14.268591625350858
1_1_1_1_1_1_1_1_2_179_0_1_1_1_1_1_1_1_1_2_179_0,0.16345,0.188,0.13795,0.1347,0.0424,0.0641,0.0659,0.0881,0.0913,0.0944,0.1445,0.2006,5,5,-0.42533246,-0.36182544,0.061535962,-0.032424085,0.22561494,0.36,-0.37357414,-0.38967785,19.120955232833456,73.06721349547784,1679.0,Mumbai,4,"{""type"":""MultiPoint"",""coordinates"":[]}",-10.983794275859543,-17.45536751054199,-10.557713984349892,-18.621904949759973
1_1_1_1_1_1_1_1_2_180_0_1_1_1_1_1_1_1_1_2_180_0,0.2072,0.1943,0.181,0.176,0.0713,0.0648,0.08865,0.0816,0.1148,0.1044,0.16,0.1452,5,3,-0.4007098,-0.40848133,0.1285403,0.14462444,0.16448326,0.16346154,-0.28694952,-0.28042328,18.876164317910888,73.04241999363614,1680.0,Mumbai,4,"{""type"":""MultiPoint"",""coordinates"":[]}",-10.386001579613346,-20.229269506776063,-9.42489064746032,-19.743814681385214
1_1_1_1_1_1_1_1_2_181_0_1_1_1_1_1_1_1_1_2_181_0,0.2236,0.2971,0.1774,0.2793,0.047,0.1094,0.0782,0.152,0.1072,0.2036,0.2116,0.2444,6,7,-0.481776,-0.3230906,0.02757353,0.097322255,0.32747805,0.09107143,-0.46031746,-0.23309788,19.05555788014956,72.93102889840533,1681.0,Mumbai,4,"{""type"":""MultiPoint"",""coordinates"":[]}",-10.190390571700563,-16.74480847398575,-11.932697763623999,-21.675155769470116
1_1_1_1_1_1_1_1_2_182_0_1_1_1_1_1_1_1_1_2_182_0,0.1974,0.1932,0.12885,0.1267,0.03015,0.0626,0.0626,0.084,0.0815,0.0966,0.2557,0.2452,1,6,-0.5184615,-0.3939394,-0.12866917,-0.11861314,0.51660734,0.43475717,-0.60666037,-0.48967195,19.229112393041447,72.78163906665625,1682.0,Mumbai,4,"{""type"":""MultiPoint"",""coordinates"":[]}",-8.050470395736962,-14.515810687298309,-8.954027977546914,-14.805783807481108
1_1_1_1_1_1_1_1_2_183_0_1_1_1_1_1_1_1_1_2_183_0,0.18845,0.1905,0.1119,0.113,0.03245,0.037,0.0467,0.055,0.03735,0.0554,0.1947,0.1916,1,1,-0.60280675,-0.55193484,-0.016312148,-0.0028788275,0.67808664,0.551417,-0.61309034,-0.5539335,19.198839167966614,72.89581493926784,1683.0,Mumbai,4,"{""type"":""MultiPoint"",""coordinates"":[]}",-6.075573235284875,-12.918432598779777,-5.499037554720481,-12.483754333505813
1_1_1_1_1_1_1_1_2_184_0_1_1_1_1_1_1_1_1_2_184_0,0.0148,0.0177,0.01115,0.0132,0.04995,0.07,0.0764,0.086,0.0853,0.0791,0.04075,0.0385,0,0,0.6754386,0.65863067,-0.46714672,-0.37010676,-0.35343117,-0.3452381,0.3043107,0.3815261,19.256780503792328,72.76726602211033,1684.0,Mumbai,4,"{""type"":""MultiPoint"",""coordinates"":[]}",-19.853882497236995,-31.369225449963793,-20.66611862681325,-32.160677098783864
1_1_1_1_1_1_1_1_2_185_0_1_1_1_1_1_1_1_1_2_185_0,0.01365,0.0271,0.0112,0.0208,0.02725,0.053,0.0571,0.0655,0.0343,0.0512,0.02005,0.0482,0,0,0.61413425,0.41468683,-0.18991098,-0.2802125,-0.2621895,-0.030181086,0.4802333,0.15215479,19.128051923578,72.90021668416003,1685.0,Mumbai,4,"{""type"":""MultiPoint"",""coordinates"":[]}",-21.31463949074702,-26.066210069256613,-20.201421335530988,-28.537071049240822
1_1_1_1_1_1_1_1_2_186_0_1_1_1_1_1_1_1_1_2_186_0,0.1933,0.17825,0.17935,0.1706,0.0764,0.0855,0.1044,0.1076,0.1402,0.1356,0.1537,0.1542,6,6,-0.2986228,-0.2471576,0.114121035,0.0723417,0.04593399,0.06418219,-0.19101124,-0.17799847,18.93006323495806,73.03047240035735,1686.0,Mumbai,4,"{""type"":""MultiPoint"",""coordinates"":[]}",-1.1697229434097962,-14.291965669477417,5.040758446588434,-12.775152417803799
1_1_1_1_1_1_1_1_2_187_0_1_1_1_1_1_1_1_1_2_187_0,0.02165,0.0219,0.01635,0.0185,0.0565,0.0626,0.07465,0.0758,0.0671,0.0644,0.03065,0.0331,0,0,0.5503634,0.55168885,-0.17208412,-0.20363636,-0.37289003,-0.32102564,0.41785374,0.39210284,19.01953543725636,72.81514622675391,1687.0,Mumbai,4,"{""type"":""MultiPoint"",""coordinates"":[]}",-14.964704244634452,-24.90067241757653,-16.525237250100897,-25.224579308869345
1_1_1_1_1_1_1_1_2_188_0_1_1_1_1_1_1_1_1_2_188_0,0.20675,0.1889,0.1584,0.1511,0.0629,0.0722,0.0852,0.0867,0.1009,0.1032,0.2088,0.1682,6,6,-0.4163384,-0.3708273,-0.004933221,0.057966955,0.34840167,0.2394989,-0.42040816,-0.31973323,19.15967262157901,72.92770513185408,1688.0,Mumbai,4,"{""type"":""MultiPoint"",""coordinates"":[]}",-6.915316633866789,-13.45805162526226,-7.080735777699948,-15.827434484721987
1_1_1_1_1_1_1_1_2_189_0_1_1_1_1_1_1_1_1_2_189_0,0.17395,0.17835,0.10505,0.0996,0.01945,0.0426,0.04545,0.05765,0.04115,0.052,0.2062,0.2134,1,1,-0.58568823,-0.5114407,-0.08483493,-0.08947033,0.6672731,0.6081387,-0.63878405,-0.5746172,19.246629541081777,72.89761156983607,1689.0,Mumbai,4,"{""type"":""MultiPoint"",""coordinates"":[]}",-10.79381019969492,-16.40488444478788,-11.321000948671134,-15.990088102787968
1_1_1_1_1_1_1_1_2_190_0_1_1_1_1_1_1_1_1_2_190_0,0.2079,0.20085,0.21345,0.1904,0.0912,0.0851,0.1088,0.1029,0.1338,0.1174,0.1781,0.1592,6,6,-0.31291443,-0.32246915,0.077202074,0.11567838,0.1420327,0.15112075,-0.24154758,-0.21480352,19.258936460474214,73.04493527643169,1690.0,Mumbai,4,"{""type"":""MultiPoint"",""coordinates"":[]}",-1.706299538345641,-11.392628855390516,-2.869177149826668,-10.891472224174038
1_1_1_1_1_1_1_1_2_191_0_1_1_1_1_1_1_1_1_2_191_0,0.01185,0.0162,0.01105,0.0125,0.0795,0.0734,0.0968,0.08925,0.1017,0.0832,0.0707,0.03785,0,0,0.7818684,0.6927454,-0.7129013,-0.40055504,-0.17981438,-0.3746386,0.15582089,0.40440598,18.96976877051614,72.92060844110954,1691.0,Mumbai,4,"{""type"":""MultiPoint"",""coordinates"":[]}",-20.356150464608625,-27.2541293024289,-19.082243911897564,-28.715869590913762
1_1_1_1_1_1_1_1_2_192_0_1_1_1_1_1_1_1_1_2_192_0,0.2244,0.243,0.1953,0.21,0.0721,0.0858,0.0923,0.1046,0.114,0.1354,0.158,0.193,5,5,-0.417114,-0.3981588,0.17364016,0.1146789,0.16176471,0.17539586,-0.26248503,-0.29704303,18.88065589433149,73.02310621502758,1692.0,Mumbai,4,"{""type"":""MultiPoint"",""coordinates"":[]}",-11.101223752683879,-19.27391153820519,-9.971043053907598,-22.316002030379053
1_1_1_1_1_1_1_1_2_193_0_1_1_1_1_1_1_1_1_2_193_0,0.16735,0.1767,0.10765,0.1136,0.0258,0.04715,0.0466,0.0665,0.04465,0.07845,0.1638,0.1915,1,1,-0.5643842,-0.453125,0.010720218,-0.040195547,0.5715999,0.41878125,-0.5570342,-0.48449612,19.240520997149765,72.94037137736017,1693.0,Mumbai,4,"{""type"":""MultiPoint"",""coordinates"":[]}",-6.703783122419219,-13.137052086455032,-6.7098486452575345,-13.74584610985052
1_1_1_1_1_1_1_1_2_194_0_1_1_1_1_1_1_1_1_2_194_0,0.2311,0.2263,0.1596,0.1543,0.0635,0.064,0.0798,0.0824,0.1082,0.1094,0.1973,0.1952,1,1,-0.48665166,-0.46614838,0.07889823,0.073784105,0.29165304,0.28168088,-0.42403466,-0.40634006,18.85963531668309,73.04996584202274,1694.0,Mumbai,4,"{""type"":""MultiPoint"",""coordinates"":[]}",-11.235076053047313,-16.773569972522488,-9.896452429283963,-17.41692047216989
1_1_1_1_1_1_1_1_2_195_0_1_1_1_1_1_1_1_1_2_195_0,0.01765,0.016,0.0158,0.0154,0.0624,0.0664,0.0803,0.0802,0.0594,0.0563,0.027,0.02945,0,0,0.639612,0.66735965,-0.2094065,-0.29592958,-0.375,-0.31311953,0.4967381,0.4628363,18.944615942560795,72.75540826035996,1695.0,Mumbai,4,"{""type"":""MultiPoint"",""coordinates"":[]}",-20.72715793956269,-29.223842950864004,-19.94780560954657,-30.535534977467897
1_1_1_1_1_1_1_1_2_196_0_1_1_1_1_1_1_1_1_2_196_0,0.1424,0.13355,0.12665,0.10955,0.0595,0.0588,0.0766,0.06495,0.0899,0.06815,0.1156,0.1258,6,6,-0.3004566,-0.34559193,0.10387597,0.029882398,0.12506083,0.29724157,-0.20291363,-0.31900394,19.2039595650861,73.00657721379977,1696.0,Mumbai,4,"{""type"":""MultiPoint"",""coordinates"":[]}",-9.088685261481327,-15.003827420376377,-8.339182274918386,-14.051240125011208
1_1_1_1_1_1_1_1_2_197_0_1_1_1_1_1_1_1_1_2_197_0,0.1483,0.15385,0.07955,0.077,0.01345,0.02965,0.0377,0.0474,0.0305,0.03635,0.2492,0.246,1,1,-0.5946237,-0.5289441,-0.25383648,-0.23046142,0.78190917,0.7425181,-0.73719066,-0.6768916,19.24393459522942,72.89895904276226,1697.0,Mumbai,4,"{""type"":""MultiPoint"",""coordinates"":[]}",-9.064592701870529,-15.342158758409788,-7.6299894623532625,-14.474496489658991
1_1_1_1_1_1_1_1_2_198_0_1_1_1_1_1_1_1_1_2_198_0,0.1766,0.1548,0.11615,0.0903,0.01875,0.0371,0.04865,0.0602,0.047,0.0497,0.2178,0.2132,1,1,-0.56803554,-0.44,-0.104462475,-0.15869565,0.6450151,0.6219095,-0.63482827,-0.5596196,19.291006316117283,72.7993358777534,1698.0,Mumbai,4,"{""type"":""MultiPoint"",""coordinates"":[]}",-7.877534095711255,-13.985180456577236,-8.328784194795382,-13.816767343928017
1_1_1_1_1_1_1_1_2_199_0_1_1_1_1_1_1_1_1_2_199_0,0.0148,0.0141,0.0131,0.01215,0.0634,0.077,0.0897,0.0932,0.088,0.075,0.0396,0.0348,0,0,0.7167464,0.7371855,-0.45588234,-0.42331287,-0.37931034,-0.36612022,0.387471,0.45625,18.9213495767021,72.86302643139747,1699.0,Mumbai,4,"{""type"":""MultiPoint"",""coordinates"":[]}",-18.09427481158307,-28.294703250554015,-19.51237735437518,-29.51521993866652
1_1_1_1_1_1_1_1_2_200_0_1_1_1_1_1_1_1_1_2_200_0,0.15575,0.1754,0.16285,0.1833,0.0571,0.0764,0.0734,0.0883,0.0876,0.1032,0.113,0.1236,6,6,-0.3593716,-0.3302996,0.15906976,0.17324415,0.12662014,0.08994709,-0.21244635,-0.16658801,19.100743138940768,73.02490284559582,1700.0,Mumbai,4,"{""type"":""MultiPoint"",""coordinates"":[]}",-6.181722277063803,-9.143307281886408,-3.301642475046973,-7.154900943803092
1_1_1_1_1_1_1_1_2_201_0_1_1_1_1_1_1_1_1_2_201_0,0.07345,0.083,0.04195,0.0479,0.029,0.0412,0.0439,0.0506,0.03795,0.0428,0.1083,0.1486,3,1,-0.25181082,-0.24251497,-0.1917469,-0.28324696,0.48102564,0.55276906,-0.42312747,-0.49196786,19.156169191970942,72.98654478296392,1701.0,Mumbai,4,"{""type"":""MultiPoint"",""coordinates"":[]}",-8.763132012416554,-13.5958052976108,-8.985526837785127,-14.544100533715753
1_1_1_1_1_1_1_1_2_202_0_1_1_1_1_1_1_1_1_2_202_0,0.16265,0.1698,0.08685,0.0941,0.0181,0.0353,0.0392,0.0501,0.0349,0.0474,0.2286,0.2137,1,1,-0.61159277,-0.54433835,-0.1685623,-0.11447197,0.7351044,0.6369207,-0.7072442,-0.6201668,19.24105998632024,72.90973882617169,1702.0,Mumbai,4,"{""type"":""MultiPoint"",""coordinates"":[]}",-2.5257194145105055,-10.01780395361827,-2.9691893165732894,-9.211893468530405
1_1_1_1_1_1_1_1_2_203_0_1_1_1_1_1_1_1_1_2_203_0,0.1959,0.1995,0.11235,0.1061,0.0538,0.0516,0.0741,0.0744,0.0617,0.0624,0.2871,0.2856,1,1,-0.4511111,-0.45673603,-0.18881987,-0.17748918,0.6462156,0.6413793,-0.589701,-0.58666664,18.87212189913235,73.07143557731321,1703.0,Mumbai,4,"{""type"":""MultiPoint"",""coordinates"":[]}",-8.513223590608295,-14.136293663937359,-7.774393962751709,-15.275022745407352
1_1_1_1_1_1_1_1_2_204_0_1_1_1_1_1_1_1_1_2_204_0,0.1941,0.1938,0.1991,0.1875,0.0831,0.109,0.1136,0.1324,0.1347,0.149,0.1805,0.1946,6,6,-0.26161847,-0.18822809,0.036305394,-0.0020597323,0.14530458,0.13271245,-0.22747365,-0.19021407,19.117631466282216,72.8888080800517,1704.0,Mumbai,4,"{""type"":""MultiPoint"",""coordinates"":[]}",-2.0028181311630493,-13.242715239319342,-3.0255435345534156,-12.694805563539436
1_1_1_1_1_1_1_1_2_205_0_1_1_1_1_1_1_1_1_2_205_0,0.0133,0.0138,0.0109,0.0115,0.0616,0.0676,0.09,0.0833,0.0896,0.0764,0.0555,0.0424,0,0,0.74249756,0.71575695,-0.6133721,-0.50889677,-0.23501034,-0.28619528,0.2371134,0.32537788,18.991058842749773,72.9413595241727,1705.0,Mumbai,4,"{""type"":""MultiPoint"",""coordinates"":[]}",-20.282901399797076,-27.68005891539359,-22.76130163551133,-29.5254815606625
1_1_1_1_1_1_1_1_2_206_0_1_1_1_1_1_1_1_1_2_206_0,0.02475,0.1528,0.0215,0.1036,0.0193,0.0556,0.02545,0.066,0.0248,0.0694,0.02135,0.1524,0,6,0.0139442235,-0.39670932,0.07375271,0.001310616,-0.07475623,0.374211,0.08760684,-0.3956044,19.10523471536137,73.03173004175513,1706.0,Mumbai,4,"{""type"":""MultiPoint"",""coordinates"":[]}",-15.477713929054246,-21.888523577973793,-6.35012941808615,-14.018362165600966
1_1_1_1_1_1_1_1_2_207_0_1_1_1_1_1_1_1_1_2_207_0,0.0687,0.0821,0.03455,0.0414,0.0107,0.0374,0.04065,0.0568,0.0292,0.0395,0.21,0.217,3,0,-0.25651577,-0.18214543,-0.50699675,-0.45101973,0.7558528,0.6920078,-0.6756433,-0.5850986,19.228393740814152,72.79448497521916,1707.0,Mumbai,4,"{""type"":""MultiPoint"",""coordinates"":[]}",-8.149524776869065,-15.072076113569354,-8.76143865473406,-15.301923789912987
1_1_1_1_1_1_1_1_2_208_0_1_1_1_1_1_1_1_1_2_208_0,0.09265,0.1421,0.07315,0.1031,0.0619,0.0666,0.07375,0.0845,0.07055,0.0857,0.0923,0.17095,0,3,-0.11358173,-0.2541924,0.0018924034,-0.0921578,0.1335585,0.33216444,-0.11171334,-0.3384224,18.967343319249014,73.1157225208203,1708.0,Mumbai,4,"{""type"":""MultiPoint"",""coordinates"":[]}",-10.731563905027958,-18.078989263270614,-10.718302776309129,-17.739487394864128
1_1_1_1_1_1_1_1_2_209_0_1_1_1_1_1_1_1_1_2_209_0,0.1209,0.1957,0.1023,0.1799,0.0163,0.07735,0.0314,0.113,0.0332,0.1499,0.0777,0.1805,5,6,-0.58765596,-0.26789764,0.21752267,0.04040404,0.4012624,0.092615016,-0.42438132,-0.22998296,19.28076552187832,73.03406566149384,1709.0,Mumbai,4,"{""type"":""MultiPoint"",""coordinates"":[]}",-6.149606656572018,-13.06120353249779,-3.977422649594679,-14.73531086451544
1_1_1_1_1_1_1_1_2_210_0_1_1_1_1_1_1_1_1_2_210_0,0.1588,0.1716,0.09495,0.10265,0.02975,0.0407,0.04665,0.05815,0.0423,0.0527,0.1903,0.1954,1,1,-0.5458749,-0.4937976,-0.09023202,-0.06485014,0.6362855,0.5751713,-0.60624605,-0.54131335,18.96159410143065,73.08994087216607,1710.0,Mumbai,4,"{""type"":""MultiPoint"",""coordinates"":[]}",0.7805566293168419,-5.667561497778744,0.0027293512850757734,-6.808379434223918
1_1_1_1_1_1_1_1_2_211_0_1_1_1_1_1_1_1_1_2_211_0,0.1823,0.2797,0.12615,0.2067,0.0538,0.0651,0.0692,0.0808,0.0841,0.109,0.1308,0.171,3,5,-0.4497018,-0.55173373,0.16448419,0.24118039,0.21731038,0.22142857,-0.308,-0.35822082,19.15374374070382,72.82314123278258,1711.0,Mumbai,4,"{""type"":""MultiPoint"",""coordinates"":[]}",-13.168421886011231,-20.124090394321417,-14.325871766824191,-21.44830936203042
1_1_1_1_1_1_1_1_2_212_0_1_1_1_1_1_1_1_1_2_212_0,0.146,0.1613,0.07945,0.09135,0.02465,0.0511,0.0462,0.0711,0.03735,0.058,0.2748,0.2922,1,1,-0.5192508,-0.38812393,-0.30608365,-0.28864387,0.760692,0.6687607,-0.71214956,-0.6085879,19.23072936055286,73.0097213172942,1712.0,Mumbai,4,"{""type"":""MultiPoint"",""coordinates"":[]}",-9.503209802539692,-14.220246576244243,-7.174241719638091,-13.804445338206436
1_1_1_1_1_1_1_1_2_213_0_1_1_1_1_1_1_1_1_2_213_0,0.0952,0.1005,0.054,0.0579,0.04675,0.0474,0.06175,0.06425,0.0561,0.0548,0.1527,0.164,3,3,-0.2131252,-0.22003035,-0.23194836,-0.24007562,0.46264368,0.49908593,-0.42410818,-0.4370208,18.946861730771094,72.98726343519121,1713.0,Mumbai,4,"{""type"":""MultiPoint"",""coordinates"":[]}",-7.464384710492114,-13.778304949284454,-8.054290871183643,-14.06129058220738
1_1_1_1_1_1_1_1_2_214_0_1_1_1_1_1_1_1_1_2_214_0,0.0717,0.05565,0.04385,0.04205,0.01945,0.0634,0.0306,0.0751,0.03045,0.0675,0.1181,0.05945,1,0,-0.40175954,0.14875717,-0.24446785,-0.03301477,0.59003705,-0.06341079,-0.5884331,0.11631364,19.219320756444542,73.01924345930586,1714.0,Mumbai,4,"{""type"":""MultiPoint"",""coordinates"":[]}",-10.622603705830521,-17.200495808475615,-16.522215591610394,-23.3897246493421
1_1_1_1_1_1_1_1_2_215_0_1_1_1_1_1_1_1_1_2_215_0,0.012,0.0144,0.01,0.0118,0.0616,0.0672,0.0902,0.0853,0.0974,0.0796,0.0562,0.0438,0,0,0.76516634,0.7111334,-0.6480938,-0.5051546,-0.26822916,-0.29011345,0.23224044,0.32145622,18.994741935414662,72.93866457832034,1715.0,Mumbai,4,"{""type"":""MultiPoint"",""coordinates"":[]}",-20.73234952029412,-28.270531615810647,-21.30745394916692,-28.19091388029164
1_1_1_1_1_1_1_1_2_216_0_1_1_1_1_1_1_1_1_2_216_0,0.13,0.1474,0.1276,0.1362,0.0885,0.1164,0.1033,0.1326,0.1267,0.157,0.1456,0.1684,6,6,-0.11444492,-0.052857142,-0.056603774,-0.06649778,0.06940874,0.035033803,-0.16994777,-0.118936874,19.180603367698996,73.00091782750982,1716.0,Mumbai,4,"{""type"":""MultiPoint"",""coordinates"":[]}",-7.0952390361458795,-13.315332380512022,-15.354405904361853,-21.182215458439032
1_1_1_1_1_1_1_1_2_217_0_1_1_1_1_1_1_1_1_2_217_0,0.2203,0.2287,0.1675,0.163,0.0459,0.0552,0.0677,0.0722,0.0924,0.0998,0.1778,0.1854,5,1,-0.5298611,-0.5201064,0.1067571,0.104564115,0.31606218,0.30014026,-0.4484725,-0.439441,19.066517326615813,73.04834887451133,1717.0,Mumbai,4,"{""type"":""MultiPoint"",""coordinates"":[]}",-2.7497716775329284,-9.534514885486416,-4.074591278169444,-10.862598210297415
1_1_1_1_1_1_1_1_2_218_0_1_1_1_1_1_1_1_1_2_218_0,0.0179,0.0488,0.0137,0.0327,0.0599,0.0598,0.0833,0.0698,0.0826,0.0639,0.0502,0.0689,0,0,0.64624506,0.17706576,-0.4743025,-0.17077315,-0.24397591,0.037650604,0.24794008,0.0064888247,19.044508602154885,72.99759406095858,1718.0,Mumbai,4,"{""type"":""MultiPoint"",""coordinates"":[]}",-20.370255976795022,-26.807929140138132,-15.740042683288081,-25.239904130275374
1_1_1_1_1_1_1_1_2_219_0_1_1_1_1_1_1_1_1_2_219_0,0.15235,0.1547,0.13235,0.1457,0.062,0.0894,0.0706,0.0976,0.0821,0.1062,0.1193,0.1296,6,6,-0.36667415,-0.22631788,0.121663906,0.08828702,0.18470705,0.099236645,-0.25645077,-0.14084508,19.1205060751914,72.86401457821,1719.0,Mumbai,4,"{""type"":""MultiPoint"",""coordinates"":[]}",3.5213851947586763,-12.135347705782332,3.800138909207745,-10.898676415536952
1_1_1_1_1_1_1_1_2_220_0_1_1_1_1_1_1_1_1_2_220_0,0.01385,0.01415,0.0129,0.01045,0.0854,0.0738,0.1053,0.08985,0.1125,0.09425,0.0831,0.0494,0,0,0.76751995,0.7278846,-0.71428573,-0.55468136,-0.15030675,-0.3122172,0.1178344,0.29048473,18.952341454004223,72.90641505962046,1720.0,Mumbai,4,"{""type"":""MultiPoint"",""coordinates"":[]}",-18.326269194409104,-30.155142668611703,-19.281470221489577,-27.70836288214028
1_1_1_1_1_1_1_1_2_221_0_1_1_1_1_1_1_1_1_2_221_0,0.2796,0.2614,0.2171,0.2005,0.0716,0.0756,0.1054,0.1036,0.1176,0.118,0.2436,0.2026,4,4,-0.45246753,-0.43232876,0.06880734,0.12672414,0.3488372,0.26388022,-0.39598852,-0.3233181,19.16398453494278,73.14563641978148,1721.0,Mumbai,4,"{""type"":""MultiPoint"",""coordinates"":[]}",-12.149203920560197,-20.186135323239167,-11.235376611463163,-19.76160683863606
1_1_1_1_1_1_1_1_2_222_0_1_1_1_1_1_1_1_1_2_222_0,0.0165,0.0376,0.0146,0.0303,0.0256,0.0401,0.0425,0.049,0.03995,0.0411,0.01845,0.0447,0,0,0.44067797,0.13163972,-0.055793993,-0.086269744,-0.36815068,0.04195804,0.39458573,0.045891143,19.248785497763663,72.83499899453295,1722.0,Mumbai,4,"{""type"":""MultiPoint"",""coordinates"":[]}",-18.104982061359923,-26.78409845765289,-19.097636370225064,-26.443885627659032
1_1_1_1_1_1_1_1_2_223_0_1_1_1_1_1_1_1_1_2_223_0,0.0141,0.0151,0.0111,0.012,0.0566,0.0696,0.0872,0.08,0.0874,0.0812,0.048,0.044,0,0,0.72161895,0.68243957,-0.5458937,-0.4890017,-0.29098967,-0.2971246,0.28994083,0.29032257,18.99213682109072,72.97091409702023,1723.0,Mumbai,4,"{""type"":""MultiPoint"",""coordinates"":[]}",-20.682885042225845,-28.988356111852944,-20.88261587985731,-32.2246966457372
1_1_1_1_1_1_1_1_2_224_0_1_1_1_1_1_1_1_1_2_224_0,0.1955,0.194,0.1494,0.1477,0.0458,0.0644,0.0644,0.0778,0.08535,0.0954,0.1562,0.1614,5,5,-0.50442475,-0.42752025,0.111742966,0.09172763,0.293314,0.25700936,-0.4161378,-0.34949833,19.090232850116568,73.05149297800575,1724.0,Mumbai,4,"{""type"":""MultiPoint"",""coordinates"":[]}",-8.55714115347912,-14.413553770958202,-7.636790268677904,-14.237854096734166
1_1_1_1_1_1_1_1_2_225_0_1_1_1_1_1_1_1_1_2_225_0,0.1859,0.1934,0.15755,0.1668,0.0646,0.0987,0.084,0.1092,0.09845,0.1256,0.1549,0.1842,6,6,-0.37754723,-0.27825513,0.09096244,0.024364406,0.22281429,0.1891543,-0.2967769,-0.25562373,19.13892153851585,72.87614183454562,1725.0,Mumbai,4,"{""type"":""MultiPoint"",""coordinates"":[]}",2.6483650602968423,-12.372602695901051,0.23148175229179502,-12.049743538505204
1_1_1_1_1_1_1_1_2_226_0_1_1_1_1_1_1_1_1_2_226_0,0.0165,0.0174,0.0124,0.0158,0.05095,0.0684,0.07115,0.0806,0.0552,0.0601,0.03045,0.0307,0,0,0.62350255,0.64489794,-0.2971246,-0.2765073,-0.28896672,-0.32378855,0.40059054,0.44833782,19.027530443285027,72.79466463827598,1726.0,Mumbai,4,"{""type"":""MultiPoint"",""coordinates"":[]}",-19.240617654214503,-29.545119281609797,-20.15889929059238,-34.47462222465323
1_1_1_1_1_1_1_1_2_227_0_1_1_1_1_1_1_1_1_2_227_0,0.1629,0.1591,0.1445,0.1371,0.0798,0.0742,0.0876,0.0876,0.1011,0.0966,0.119,0.1484,6,6,-0.3005988,-0.2898257,0.15572898,0.03479675,0.08132667,0.21142857,-0.15198451,-0.25762713,18.97345186318103,73.11150043898493,1727.0,Mumbai,4,"{""type"":""MultiPoint"",""coordinates"":[]}",-8.11228908988437,-14.588376711547795,4.387868784634831,-11.182692347484162
1_1_1_1_1_1_1_1_2_228_0_1_1_1_1_1_1_1_1_2_228_0,0.1041,0.0964,0.0587,0.0467,0.012,0.038,0.0301,0.0526,0.0297,0.0408,0.1644,0.2112,1,1,-0.5514158,-0.29395974,-0.224581,-0.37321195,0.6939722,0.6761905,-0.69048846,-0.60121304,19.03552544931369,73.00639755074295,1728.0,Mumbai,4,"{""type"":""MultiPoint"",""coordinates"":[]}",-9.308988229143873,-14.202492031721672,-7.264109682016108,-13.948351340605022
1_1_1_1_1_1_1_1_2_229_0_1_1_1_1_1_1_1_1_2_229_0,0.0153,0.0211,0.0111,0.0151,0.0642,0.0758,0.0874,0.0866,0.0928,0.0742,0.0514,0.0442,0,0,0.7020448,0.60817087,-0.54122937,-0.35375193,-0.28710124,-0.2533784,0.259366,0.32415903,19.02438633979061,72.95842751457097,1729.0,Mumbai,4,"{""type"":""MultiPoint"",""coordinates"":[]}",-21.573312104237452,-27.098913930180725,-22.30155907236327,-28.67496713603746
1_1_1_1_1_1_1_1_2_230_0_1_1_1_1_1_1_1_1_2_230_0,0.0161,0.01695,0.01415,0.01655,0.064,0.0681,0.0814,0.07815,0.0555,0.0546,0.0279,0.02745,0,0,0.6697436,0.6435331,-0.26818183,-0.23648648,-0.33093524,-0.33089578,0.4894785,0.48011363,18.963570395055715,72.75298280909284,1730.0,Mumbai,4,"{""type"":""MultiPoint"",""coordinates"":[]}",-20.241427801323557,-31.490479717735532,-19.726949264866185,-33.906600714485926
1_1_1_1_1_1_1_1_2_231_0_1_1_1_1_1_1_1_1_2_231_0,0.0106,0.0208,0.011,0.0152,0.03545,0.0439,0.0453,0.0508,0.02825,0.037,0.0141,0.0221,0,0,0.6207513,0.41899443,-0.1417004,-0.030303031,-0.33412042,-0.25211507,0.5252525,0.39369,19.1934492762619,72.91414057106388,1731.0,Mumbai,4,"{""type"":""MultiPoint"",""coordinates"":[]}",-20.865313136806066,-26.558663158163924,-20.51048946388812,-25.45171967870707
1_1_1_1_1_1_1_1_2_232_0_1_1_1_1_1_1_1_1_2_232_0,0.0142,0.0178,0.0117,0.01245,0.0846,0.0774,0.0989,0.09245,0.1028,0.0866,0.07975,0.0425,0,0,0.7488948,0.6770975,-0.6977115,-0.4096186,-0.12626678,-0.34159565,0.10719284,0.3701371,18.962582248243184,72.91773383220035,1732.0,Mumbai,4,"{""type"":""MultiPoint"",""coordinates"":[]}",-19.06556413540828,-28.394773215276537,-20.13446676218075,-28.46327250500031
1_1_1_1_1_1_1_1_2_233_0_1_1_1_1_1_1_1_1_2_233_0,0.0157,0.0177,0.0123,0.0177,0.05205,0.0662,0.07415,0.0836,0.0551,0.0588,0.02715,0.0327,0,0,0.65052867,0.6505429,-0.2672112,-0.29761904,-0.33981764,-0.2852459,0.4639684,0.43766123,19.05106630372896,72.77535085966741,1733.0,Mumbai,4,"{""type"":""MultiPoint"",""coordinates"":[]}",-19.978843186994943,-30.256414417343073,-19.494128630497364,-36.14726546078661
1_1_1_1_1_1_1_1_2_234_0_1_1_1_1_1_1_1_1_2_234_0,0.01535,0.0147,0.01255,0.0127,0.08455,0.077,0.1007,0.0916,0.1103,0.0822,0.0759,0.0436,0,0,0.73545885,0.72342426,-0.66356164,-0.49571183,-0.18474758,-0.30683625,0.14043035,0.35502958,18.853436941222665,72.90165398861461,1734.0,Mumbai,4,"{""type"":""MultiPoint"",""coordinates"":[]}",-19.918349826307235,-29.31437744233063,-18.898899064867454,-32.041425774940734
1_1_1_1_1_1_1_1_2_235_0_1_1_1_1_1_1_1_1_2_235_0,0.01415,0.0171,0.01195,0.0134,0.0488,0.0693,0.07255,0.0867,0.0834,0.0832,0.0439,0.0385,0,0,0.6735871,0.67052025,-0.51248926,-0.38489208,-0.31029066,-0.36729664,0.24602833,0.38498402,19.224081827450377,72.76978130490588,1735.0,Mumbai,4,"{""type"":""MultiPoint"",""coordinates"":[]}",-19.89865816279799,-29.76099254571409,-20.82920317390886,-30.50567409055476
1_1_1_1_1_1_1_1_2_236_0_1_1_1_1_1_1_1_1_2_236_0,0.2192,0.1963,0.1825,0.16005,0.0518,0.07315,0.0714,0.08435,0.0863,0.1014,0.1658,0.147,6,6,-0.5086029,-0.3988954,0.1387013,0.14360617,0.31535104,0.18357489,-0.3979764,-0.2708018,19.28067569034991,73.14779237646337,1736.0,Mumbai,4,"{""type"":""MultiPoint"",""coordinates"":[]}",-6.106464760979442,-14.188483326858218,-7.359883544685623,-15.010795300407148
1_1_1_1_1_1_1_1_2_237_0_1_1_1_1_1_1_1_1_2_237_0,0.09395,0.11205,0.0574,0.0723,0.0474,0.0545,0.0636,0.0686,0.06595,0.0686,0.1279,0.1413,3,3,-0.19263726,-0.24052034,-0.15303133,-0.11545293,0.31957698,0.3463554,-0.33577025,-0.3463554,18.94488543714603,72.99741439790176,1737.0,Mumbai,4,"{""type"":""MultiPoint"",""coordinates"":[]}",-5.872204618500435,-14.50698802957685,-6.292498229994105,-14.719050346311693
1_1_1_1_1_1_1_1_2_238_0_1_1_1_1_1_1_1_1_2_238_0,0.2396,0.26435,0.1966,0.23855,0.087,0.0966,0.1138,0.1206,0.1508,0.1433,0.2128,0.1873,5,6,-0.35597056,-0.37342513,0.05923961,0.1705967,0.17051706,0.13309135,-0.3031231,-0.21662878,19.181591514511524,73.13180236440604,1738.0,Mumbai,4,"{""type"":""MultiPoint"",""coordinates"":[]}",-9.479342149356093,-18.193615509712195,-6.581944536742169,-14.997866327841542
1_1_1_1_1_1_1_1_2_239_0_1_1_1_1_1_1_1_1_2_239_0,0.24815,0.2097,0.22875,0.1934,0.0884,0.0816,0.1036,0.0932,0.1246,0.1068,0.1722,0.1668,4,6,-0.41094527,-0.3846154,0.18068276,0.113944225,0.16037735,0.21929824,-0.24873096,-0.2830769,19.167398133022434,72.87290789952279,1739.0,Mumbai,4,"{""type"":""MultiPoint"",""coordinates"":[]}",-0.26134216653823505,-13.239594740555045,0.5511949585152812,-15.110248495714217
1_1_1_1_1_1_1_1_2_240_0_1_1_1_1_1_1_1_1_2_240_0,0.17065,0.1693,0.13435,0.1296,0.0436,0.0646,0.06455,0.0796,0.07815,0.0889,0.1377,0.1556,6,6,-0.45110545,-0.3603857,0.10685909,0.04216682,0.27588603,0.27280164,-0.36168107,-0.32312927,19.107570335100075,72.8738062148069,1740.0,Mumbai,4,"{""type"":""MultiPoint"",""coordinates"":[]}",-2.8815748838374464,-11.31414044992479,-2.7503844477390964,-13.900237507769528
1_1_1_1_1_1_1_1_2_241_0_1_1_1_1_1_1_1_1_2_241_0,0.01345,0.01695,0.01155,0.0127,0.0755,0.07565,0.0957,0.09075,0.10065,0.0828,0.05425,0.04265,0,0,0.7535502,0.68523675,-0.6026588,-0.43120804,-0.2995481,-0.32004783,0.27642548,0.36056972,18.898083210843403,72.89527595009737,1741.0,Mumbai,4,"{""type"":""MultiPoint"",""coordinates"":[]}",-19.76879074571822,-26.71222802861226,-19.373602423546792,-29.63253362411926
1_1_1_1_1_1_1_1_2_242_0_1_1_1_1_1_1_1_1_2_242_0,0.01355,0.0155,0.01015,0.0117,0.05265,0.0698,0.0783,0.0907,0.09535,0.0954,0.058,0.0493,0,0,0.70495373,0.70809793,-0.6212439,-0.52160496,-0.24356048,-0.3185902,0.14893617,0.2957143,19.267290792616528,72.75927101608167,1742.0,Mumbai,4,"{""type"":""MultiPoint"",""coordinates"":[]}",-20.222047665286397,-29.016104322661366,-19.85071161111143,-32.92602090850677
1_1_1_1_1_1_1_1_2_243_0_1_1_1_1_1_1_1_1_2_243_0,0.01455,0.0174,0.0127,0.013,0.0833,0.08,0.0972,0.0916,0.10035,0.083,0.06145,0.0456,0,0,0.7395973,0.6807339,-0.61710525,-0.44761905,-0.24042027,-0.29082426,0.2253388,0.33527696,18.8800270736326,72.89536578162578,1743.0,Mumbai,4,"{""type"":""MultiPoint"",""coordinates"":[]}",-20.55637712948071,-28.00156478202196,-19.689760608282867,-28.260363717833105
1_1_1_1_1_1_1_1_2_244_0_1_1_1_1_1_1_1_1_2_244_0,0.1563,0.14035,0.1235,0.1231,0.0508,0.0563,0.0588,0.0688,0.0683,0.07225,0.1276,0.1362,6,6,-0.45327756,-0.34209898,0.101091936,0.015006328,0.30270547,0.3067882,-0.36909872,-0.3287805,19.23108868666651,73.12156157016707,1744.0,Mumbai,4,"{""type"":""MultiPoint"",""coordinates"":[]}",-7.875846684644312,-13.19339246230399,-7.698921828522067,-14.185769788969811
1_1_1_1_1_1_1_1_2_245_0_1_1_1_1_1_1_1_1_2_245_0,0.14675,0.1608,0.0885,0.0975,0.04205,0.0495,0.0554,0.0638,0.05105,0.0674,0.1747,0.1804,1,1,-0.45189217,-0.4318789,-0.08694976,-0.057444315,0.5477298,0.4560129,-0.5184702,-0.4774775,18.89080685704204,72.92096776722319,1745.0,Mumbai,4,"{""type"":""MultiPoint"",""coordinates"":[]}",-7.02035407896652,-12.741239811035545,-7.048159065386097,-13.34544680434858
1_1_1_1_1_1_1_1_2_246_0_1_1_1_1_1_1_1_1_2_246_0,0.297,0.2691,0.1639,0.1427,0.034,0.054,0.0818,0.0839,0.0518,0.0654,0.4652,0.4152,2,2,-0.5681098,-0.52464586,-0.22067699,-0.21350285,0.7996132,0.7278402,-0.7009141,-0.6637948,19.057444342246207,73.05957781556283,1746.0,Mumbai,4,"{""type"":""MultiPoint"",""coordinates"":[]}",-15.627317152614836,-23.118345535979355,-14.263998654518664,-21.285381556951712
1_1_1_1_1_1_1_1_2_247_0_1_1_1_1_1_1_1_1_2_247_0,0.07725,0.2099,0.05855,0.1596,0.044,0.0838,0.0506,0.1032,0.0523,0.1204,0.06525,0.1918,6,5,-0.2084474,-0.34078568,0.08421053,0.0450585,0.11016589,0.22869955,-0.12645662,-0.30033898,19.167487964550848,72.97576499955447,1747.0,Mumbai,4,"{""type"":""MultiPoint"",""coordinates"":[]}",-12.351862224816951,-19.617871881739973,-8.921983505087278,-16.35775876104582
1_1_1_1_1_1_1_1_2_248_0_1_1_1_1_1_1_1_1_2_248_0,0.2174,0.2969,0.1781,0.2518,0.0686,0.0898,0.0734,0.0916,0.134,0.1606,0.1748,0.2114,6,6,-0.4951857,-0.52844274,0.10861805,0.16820775,0.13212435,0.13655914,-0.4085415,-0.39537954,19.070649576922765,72.9909465278561,1748.0,Mumbai,4,"{""type"":""MultiPoint"",""coordinates"":[]}",-4.442534996644568,-20.916360267108928,-6.607616867511464,-21.890520575229527
1_1_1_1_1_1_1_1_2_249_0_1_1_1_1_1_1_1_1_2_249_0,0.16785,0.16675,0.0917,0.09185,0.01675,0.0355,0.0418,0.05575,0.0339,0.05295,0.2279,0.2112,1,1,-0.60124016,-0.4988764,-0.15173721,-0.11760815,0.74102366,0.5990914,-0.6900259,-0.5823188,19.216176652950125,72.93048990923485,1749.0,Mumbai,4,"{""type"":""MultiPoint"",""coordinates"":[]}",-6.300369627279213,-13.604410638127737,-7.271770548098042,-13.884370554103505
1_1_1_1_1_1_1_1_2_250_0_1_1_1_1_1_1_1_1_2_250_0,0.1394,0.2049,0.1038,0.1876,0.056,0.0988,0.0789,0.125,0.0751,0.141,0.1744,0.1938,0,6,-0.27714154,-0.24219461,-0.11153601,0.027840482,0.39799598,0.1577061,-0.37702328,-0.21580929,19.073075028189887,73.12892775549686,1750.0,Mumbai,4,"{""type"":""MultiPoint"",""coordinates"":[]}",-9.16100351043449,-18.24931367807302,-9.34734941506166,-18.51098230849624
1_1_1_1_1_1_1_1_2_251_0_1_1_1_1_1_1_1_1_2_251_0,0.01485,0.0154,0.0122,0.0114,0.0725,0.0775,0.08815,0.09345,0.09335,0.077975,0.0483,0.0379,0,0,0.7116505,0.7170418,-0.5296912,-0.42213884,-0.31803742,-0.34584683,0.29204836,0.42291588,18.943627795748263,72.86724851323284,1751.0,Mumbai,4,"{""type"":""MultiPoint"",""coordinates"":[]}",-19.051839230556013,-27.632451643115125,-19.299016906070023,-33.75022436721932
1_1_1_1_1_1_1_1_2_252_0_1_1_1_1_1_1_1_1_2_252_0,0.1141,0.1298,0.08665,0.0826,0.0499,0.0475,0.06625,0.0654,0.0696,0.05845,0.1459,0.1716,3,1,-0.26531744,-0.32991803,-0.122307695,-0.13868614,0.35406032,0.4918496,-0.3754419,-0.44810125,18.94120234448114,72.97872943999207,1752.0,Mumbai,4,"{""type"":""MultiPoint"",""coordinates"":[]}",-10.365646114775952,-16.384830507796096,-8.962847758343425,-15.26958842507874
1_1_1_1_1_1_1_1_2_253_0_1_1_1_1_1_1_1_1_2_253_0,0.01815,0.0142,0.01505,0.0116,0.0743,0.0763,0.09275,0.0906,0.0801,0.0673,0.03985,0.03085,0,0,0.6726781,0.72900766,-0.37413794,-0.36958936,-0.33555648,-0.37137035,0.3989442,0.491972,18.862689588649094,72.78990356727014,1753.0,Mumbai,4,"{""type"":""MultiPoint"",""coordinates"":[]}",-19.917688658808668,-35.738587676125576,-19.186795213958884,-38.710483028319096
1_1_1_1_1_1_1_1_2_254_0_1_1_1_1_1_1_1_1_2_254_0,0.1458,0.1442,0.13,0.1277,0.0526,0.075,0.08,0.0866,0.09085,0.0956,0.1471,0.1434,6,6,-0.29140833,-0.24956672,-0.0044383747,0.0027816412,0.2363942,0.2,-0.29546455,-0.24695653,19.075769974042245,72.83850242414101,1754.0,Mumbai,4,"{""type"":""MultiPoint"",""coordinates"":[]}",-4.728304323306216,-13.420416079274062,-4.357020609037641,-12.057471737378847
1_1_1_1_1_1_1_1_2_255_0_1_1_1_1_1_1_1_1_2_255_0,0.2542,0.21835,0.2148,0.18255,0.0631,0.0646,0.0834,0.08195,0.1236,0.1092,0.1844,0.1543,5,5,-0.50592417,-0.45421246,0.15914273,0.1718771,0.1974026,0.1711575,-0.37714714,-0.3062434,19.11799079239586,73.11401572178048,1755.0,Mumbai,4,"{""type"":""MultiPoint"",""coordinates"":[]}",-11.723210106210711,-20.148557051145463,-11.954129097787808,-18.6711385019468
1_1_1_1_1_1_1_1_2_256_0_1_1_1_1_1_1_1_1_2_256_0,0.014,0.0147,0.0124,0.0119,0.0548,0.0763,0.0888,0.087,0.0966,0.0738,0.0585,0.0378,0,0,0.72762644,0.71091443,-0.6137931,-0.44,-0.24564797,-0.32258064,0.20570265,0.39423078,18.98324349977793,72.95761903081527,1756.0,Mumbai,4,"{""type"":""MultiPoint"",""coordinates"":[]}",-20.580933374062496,-27.806146364732943,-20.84524140457419,-28.627370708456624
1_1_1_1_1_1_1_1_2_257_0_1_1_1_1_1_1_1_1_2_257_0,0.13735,0.1418,0.12015,0.1292,0.03905,0.06,0.05715,0.0689,0.05955,0.0692,0.1238,0.1394,0,0,-0.41233933,-0.34598956,0.051885888,0.008534851,0.35042268,0.33652925,-0.3683338,-0.33845416,19.19910866255185,72.98789225589009,1757.0,Mumbai,4,"{""type"":""MultiPoint"",""coordinates"":[]}",-9.974045451727148,-14.425461851450414,-7.045627118967316,-12.332595329626471
1_1_1_1_1_1_1_1_2_258_0_1_1_1_1_1_1_1_1_2_258_0,0.17945,0.1835,0.1658,0.1574,0.06345,0.0708,0.0768,0.0871,0.08765,0.0886,0.1562,0.1658,6,6,-0.40058535,-0.35624537,0.069268584,0.050672773,0.28111544,0.3034591,-0.34077254,-0.3111902,19.066607158144222,72.88027408485257,1758.0,Mumbai,4,"{""type"":""MultiPoint"",""coordinates"":[]}",-0.18314068692586477,-7.662868420423745,-2.3740724494927683,-8.257723685963935
1_1_1_1_1_1_1_1_2_259_0_1_1_1_1_1_1_1_1_2_259_0,0.0161,0.0165,0.01495,0.01212,0.06085,0.0748666666666666,0.08525,0.0898,0.0778,0.0709,0.0424,0.0344,0,0,0.6822891,0.68955785,-0.44957265,-0.35166994,-0.29450914,-0.34662867,0.3356835,0.44605476,18.89143567774092,72.82745314614634,1759.0,Mumbai,4,"{""type"":""MultiPoint"",""coordinates"":[]}",-20.538781131771756,-34.05912478471984,-20.04348449267671,-36.93641762936035
1_1_1_1_1_1_1_1_2_260_0_1_1_1_1_1_1_1_1_2_260_0,0.0152,0.015,0.0119,0.0123,0.0582,0.0666,0.082,0.0816,0.09,0.0735,0.0492,0.0347,0,0,0.6872428,0.68944097,-0.5279503,-0.39637828,-0.29310346,-0.3585952,0.25,0.4032674,19.00615053952298,72.95950549291192,1760.0,Mumbai,4,"{""type"":""MultiPoint"",""coordinates"":[]}",-20.727664946678345,-29.092437396549492,-21.766546896098312,-30.710825812735656
1_1_1_1_1_1_1_1_2_261_0_1_1_1_1_1_1_1_1_2_261_0,0.0187,0.0233,0.0159,0.0169666666666666,0.05775,0.06825,0.0796,0.0871,0.07345,0.0692,0.0302,0.0314,0,0,0.61953205,0.57789856,-0.23517382,-0.14808044,-0.41726965,-0.37574553,0.4499089,0.4700422,18.94021419766861,72.78990356727014,1761.0,Mumbai,4,"{""type"":""MultiPoint"",""coordinates"":[]}",-18.869891097226827,-28.686286303665753,-18.16608609034433,-32.274295203642225
1_1_1_1_1_1_1_1_2_262_0_1_1_1_1_1_1_1_1_2_262_0,0.0133,0.0151,0.0115,0.0116,0.0687,0.0626,0.0806,0.0755,0.0772,0.0593,0.0466,0.0366,0,0,0.7167199,0.6666667,-0.55592656,-0.41586074,-0.24717286,-0.2367049,0.2672956,0.3470116,19.028788084682795,72.97307005370212,1762.0,Mumbai,4,"{""type"":""MultiPoint"",""coordinates"":[]}",-22.44690047381371,-29.446804873464167,-23.128423714583004,-28.832345547882767
1_1_1_1_1_1_1_1_2_263_0_1_1_1_1_1_1_1_1_2_263_0,0.2219,0.21135,0.2097,0.19615,0.1236,0.1258,0.1456,0.1486,0.1666,0.164,0.1888,0.1938,6,6,-0.20761904,-0.17432977,0.08059411,0.04331729,0.06246483,0.083286755,-0.1291866,-0.13200934,18.96833146606155,72.81613437356644,1763.0,Mumbai,4,"{""type"":""MultiPoint"",""coordinates"":[]}",-3.870375455833873,-8.168520162281116,-4.4187623895137085,-6.397000900462208
1_1_1_1_1_1_1_1_2_264_0_1_1_1_1_1_1_1_1_2_264_0,0.21865,0.222,0.19305,0.1959,0.0627,0.0622,0.0745,0.0772,0.0935,0.0962,0.1398,0.1396,5,5,-0.4917278,-0.48395723,0.21997489,0.22787611,0.19845693,0.18405429,-0.304713,-0.28782287,18.891705172326155,73.04259965669297,1764.0,Mumbai,4,"{""type"":""MultiPoint"",""coordinates"":[]}",-9.166359914904028,-19.324866582370703,-10.168672551268624,-20.480851223876346
1_1_1_1_1_1_1_1_2_265_0_1_1_1_1_1_1_1_1_2_265_0,0.26495,0.2807,0.1952,0.2081,0.03135,0.0583,0.05975,0.0805,0.08375,0.1044,0.2289,0.2384,1,1,-0.63196796,-0.5542636,0.072997876,0.081487186,0.46425715,0.3908985,-0.58600384,-0.49513954,19.22057839784231,72.87650116065927,1765.0,Mumbai,4,"{""type"":""MultiPoint"",""coordinates"":[]}",-8.340567148888004,-14.573065019520868,-8.211763088556268,-15.049058049373887
1_1_1_1_1_1_1_1_2_266_0_1_1_1_1_1_1_1_1_2_266_0,0.01305,0.01205,0.0109,0.0122,0.0755,0.06885,0.09335,0.0881,0.0884,0.08195,0.04685,0.0333,0,0,0.75469923,0.75936097,-0.5642738,-0.46857774,-0.30720887,-0.42212582,0.33166903,0.45140034,18.920181766832744,72.9142304025923,1766.0,Mumbai,4,"{""type"":""MultiPoint"",""coordinates"":[]}",-20.19737101442141,-28.305752183301312,-19.899194727757997,-31.894494342117156
1_1_1_1_1_1_1_1_2_267_0_1_1_1_1_1_1_1_1_2_267_0,0.16605,0.1552,0.1451,0.1302,0.0491,0.0648,0.0703,0.08,0.0893,0.091,0.1712,0.1502,6,6,-0.40511954,-0.3197279,-0.015270571,0.016371971,0.3143954,0.24543947,-0.41780537,-0.3049522,18.984860467289348,72.84452113654461,1767.0,Mumbai,4,"{""type"":""MultiPoint"",""coordinates"":[]}",-7.601461609629454,-13.112054524253173,-4.8655127035033345,-13.547938795600363
1_1_1_1_1_1_1_1_2_268_0_1_1_1_1_1_1_1_1_2_268_0,0.1541,0.1362,0.1432,0.1248,0.03,0.06175,0.0485,0.0742,0.0726,0.085,0.1556,0.1245,6,6,-0.5212241,-0.2946768,-0.004843397,0.044879172,0.36371604,0.18854415,-0.5247428,-0.25314546,19.290826653060456,73.0413420152952,1768.0,Mumbai,4,"{""type"":""MultiPoint"",""coordinates"":[]}",-7.153923665242315,-14.408353211235763,-6.630422937334759,-13.855407225160025
1_1_1_1_1_1_1_1_2_269_0_1_1_1_1_1_1_1_1_2_269_0,0.1572,0.1528,0.1258,0.1089,0.0436,0.0566,0.0586,0.071,0.0769,0.0798,0.1274,0.1472,3,3,-0.45690453,-0.36550492,0.104708366,0.018666666,0.24718551,0.2969163,-0.36989248,-0.3492209,19.03301016651816,73.09101885050701,1769.0,Mumbai,4,"{""type"":""MultiPoint"",""coordinates"":[]}",-11.75635644675792,-16.99650050308779,-10.154012346567079,-16.671502891798568
1_1_1_1_1_1_1_1_2_270_0_1_1_1_1_1_1_1_1_2_270_0,0.2136,0.1661,0.1934,0.1495,0.06375,0.0703,0.0964,0.0849,0.1148,0.0997,0.1836,0.1088,6,6,-0.3780645,-0.32350597,0.0755287,0.20843944,0.230563,0.043645084,-0.31142858,-0.12338668,19.145658903146742,72.83805326649896,1770.0,Mumbai,4,"{""type"":""MultiPoint"",""coordinates"":[]}",-2.8303359858483663,-11.87210208777645,-1.3022166899004466,-12.048276022663913
1_1_1_1_1_1_1_1_2_271_0_1_1_1_1_1_1_1_1_2_271_0,0.155,0.1835,0.12595,0.1487,0.0851,0.1158,0.1114,0.1224,0.1286,0.1366,0.152,0.2282,6,6,-0.16366367,-0.19973847,0.009771987,-0.108574204,0.08339273,0.2510965,-0.15413819,-0.3017684,19.174674486823804,72.88180122083557,1771.0,Mumbai,4,"{""type"":""MultiPoint"",""coordinates"":[]}",-2.251817401319957,-5.852332580908254,-5.451827542708551,-10.457581122853648
1_1_1_1_1_1_1_1_2_272_0_1_1_1_1_1_1_1_1_2_272_0,0.21945,0.2003,0.1747,0.1443,0.04825,0.0624,0.07885,0.0784,0.0915,0.0856,0.1961,0.206,1,1,-0.4713376,-0.43738788,0.05619059,-0.014029043,0.3636996,0.41289437,-0.42644116,-0.44866386,19.106133030645484,73.0375690911019,1772.0,Mumbai,4,"{""type"":""MultiPoint"",""coordinates"":[]}",-8.925343245920303,-15.501623359297696,-8.222332415568658,-15.259596532940439
1_1_1_1_1_1_1_1_2_273_0_1_1_1_1_1_1_1_1_2_273_0,0.1429,0.13765,0.12015,0.10445,0.05145,0.0532,0.0621,0.0686,0.07485,0.0713,0.1151,0.1325,6,6,-0.39414635,-0.33478788,0.107751936,0.019063484,0.21189786,0.3002944,-0.29909706,-0.31775236,18.924763174781752,73.04152167835203,1773.0,Mumbai,4,"{""type"":""MultiPoint"",""coordinates"":[]}",-8.831415713295087,-13.90361378840035,-8.214830843089967,-13.331110401915893
1_1_1_1_1_1_1_1_2_274_0_1_1_1_1_1_1_1_1_2_274_0,0.1327,0.1407,0.09375,0.0895,0.02975,0.0456,0.0511,0.0643,0.04895,0.0592,0.1694,0.198,6,6,-0.44396082,-0.37268293,-0.12148295,-0.16917627,0.5516373,0.53965783,-0.53650796,-0.5097217,19.145209745504683,73.0413420152952,1774.0,Mumbai,4,"{""type"":""MultiPoint"",""coordinates"":[]}",-1.902858165129968,-10.449873533965071,-1.7728111342525208,-9.977317169554512
1_1_1_1_1_1_1_1_2_275_0_1_1_1_1_1_1_1_1_2_275_0,0.2015,0.2072,0.1597,0.1563,0.07495,0.1142,0.07975,0.1198,0.0915,0.1194,0.2038,0.2118,6,6,-0.4328889,-0.26727828,-0.0056748088,-0.01097852,0.38029122,0.2789855,-0.43748897,-0.2774427,19.08241750714473,72.86329592598271,1775.0,Mumbai,4,"{""type"":""MultiPoint"",""coordinates"":[]}",-8.49510760291897,-14.314171887307346,-8.672208276098907,-14.225799407079743
1_1_1_1_1_1_1_1_2_276_0_1_1_1_1_1_1_1_1_2_276_0,0.22485,0.1929,0.1602,0.1503,0.04625,0.0506,0.06995,0.0714,0.1074,0.0789,0.2149,0.2106,1,1,-0.525441,-0.45970488,0.022626493,-0.043866172,0.33354017,0.4549223,-0.50886434,-0.49361703,19.15778615948236,73.02283672044234,1776.0,Mumbai,4,"{""type"":""MultiPoint"",""coordinates"":[]}",-6.073122059429366,-12.791174666077357,-5.5151377145949105,-12.697649141531144
1_1_1_1_1_1_1_1_2_277_0_1_1_1_1_1_1_1_1_2_277_0,0.0645,0.10235,0.0427,0.0589,0.04815,0.0476,0.05795,0.05965,0.0573,0.05295,0.118,0.1602,3,1,-0.05349122,-0.26358023,-0.2931507,-0.22033899,0.34626356,0.5031668,-0.34129015,-0.4573573,18.94263964893573,72.97037510784976,1777.0,Mumbai,4,"{""type"":""MultiPoint"",""coordinates"":[]}",-8.712293961030486,-15.614276270903307,-8.552958007769849,-14.36203635312006
1_1_1_1_1_1_1_1_2_278_0_1_1_1_1_1_1_1_1_2_278_0,0.1354,0.28495,0.13695,0.20905,0.03815,0.0522,0.04545,0.0742,0.0574,0.09175,0.09995,0.1979,5,5,-0.49737352,-0.5868022,0.15062672,0.18028373,0.27041626,0.36647677,-0.37482807,-0.45461228,18.901317145866237,73.05814051110823,1778.0,Mumbai,4,"{""type"":""MultiPoint"",""coordinates"":[]}",-1.9875437907076774,-15.925134626610394,-1.8140143582951782,-13.459807498859007
1_1_1_1_1_1_1_1_2_279_0_1_1_1_1_1_1_1_1_2_279_0,0.01485,0.0169,0.01385,0.0125,0.0591,0.07375,0.0816,0.0892,0.0823,0.0778,0.02885,0.0358,0,0,0.69206846,0.6814326,-0.32036614,-0.3586338,-0.4808817,-0.3697183,0.47759166,0.4272,18.926559805349992,72.8436228212605,1779.0,Mumbai,4,"{""type"":""MultiPoint"",""coordinates"":[]}",-17.814305610294014,-25.71069337492187,-17.575604771755597,-26.36234512786234
1_1_1_1_1_1_1_1_2_280_0_1_1_1_1_1_1_1_1_2_280_0,0.01245,0.01285,0.00965,0.0103,0.0844,0.07595,0.1034,0.09345,0.1039,0.0853,0.0651,0.04165,0,0,0.7850669,0.7582314,-0.6789168,-0.52844036,-0.2295858,-0.34383616,0.2272997,0.3834197,18.96330090047048,72.89347931952913,1780.0,Mumbai,4,"{""type"":""MultiPoint"",""coordinates"":[]}",-18.694347390442076,-26.953475265621805,-19.992774904200065,-26.448888091889685
1_1_1_1_1_1_1_1_2_281_0_1_1_1_1_1_1_1_1_2_281_0,0.30625,0.29995,0.2226,0.2133,0.0766,0.07175,0.09025,0.0899,0.1246,0.1226,0.2103,0.2117,5,5,-0.5447667,-0.53879696,0.18575162,0.1724812,0.25589728,0.26652706,-0.39943436,-0.40384614,19.09768886697476,73.14078551724724,1781.0,Mumbai,4,"{""type"":""MultiPoint"",""coordinates"":[]}",-11.182792442886853,-19.804490487480486,-10.711676697878971,-17.664865873392735
1_1_1_1_1_1_1_1_2_282_0_1_1_1_1_1_1_1_1_2_282_0,0.15445,0.1657,0.09185,0.09785,0.0395,0.0394,0.057,0.0532,0.05185,0.06005,0.1588,0.1601,1,1,-0.46086544,-0.5139333,-0.013886672,0.01718846,0.5077142,0.45446286,-0.4717331,-0.50117207,18.924673343253342,73.060925288489,1782.0,Mumbai,4,"{""type"":""MultiPoint"",""coordinates"":[]}",-7.916448576353671,-14.025626767474902,-8.512889427115859,-15.182605019544713
1_1_1_1_1_1_1_1_2_283_0_1_1_1_1_1_1_1_1_2_283_0,0.1617,0.15125,0.11455,0.1017,0.05725,0.049825,0.0679,0.06496,0.0563,0.05538,0.1864,0.18635,1,6,-0.40853658,-0.39910272,-0.070956625,-0.103969194,0.53605276,0.5418028,-0.46598506,-0.48302892,18.97659596667545,73.11976493959884,1783.0,Mumbai,4,"{""type"":""MultiPoint"",""coordinates"":[]}",-0.8463769439407476,-13.733135392881788,-2.099172293618933,-14.4142206338373
1_1_1_1_1_1_1_1_2_284_0_1_1_1_1_1_1_1_1_2_284_0,0.14645,0.1682,0.12905,0.1589,0.0655,0.0778,0.076,0.0894,0.0952,0.1026,0.135,0.1252,6,6,-0.31670037,-0.30590063,0.04068218,0.1465576,0.17289314,0.09920983,-0.27962086,-0.166822,19.12814175510641,72.859433170261,1784.0,Mumbai,4,"{""type"":""MultiPoint"",""coordinates"":[]}",-0.2909909405565745,-11.724075562464117,1.2399157138123664,-9.748119700024848
1_1_1_1_1_1_1_1_2_285_0_1_1_1_1_1_1_1_1_2_285_0,0.143,0.1509,0.0874,0.0816,0.02415,0.0425,0.0426,0.0598,0.04975,0.0495,0.1964,0.2509,1,1,-0.5409483,-0.4323683,-0.15733647,-0.24888004,0.59577495,0.6704394,-0.64351463,-0.6150628,19.23504127391664,72.97046493937818,1785.0,Mumbai,4,"{""type"":""MultiPoint"",""coordinates"":[]}",-7.4203951314188,-12.610827252019465,-5.5192316775883885,-12.616212938579977
1_1_1_1_1_1_1_1_2_286_0_1_1_1_1_1_1_1_1_2_286_0,0.0135,0.018,0.01135,0.0156,0.0502,0.0696,0.07375,0.0856,0.05415,0.0645,0.0207,0.034,0,0,0.6905444,0.6525096,-0.21052632,-0.30769232,-0.44689378,-0.30964467,0.56167287,0.43143812,19.11493652042985,72.75450994507584,1786.0,Mumbai,4,"{""type"":""MultiPoint"",""coordinates"":[]}",-21.004111888028376,-30.796422182985744,-19.51543600968415,-32.776547889854825
1_1_1_1_1_1_1_1_2_287_0_1_1_1_1_1_1_1_1_2_287_0,0.09025,0.10365,0.0721,0.07065,0.0395,0.0575,0.06335,0.07465,0.0723,0.07845,0.1148,0.134,3,3,-0.1751302,-0.16264722,-0.1197269,-0.12770882,0.22715126,0.2614733,-0.28880158,-0.28444764,19.28444861454321,72.97280055911688,1787.0,Mumbai,4,"{""type"":""MultiPoint"",""coordinates"":[]}",-10.120104140762717,-16.447661121042014,-10.348034330839283,-17.121670751426443
1_1_1_1_1_1_1_1_2_288_0_1_1_1_1_1_1_1_1_2_288_0,0.2078,0.1983,0.13005,0.1205,0.05005,0.0476,0.0684,0.0652666666666666,0.06225,0.0616,0.2061,0.2043,1,1,-0.50470674,-0.5047426,0.0041072723,-0.01490313,0.53605366,0.53666794,-0.50163937,-0.515766,18.898532368485466,73.14249231628706,1788.0,Mumbai,4,"{""type"":""MultiPoint"",""coordinates"":[]}",-4.955122965229217,-11.852244576435758,-4.268174588446916,-12.406404504921538
1_1_1_1_1_1_1_1_2_289_0_1_1_1_1_1_1_1_1_2_289_0,0.1754,0.17705,0.12835,0.12,0.0222,0.04205,0.04145,0.0587,0.04935,0.0702,0.1432,0.155,1,1,-0.6177081,-0.5020149,0.10106717,0.06640566,0.48740587,0.37655416,-0.5510425,-0.45063174,19.279238385895315,72.94854604644566,1789.0,Mumbai,4,"{""type"":""MultiPoint"",""coordinates"":[]}",-7.709665819688981,-14.632951856923803,-7.802024378635645,-14.840402881954807
1_1_1_1_1_1_1_1_2_290_0_1_1_1_1_1_1_1_1_2_290_0,0.0143,0.0152,0.0106,0.011,0.057,0.0704,0.083,0.0824,0.087,0.0742,0.0454,0.0352,0,0,0.70606375,0.6885246,-0.52093804,-0.3968254,-0.3141994,-0.35648996,0.29283488,0.40136054,19.00049115323303,72.97028527632135,1790.0,Mumbai,4,"{""type"":""MultiPoint"",""coordinates"":[]}",-19.56793665540357,-28.07081110495666,-21.819590865687495,-31.85009061362519
1_1_1_1_1_1_1_1_2_291_0_1_1_1_1_1_1_1_1_2_291_0,0.0166,0.01605,0.0121,0.01365,0.0711,0.0775,0.0852,0.0899,0.07075,0.06225,0.03285,0.0273,0,0,0.6738703,0.6970269,-0.32861477,-0.25951558,-0.36583012,-0.39028475,0.44345617,0.5341297,18.865474366029865,72.76987113643429,1791.0,Mumbai,4,"{""type"":""MultiPoint"",""coordinates"":[]}",-19.006545962136308,-36.699432169860955,-19.877498379828257,-38.20528328615096
1_1_1_1_1_1_1_1_2_292_0_1_1_1_1_1_1_1_1_2_292_0,0.01325,0.017,0.01125,0.0139,0.049,0.068,0.0744,0.0872,0.0795,0.0778,0.0288,0.0364,0,0,0.69766116,0.6737044,-0.36979786,-0.36329588,-0.46814406,-0.3625219,0.44186047,0.41100323,19.260373764928808,72.77597968036629,1792.0,Mumbai,4,"{""type"":""MultiPoint"",""coordinates"":[]}",-20.822075924327148,-31.536315406986397,-20.148185142202408,-30.236934287327756
1_1_1_1_1_1_1_1_2_293_0_1_1_1_1_1_1_1_1_2_293_0,0.0163,0.0186,0.013,0.0132,0.0592,0.068,0.0849,0.0804,0.0914,0.0708,0.0626,0.0412,0,0,0.6778656,0.6242424,-0.58681875,-0.3779264,-0.18701299,-0.2642857,0.15118644,0.3223684,18.991418168863422,73.00558906698724,1793.0,Mumbai,4,"{""type"":""MultiPoint"",""coordinates"":[]}",-17.787773777948104,-28.105279527897753,-19.104830935286394,-30.31034501468506
1_1_1_1_1_1_1_1_2_294_0_1_1_1_1_1_1_1_1_2_294_0,0.1775,0.20755,0.1374,0.16125,0.0212,0.058,0.0411,0.0769,0.0472,0.08565,0.142,0.1797,1,6,-0.62397075,-0.45930743,0.11111111,0.07191736,0.5010571,0.35443753,-0.55106497,-0.40062353,19.296126713236763,73.02732829686293,1794.0,Mumbai,4,"{""type"":""MultiPoint"",""coordinates"":[]}",-7.882163697418436,-13.593519563512526,-6.850556077536549,-13.732599709775032
1_1_1_1_1_1_1_1_2_295_0_1_1_1_1_1_1_1_1_2_295_0,0.1662,0.1593,0.1435,0.1432,0.0751,0.0778,0.0904,0.0942,0.0991,0.09645,0.1748,0.1726,6,6,-0.2954014,-0.25680473,-0.025219942,-0.04007231,0.27637824,0.2830329,-0.3182504,-0.29385307,18.96851112911837,72.83499899453295,1795.0,Mumbai,4,"{""type"":""MultiPoint"",""coordinates"":[]}",-6.150124960120718,-9.36529280856607,-6.535525186319096,-9.850709022705978
1_1_1_1_1_1_1_1_2_296_0_1_1_1_1_1_1_1_1_2_296_0,0.1421,0.10275,0.1054,0.0806,0.045,0.0754,0.0587,0.09175,0.0604,0.1026,0.1307,0.1281,1,0,-0.41533864,-0.05655527,0.041788857,-0.10981157,0.3678702,0.11053316,-0.38014784,-0.16534,18.97012809662979,73.06002697320488,1796.0,Mumbai,4,"{""type"":""MultiPoint"",""coordinates"":[]}",-11.454925369853314,-16.546317058778897,-12.31616286649746,-19.811345955621768
1_1_1_1_1_1_1_1_2_297_0_1_1_1_1_1_1_1_1_2_297_0,0.1564,0.12305,0.14735,0.1134,0.0885,0.0657,0.1086,0.08345,0.1335,0.09455,0.1533,0.09935,6,6,-0.18037736,-0.19176756,0.010009686,0.106564745,0.06903765,0.024755029,-0.17067583,-0.086980306,18.935902284304834,73.01924345930586,1797.0,Mumbai,4,"{""type"":""MultiPoint"",""coordinates"":[]}",-4.5947552754011385,-9.551369337348023,-11.290597750672205,-17.904147724994843
1_1_1_1_1_1_1_1_2_298_0_1_1_1_1_1_1_1_1_2_298_0,0.18205,0.1826,0.1191,0.1148,0.0254,0.0417,0.04445,0.06,0.04885,0.0608,0.2135,0.2142,1,1,-0.6075055,-0.50535864,-0.07950954,-0.079637095,0.62759674,0.5578182,-0.65535957,-0.56236327,19.13999951685679,72.87838762275592,1798.0,Mumbai,4,"{""type"":""MultiPoint"",""coordinates"":[]}",-5.792791103733565,-11.621859860887913,-4.842699255679898,-11.740011235132245
1_1_1_1_1_1_1_1_2_299_0_1_1_1_1_1_1_1_1_2_299_0,0.09985,0.1116,0.0504,0.0624,0.02015,0.0438,0.0355,0.0561,0.0316,0.048,0.1961,0.1664,1,1,-0.47543406,-0.3309481,-0.32522386,-0.1971223,0.7224418,0.5522388,-0.693437,-0.49573034,19.128051923578,72.95950549291192,1799.0,Mumbai,4,"{""type"":""MultiPoint"",""coordinates"":[]}",-10.422679262365815,-14.734614251428725,-9.697078080447891,-15.047374361156187
1_1_1_1_1_1_1_1_2_300_0_1_1_1_1_1_1_1_1_2_300_0,0.1065,0.1024,0.0725,0.06935,0.0498,0.05695,0.058,0.067,0.059,0.0654,0.1072,0.1155,0,0,-0.29483283,-0.20897284,-0.00327562,-0.06011932,0.29001203,0.2769486,-0.29782084,-0.26575342,19.28310114161703,73.12281921156485,1800.0,Mumbai,4,"{""type"":""MultiPoint"",""coordinates"":[]}",-10.899998437791826,-18.076372455593344,-10.843266999550554,-17.77018674328618
1_1_1_1_1_1_1_1_2_301_0_1_1_1_1_1_1_1_1_2_301_0,0.01655,0.0166,0.0138,0.0125,0.092,0.0773,0.101,0.0938,0.1047,0.0866,0.06365,0.0402,0,0,0.7184177,0.6992754,-0.5872818,-0.41549295,-0.24383724,-0.3659306,0.22684482,0.4,18.864216724632097,72.89446746634167,1801.0,Mumbai,4,"{""type"":""MultiPoint"",""coordinates"":[]}",-18.886740765627746,-29.63949822263053,-18.647490523654927,-30.370224944710607
1_1_1_1_1_1_1_1_2_302_0_1_1_1_1_1_1_1_1_2_302_0,0.0141,0.018,0.01165,0.0131,0.052,0.0697,0.07865,0.09,0.09735,0.0811,0.0583,0.0415,0,0,0.6959569,0.6666667,-0.61049724,-0.394958,-0.2508834,-0.32300162,0.14859438,0.3688213,19.271872200565536,72.76241511957609,1802.0,Mumbai,4,"{""type"":""MultiPoint"",""coordinates"":[]}",-19.25215046792035,-30.307983238893605,-21.174738898768688,-33.30414014981366
1_1_1_1_1_1_1_1_2_303_0_1_1_1_1_1_1_1_1_2_303_0,0.1663,0.1812,0.1487,0.14195,0.0629,0.06165,0.0766,0.07695,0.092,0.09195,0.1303,0.1486,7,1,-0.36928776,-0.40383497,0.12137559,0.098847784,0.1722897,0.23550197,-0.25954568,-0.31766793,18.94946684509504,73.02121975293092,1803.0,Mumbai,4,"{""type"":""MultiPoint"",""coordinates"":[]}",-12.609479505358648,-18.21903336775307,-11.607237497014445,-17.499097583772837
1_1_1_1_1_1_1_1_2_304_0_1_1_1_1_1_1_1_1_2_304_0,0.1996,0.2191,0.1518,0.162,0.0464,0.0673,0.065,0.0893,0.0775,0.0985,0.199,0.209,1,1,-0.5086924,-0.42088196,0.0015052684,0.02359262,0.43942133,0.35934958,-0.50757575,-0.40127388,19.147006376072923,73.14401945227006,1804.0,Mumbai,4,"{""type"":""MultiPoint"",""coordinates"":[]}",-7.526526374682605,-13.515335180702097,-7.575255231541016,-13.531739045818512
1_1_1_1_1_1_1_1_2_305_0_1_1_1_1_1_1_1_1_2_305_0,0.19045,0.18385,0.1533,0.17375,0.0445,0.0908,0.0698,0.1197,0.08625,0.1504,0.1535,0.1881,5,6,-0.4635927,-0.21133256,0.1074284,-0.011426267,0.28050053,0.11137371,-0.37483206,-0.22222222,19.24240745924641,73.00603822462931,1805.0,Mumbai,4,"{""type"":""MultiPoint"",""coordinates"":[]}",-12.508201119978061,-18.395896419179284,-9.662833569646391,-18.968030249781663
1_1_1_1_1_1_1_1_2_306_0_1_1_1_1_1_1_1_1_2_306_0,0.0595,0.05115,0.0362,0.0342,0.0548,0.05605,0.0758,0.06535,0.0532,0.0519,0.0959,0.08225,0,0,0.12047302,0.121888414,-0.23423423,-0.23313344,0.28638497,0.22623928,-0.11706465,-0.114498645,18.99303513637484,73.12874809244003,1806.0,Mumbai,4,"{""type"":""MultiPoint"",""coordinates"":[]}",-15.443107177875934,-19.984782219229793,-16.793749930435368,-21.922425158979358
1_1_1_1_1_1_1_1_2_307_0_1_1_1_1_1_1_1_1_2_307_0,0.0549,0.081,0.0373,0.0561,0.0142,0.0424,0.03895,0.0544,0.03,0.049,0.0944,0.1174,0,0,-0.16995205,-0.19645494,-0.26456797,-0.18346775,0.5176849,0.41105768,-0.415823,-0.36670548,19.27726209227025,72.8256565155781,1807.0,Mumbai,4,"{""type"":""MultiPoint"",""coordinates"":[]}",-12.287361781117053,-17.971800043239156,-11.233066074813703,-16.43314116176837
1_1_1_1_1_1_1_1_2_308_0_1_1_1_1_1_1_1_1_2_308_0,0.2689,0.2505,0.2524,0.232,0.1208,0.1095,0.1466,0.1322,0.1773,0.1534,0.2098,0.1942,6,6,-0.29434416,-0.3091194,0.12345937,0.1266022,0.083957635,0.1173763,-0.17732884,-0.18995099,19.21438002238189,73.08077805626804,1808.0,Mumbai,4,"{""type"":""MultiPoint"",""coordinates"":[]}",-5.485709133694407,-12.679771190815751,-4.102242517260239,-10.27926789033285
1_1_1_1_1_1_1_1_2_309_0_1_1_1_1_1_1_1_1_2_309_0,0.213,0.2093,0.1641,0.1625666666666666,0.06465,0.0603714285714285,0.07885,0.0705,0.097,0.0896,0.1591,0.139,5,5,-0.45965394,-0.49606863,0.14485353,0.2018375,0.2424834,0.21609798,-0.33725572,-0.32696897,18.951892296362164,73.12425651601943,1809.0,Mumbai,4,"{""type"":""MultiPoint"",""coordinates"":[]}",-11.535807891201133,-18.887959877660297,-11.055225194806004,-17.5155139747566
1_1_1_1_1_1_1_1_2_310_0_1_1_1_1_1_1_1_1_2_310_0,0.0129,0.0162,0.0111,0.0123,0.0647,0.0706,0.083,0.083,0.0722,0.0702,0.039,0.0366,0,0,0.7309698,0.6733871,-0.50289017,-0.38636363,-0.29856116,-0.31460676,0.36065573,0.38795987,19.012798072625465,72.9714530861907,1810.0,Mumbai,4,"{""type"":""MultiPoint"",""coordinates"":[]}",-20.269192113798304,-27.3091254554422,-22.234309632643612,-30.70870048314258
1_1_1_1_1_1_1_1_2_311_0_1_1_1_1_1_1_1_1_2_311_0,0.0166,0.01555,0.0138,0.0116,0.0739,0.07765,0.0869,0.08835,0.0718,0.06545,0.0359,0.02925,0,0,0.67922705,0.7006737,-0.36761904,-0.30580357,-0.33333334,-0.38225976,0.41530946,0.502551,18.85559289790455,72.77732715329248,1811.0,Mumbai,4,"{""type"":""MultiPoint"",""coordinates"":[]}",-20.971996964509554,-32.48954627004142,-18.540553467937883,-34.4996420997898
1_1_1_1_1_1_1_1_2_312_0_1_1_1_1_1_1_1_1_2_312_0,0.01095,0.0166,0.01025,0.012,0.05005,0.0457,0.0607,0.0615,0.0549,0.0508,0.0214,0.0231,0,0,0.6943475,0.57490396,-0.32302937,-0.16372795,-0.43905637,-0.37483084,0.47868454,0.4539007,19.225788626490203,72.81218178631632,1812.0,Mumbai,4,"{""type"":""MultiPoint"",""coordinates"":[]}",-19.98425612969247,-27.25224058695864,-22.093466893503418,-27.423247401879017
1_1_1_1_1_1_1_1_2_313_0_1_1_1_1_1_1_1_1_2_313_0,0.2321,0.2251,0.2261,0.2134,0.1132,0.13,0.1659,0.1506,0.1869,0.172,0.224,0.2052,6,6,-0.16633166,-0.19829652,0.017759264,0.046246804,0.09028961,0.088016964,-0.14901257,-0.153457,19.0671461473147,72.87542318231833,1813.0,Mumbai,4,"{""type"":""MultiPoint"",""coordinates"":[]}",-1.0957858107418308,-14.789980454840613,-1.992265509030354,-14.388727682412455
1_1_1_1_1_1_1_1_2_314_0_1_1_1_1_1_1_1_1_2_314_0,0.1667,0.1683,0.0995,0.0978,0.04435,0.0441,0.059,0.0566,0.05515,0.0578,0.181,0.1916,1,1,-0.4771821,-0.49666518,-0.04112741,-0.0647402,0.532924,0.5364876,-0.5083333,-0.5439162,18.87355920358694,73.0773644581884,1814.0,Mumbai,4,"{""type"":""MultiPoint"",""coordinates"":[]}",-7.9962946696833805,-14.490677759511696,-8.180551186631483,-14.822124410390334
1_1_1_1_1_1_1_1_2_315_0_1_1_1_1_1_1_1_1_2_315_0,0.015,0.017,0.0116,0.0159,0.0526,0.0678,0.0736,0.0828,0.05385,0.0626,0.03195,0.0291,0,0,0.66139954,0.6593186,-0.36102235,-0.2624729,-0.25524476,-0.3653217,0.3945997,0.47989276,19.03732207988193,72.78397468639496,1815.0,Mumbai,4,"{""type"":""MultiPoint"",""coordinates"":[]}",-19.4559336157822,-30.279009463970752,-19.95289055672778,-31.396854376253565
1_1_1_1_1_1_1_1_2_316_0_1_1_1_1_1_1_1_1_2_316_0,0.1423,0.1512,0.11195,0.1033,0.0314,0.0562,0.051,0.0698,0.05575,0.068,0.1679,0.1986,6,6,-0.47232282,-0.3683258,-0.0825274,-0.135506,0.50145316,0.48987246,-0.53403383,-0.47988078,19.172967687783977,72.93992221971811,1816.0,Mumbai,4,"{""type"":""MultiPoint"",""coordinates"":[]}",-5.8782277026143746,-10.76904294868368,0.5082274264109865,-6.795049934140425
1_1_1_1_1_1_1_1_2_317_0_1_1_1_1_1_1_1_1_2_317_0,0.21325,0.2079,0.14655,0.1481,0.0368,0.0516,0.0544,0.0666,0.0644,0.0831,0.1638,0.167,1,1,-0.59349895,-0.5147541,0.13114971,0.10909576,0.43558282,0.33546582,-0.5013749,-0.42979452,19.087358241207387,73.04080302612473,1817.0,Mumbai,4,"{""type"":""MultiPoint"",""coordinates"":[]}",-7.79886226508814,-14.561236223832111,-8.219892130132642,-15.37684464243647
1_1_1_1_1_1_1_1_2_318_0_1_1_1_1_1_1_1_1_2_318_0,0.0159,0.018,0.0124,0.0166,0.0577,0.0669,0.0743,0.0788,0.0533,0.0582,0.0258,0.028,0,0,0.6474501,0.6280992,-0.23741007,-0.2173913,-0.3476612,-0.35034803,0.4845155,0.47565544,18.998964017250024,72.76564905459892,1818.0,Mumbai,4,"{""type"":""MultiPoint"",""coordinates"":[]}",-20.039983949566228,-32.10792199598653,-19.48368093226586,-32.5899999822811
1_1_1_1_1_1_1_1_2_319_0_1_1_1_1_1_1_1_1_2_319_0,0.01835,0.01615,0.01545,0.01615,0.0634,0.0638,0.07865,0.07745,0.0646,0.0553,0.0307,0.0251,0,0,0.6216495,0.65491456,-0.2517839,-0.2169697,-0.3557188,-0.37562189,0.43850023,0.51048267,18.96878062370361,72.77535085966741,1819.0,Mumbai,4,"{""type"":""MultiPoint"",""coordinates"":[]}",-20.044196311974325,-32.85382511558777,-19.42827962767978,-30.231105366565103
1_1_1_1_1_1_1_1_2_320_0_1_1_1_1_1_1_1_1_2_320_0,0.1633,0.1402,0.1562,0.12925,0.0928,0.0928,0.1058,0.1074,0.1208,0.1195,0.1388,0.1346,6,6,-0.21367522,-0.13247173,0.081098974,0.020378457,0.06933744,0.059425425,-0.13491414,-0.112396695,19.223902164393557,73.13350916344586,1820.0,Mumbai,4,"{""type"":""MultiPoint"",""coordinates"":[]}",4.946984628382696,-9.55811653926757,1.439851067189326,-9.84542034933527
1_1_1_1_1_1_1_1_2_321_0_1_1_1_1_1_1_1_1_2_321_0,0.15305,0.1526,0.09275,0.0897,0.0135,0.0348,0.0383,0.0538,0.0399,0.0549,0.1905,0.1837,1,1,-0.59968644,-0.47868216,-0.10900888,-0.09247696,0.6536458,0.5398156,-0.6652098,-0.54694736,19.2776214183839,72.89842005359179,1821.0,Mumbai,4,"{""type"":""MultiPoint"",""coordinates"":[]}",-9.602612357547695,-14.573004199047219,-8.802825874133333,-15.438115344192171
1_1_1_1_1_1_1_1_2_322_0_1_1_1_1_1_1_1_1_2_322_0,0.01345,0.0175,0.01205,0.01255,0.07495,0.0762,0.09115,0.0968,0.0982,0.0905,0.0567,0.04605,0,0,0.7428298,0.6937883,-0.616536,-0.44925255,-0.26791477,-0.3255218,0.23300643,0.35526776,18.915959684997382,72.9007556733305,1822.0,Mumbai,4,"{""type"":""MultiPoint"",""coordinates"":[]}",-17.05878466416638,-28.036353164337356,-18.475651780013976,-28.304497656454856
1_1_1_1_1_1_1_1_2_323_0_1_1_1_1_1_1_1_1_2_323_0,0.18095,0.20675,0.1599,0.2032,0.0599,0.0944,0.0778,0.1003,0.089,0.1226,0.1528,0.1706,6,6,-0.39864734,-0.3466862,0.084344566,0.095799655,0.2638544,0.16371077,-0.3252385,-0.25950536,19.230190371382392,73.03020290577211,1823.0,Mumbai,4,"{""type"":""MultiPoint"",""coordinates"":[]}",0.5186437931368171,-12.893293299297163,-1.9059757603807264,-13.621605515922425
1_1_1_1_1_1_1_1_2_324_0_1_1_1_1_1_1_1_1_2_324_0,0.01455,0.0199,0.01145,0.0165,0.04885,0.0735,0.0711,0.0894,0.0718,0.078,0.03125,0.0422,0,0,0.6602452,0.6358646,-0.36462882,-0.35909823,-0.3934983,-0.29783693,0.38935027,0.3586626,19.14134698978297,72.76888298962174,1824.0,Mumbai,4,"{""type"":""MultiPoint"",""coordinates"":[]}",-20.099668367664307,-34.190064690265686,-20.498821411719984,-30.031289872272787
1_1_1_1_1_1_1_1_2_325_0_1_1_1_1_1_1_1_1_2_325_0,0.2105,0.2268,0.1615,0.1668,0.0484,0.0526,0.0594,0.0636,0.0728,0.08,0.1434,0.1614,1,1,-0.559837,-0.56198347,0.18960159,0.16846986,0.3265495,0.33719966,-0.41420117,-0.43466666,18.88191353572925,73.08994087216607,1825.0,Mumbai,4,"{""type"":""MultiPoint"",""coordinates"":[]}",-9.20216499432664,-16.17668814102553,-9.689549772263415,-17.486535033071554
1_1_1_1_1_1_1_1_2_326_0_1_1_1_1_1_1_1_1_2_326_0,0.01395,0.0176,0.0107,0.0132,0.04895,0.0698,0.07625,0.0905,0.0959,0.0938,0.06025,0.0451,0,0,0.69068736,0.6743756,-0.6239892,-0.4385965,-0.22830611,-0.35061195,0.11721612,0.33480826,19.268997591656355,72.76672703293987,1826.0,Mumbai,4,"{""type"":""MultiPoint"",""coordinates"":[]}",-21.085873878346646,-30.800710653048455,-19.59505248105875,-33.19653137879965
1_1_1_1_1_1_1_1_2_327_0_1_1_1_1_1_1_1_1_2_327_0,0.168,0.1488,0.1225,0.1054,0.0351,0.0511,0.067,0.0681,0.0744,0.065,0.215,0.1896,6,6,-0.42978725,-0.37206087,-0.122715406,-0.120567374,0.48583275,0.48939514,-0.5248227,-0.47147846,19.032650840404507,73.02589099240835,1827.0,Mumbai,4,"{""type"":""MultiPoint"",""coordinates"":[]}",-7.080325157933327,-13.304835616057545,-6.913962794253834,-13.01891129340492
1_1_1_1_1_1_1_1_2_328_0_1_1_1_1_1_1_1_1_2_328_0,0.1817,0.1938,0.15365,0.1428,0.0353,0.0652,0.06385,0.0784,0.0844,0.0944,0.1204,0.157,6,1,-0.47994298,-0.42395297,0.20291294,0.10490308,0.17578125,0.24900557,-0.30691993,-0.33389974,19.17575246516475,73.00693653991343,1828.0,Mumbai,4,"{""type"":""MultiPoint"",""coordinates"":[]}",-16.99239343114895,-22.613058316880572,-14.475402421765963,-21.767782127199656
1_1_1_1_1_1_1_1_2_329_0_1_1_1_1_1_1_1_1_2_329_0,0.1661,0.1671,0.10225,0.098,0.0322,0.0378,0.04415,0.0542,0.04325,0.0596,0.1923,0.2032,1,1,-0.58002377,-0.5101672,-0.073102675,-0.09748852,0.63277435,0.54642314,-0.62655956,-0.5788656,19.173686340011272,72.90192348319985,1829.0,Mumbai,4,"{""type"":""MultiPoint"",""coordinates"":[]}",-4.650819764700259,-11.195121786226212,-4.687642389079626,-11.335934132120645
1_1_1_1_1_1_1_1_2_330_0_1_1_1_1_1_1_1_1_2_330_0,0.1868,0.19825,0.1782,0.1668,0.0892,0.07255,0.1154,0.0889,0.152,0.1101,0.1759,0.1512,7,1,-0.23626737,-0.38081142,0.030052384,0.13464014,0.07288808,0.15729047,-0.20768967,-0.25947523,18.9146122120712,73.00558906698724,1830.0,Mumbai,4,"{""type"":""MultiPoint"",""coordinates"":[]}",-10.47588776826173,-19.42941830582108,-9.225855182801805,-17.06581685496269
1_1_1_1_1_1_1_1_2_331_0_1_1_1_1_1_1_1_1_2_331_0,0.0125,0.0148,0.012,0.0134,0.04745,0.0589,0.06215,0.0665,0.0476,0.0486,0.009,0.0219,0,0,0.6651038,0.63591635,0.1627907,-0.1934605,-0.6819788,-0.3787234,0.74701333,0.5045249,19.134699456680487,72.79888672011134,1831.0,Mumbai,4,"{""type"":""MultiPoint"",""coordinates"":[]}",-21.744102985361152,-27.602894514260477,-21.600368556310855,-28.61800794888946
1_1_1_1_1_1_1_1_2_332_0_1_1_1_1_1_1_1_1_2_332_0,0.1787,0.1513,0.1377,0.13725,0.04765,0.0642,0.06125,0.0778,0.0761,0.0941,0.1128,0.1065,5,6,-0.48947698,-0.3208206,0.22607204,0.17377812,0.1942827,0.061814558,-0.29617926,-0.15572436,18.913893559843903,73.05167264106258,1832.0,Mumbai,4,"{""type"":""MultiPoint"",""coordinates"":[]}",-8.645617694451548,-15.499785942891398,-0.7258135800702235,-10.591684647621392
1_1_1_1_1_1_1_1_2_333_0_1_1_1_1_1_1_1_1_2_333_0,0.1742,0.19875,0.1021,0.12705,0.04705,0.0446333333333333,0.0594,0.059,0.05175,0.0587166666666666,0.2141,0.2002,1,1,-0.49143836,-0.54219204,-0.1027556,-0.0036345406,0.6106827,0.5464435,-0.56563073,-0.5447531,18.92188856587257,73.10781734632005,1833.0,Mumbai,4,"{""type"":""MultiPoint"",""coordinates"":[]}",-1.8835696664207673,-9.172667039908621,-1.5506087453293167,-7.646060684561888
1_1_1_1_1_1_1_1_2_334_0_1_1_1_1_1_1_1_1_2_334_0,0.0152,0.01435,0.0135,0.0123,0.0645,0.0798,0.08995,0.09325,0.0933,0.0795,0.0561,0.0355,0,0,0.7108892,0.73327136,-0.57363254,-0.4242728,-0.24899599,-0.38260868,0.23176995,0.4485437,18.8845186500532,72.85134833270392,1834.0,Mumbai,4,"{""type"":""MultiPoint"",""coordinates"":[]}",-19.168124123107972,-30.53276337389218,-20.017475591404477,-31.03288758544396
1_1_1_1_1_1_1_1_2_335_0_1_1_1_1_1_1_1_1_2_335_0,0.19435,0.2301,0.134,0.1636,0.03635,0.0523,0.05055,0.0711,0.0555,0.0885,0.1821,0.1844,1,5,-0.58717847,-0.5278884,0.032540843,0.11025332,0.5328283,0.35141078,-0.56544167,-0.44344422,19.135597771964605,72.87829779122751,1835.0,Mumbai,4,"{""type"":""MultiPoint"",""coordinates"":[]}",-5.050695445828193,-10.628586066492524,-5.272613415304965,-12.413032574352542
1_1_1_1_1_1_1_1_2_336_0_1_1_1_1_1_1_1_1_2_336_0,0.1711,0.1692,0.1147,0.1086,0.0475,0.0439,0.0593,0.057,0.06045,0.065,0.1633,0.1532,1,1,-0.48524305,-0.4960212,0.02332536,0.049627792,0.4596648,0.40421632,-0.46720576,-0.45765936,18.85882683292738,72.93668828469528,1836.0,Mumbai,4,"{""type"":""MultiPoint"",""coordinates"":[]}",-11.193613072472274,-17.08931270041839,-10.561073869057815,-16.320737208725838
1_1_1_1_1_1_1_1_2_337_0_1_1_1_1_1_1_1_1_2_337_0,0.01345,0.0181,0.01015,0.013,0.0457,0.0706,0.0733,0.0914,0.08205,0.0802,0.0389,0.0404,0,0,0.6899136,0.6694064,-0.48615092,-0.3811966,-0.35675898,-0.33001658,0.30659536,0.38694993,19.206115521767988,72.75918118455326,1837.0,Mumbai,4,"{""type"":""MultiPoint"",""coordinates"":[]}",-19.020824966724284,-31.42683591713381,-20.190972461250553,-31.697814922433956
1_1_1_1_1_1_1_1_2_338_0_1_1_1_1_1_1_1_1_2_338_0,0.18725,0.18865,0.1618,0.17205,0.0442,0.0665,0.0595,0.08045,0.08815,0.1003,0.17,0.1473,5,5,-0.5177305,-0.402081,0.048285514,0.12308379,0.31706372,0.1898223,-0.4814815,-0.2935236,19.21231389722841,73.05589472289793,1838.0,Mumbai,4,"{""type"":""MultiPoint"",""coordinates"":[]}",-10.43650434460531,-18.095974804014418,-10.424905423779308,-17.96043221262063
1_1_1_1_1_1_1_1_2_339_0_1_1_1_1_1_1_1_1_2_339_0,0.1391,0.2033,0.1237,0.2081,0.0682,0.1302,0.096,0.1398,0.1122,0.1494,0.1478,0.1878,6,6,-0.18332624,-0.18507724,-0.030324155,0.039631806,0.13692307,0.113879,-0.21246924,-0.14652015,19.01621167070512,73.01214676856132,1839.0,Mumbai,4,"{""type"":""MultiPoint"",""coordinates"":[]}",-6.159069882916718,-13.16977343658404,-5.482336538145759,-11.534086487904482
1_1_1_1_1_1_1_1_2_340_0_1_1_1_1_1_1_1_1_2_340_0,0.3004,0.1745,0.2308,0.1566,0.067,0.0598,0.0959,0.0647,0.1516,0.0836,0.2246,0.1116,5,1,-0.5160232,-0.4590301,0.14438096,0.2198532,0.19404572,0.14344262,-0.40156007,-0.2660238,19.14224530506709,73.14707372423607,1840.0,Mumbai,4,"{""type"":""MultiPoint"",""coordinates"":[]}",-9.679709663130165,-19.135631176505658,-11.088378900265083,-18.725806996123428
1_1_1_1_1_1_1_1_2_341_0_1_1_1_1_1_1_1_1_2_341_0,0.1323,0.1449,0.0983,0.09995,0.02985,0.05385,0.0494,0.0724,0.04855,0.0709,0.1042,0.1434,6,6,-0.45624655,-0.33364013,0.11881607,0.0052029137,0.36432078,0.33831078,-0.35677084,-0.32900834,19.22749542553003,73.0939832909446,1841.0,Mumbai,4,"{""type"":""MultiPoint"",""coordinates"":[]}",-8.780755235164381,-15.199562552459714,-7.983606148604697,-15.639634553591856
1_1_1_1_1_1_1_1_2_342_0_1_1_1_1_1_1_1_1_2_342_0,0.2008,0.1977,0.1357,0.1239,0.0102,0.0504,0.0334,0.0673,0.0471,0.0686,0.1504,0.1786,1,1,-0.7147737,-0.49207547,0.14350797,0.050757375,0.52303797,0.4449838,-0.63656145,-0.452623,19.076578457797957,73.06415922351184,1842.0,Mumbai,4,"{""type"":""MultiPoint"",""coordinates"":[]}",-6.240198059387111,-12.914143683759875,-4.993924425785262,-12.169036063803556
1_1_1_1_1_1_1_1_2_343_0_1_1_1_1_1_1_1_1_2_343_0,0.125,0.1299,0.0752,0.0738,0.0146,0.0541,0.027,0.0654,0.0282,0.0611,0.1266,0.1434,1,1,-0.6447368,-0.33026114,-0.0063593006,-0.04939627,0.6356589,0.402445,-0.6484375,-0.37356323,19.039567868092227,72.91378124495023,1843.0,Mumbai,4,"{""type"":""MultiPoint"",""coordinates"":[]}",-11.04803902054537,-16.55444697078701,-11.452418435809895,-17.50838848684454
1_1_1_1_1_1_1_1_2_344_0_1_1_1_1_1_1_1_1_2_344_0,0.2863,0.2015,0.2388,0.1865,0.1134,0.0974,0.14,0.1208,0.1786,0.1408,0.2336,0.1688,4,7,-0.34318554,-0.25038785,0.10136565,0.08830678,0.13343038,0.090439275,-0.25053534,-0.16574585,19.07136822915006,72.92878311019503,1844.0,Mumbai,4,"{""type"":""MultiPoint"",""coordinates"":[]}",-6.1787223253538315,-13.870721195672754,-11.361980600735595,-21.21742436468153
1_1_1_1_1_1_1_1_2_345_0_1_1_1_1_1_1_1_1_2_345_0,0.181,0.1928,0.1328,0.1376,0.03505,0.0616,0.05595,0.0771,0.06,0.0868,0.1605,0.1848,1,1,-0.52774847,-0.4286773,0.060029283,0.021186441,0.45578232,0.36082473,-0.4830215,-0.41122565,19.11942809685045,73.03244869398242,1845.0,Mumbai,4,"{""type"":""MultiPoint"",""coordinates"":[]}",-9.512260661157795,-15.197581614750494,-9.559546291338787,-14.846220252603716
1_1_1_1_1_1_1_1_2_346_0_1_1_1_1_1_1_1_1_2_346_0,0.01515,0.0161,0.0148,0.0122,0.07275,0.0771333333333333,0.0926,0.0902,0.089,0.079,0.04295,0.0428,0,0,0.7187935,0.6970837,-0.47848538,-0.4533107,-0.34899583,-0.29720855,0.3662855,0.35639098,18.925302163952225,72.85368395244264,1846.0,Mumbai,4,"{""type"":""MultiPoint"",""coordinates"":[]}",-19.0276935753942,-27.46389386727919,-20.862931846424814,-33.15576751240069
1_1_1_1_1_1_1_1_2_347_0_1_1_1_1_1_1_1_1_2_347_0,0.2181,0.2477,0.20915,0.2247,0.0613,0.0763,0.0774,0.084,0.09255,0.1014,0.1227,0.1366,6,6,-0.47614214,-0.49351823,0.27992958,0.28909707,0.1400697,0.14789917,-0.2263868,-0.23844062,18.99779620738067,72.82673449391905,1847.0,Mumbai,4,"{""type"":""MultiPoint"",""coordinates"":[]}",-7.073117580367542,-15.199949404381222,-5.735339198816798,-13.017291545589973
1_1_1_1_1_1_1_1_2_348_0_1_1_1_1_1_1_1_1_2_348_0,0.1771,0.18855,0.1241,0.13385,0.0392,0.06415,0.0633,0.08065,0.0686,0.0859,0.1952,0.1865,1,5,-0.4733777,-0.40081725,-0.048616707,0.005465938,0.47990903,0.36930984,-0.51025146,-0.39621934,19.29370126196964,73.14123467488929,1848.0,Mumbai,4,"{""type"":""MultiPoint"",""coordinates"":[]}",-3.9290520419347446,-15.113701985221084,-4.617354107988172,-15.875281311747194
1_1_1_1_1_1_1_1_2_349_0_1_1_1_1_1_1_1_1_2_349_0,0.1207,0.1386,0.097,0.1057,0.0894,0.1142,0.1122,0.1442,0.1332,0.1642,0.1714,0.1966,6,6,-0.03649635,0.01980198,-0.17357069,-0.17303103,0.12541038,0.08980044,-0.2087447,-0.15375587,19.107121177458016,72.89734207525085,1849.0,Mumbai,4,"{""type"":""MultiPoint"",""coordinates"":[]}",-7.107120165864584,-18.94900653773539,-6.3444817107109275,-18.478670450551448
1_1_1_1_1_1_1_1_2_350_0_1_1_1_1_1_1_1_1_2_350_0,0.1745,0.22945,0.1498,0.1948,0.071,0.093,0.08485,0.1245,0.1077,0.1568,0.139,0.1936,7,7,-0.34567186,-0.29651082,0.11323764,0.08474176,0.12687474,0.10502283,-0.24190307,-0.21722728,18.919283451548623,73.01214676856132,1850.0,Mumbai,4,"{""type"":""MultiPoint"",""coordinates"":[]}",-11.574544823941594,-20.552793763749605,-10.01280745928067,-19.62567022997075
1_1_1_1_1_1_1_1_2_351_0_1_1_1_1_1_1_1_1_2_351_0,0.1488,0.1666,0.12195,0.1298,0.0635,0.0885,0.098,0.1118,0.104,0.1148,0.1901,0.2148,6,6,-0.20583469,-0.19683908,-0.121864855,-0.12637651,0.29275757,0.30339807,-0.31968066,-0.31537047,19.04935950468913,72.82502769487922,1851.0,Mumbai,4,"{""type"":""MultiPoint"",""coordinates"":[]}",2.086140048835297,-14.65360382003428,1.6304106093352657,-11.409476171433365
1_1_1_1_1_1_1_1_2_352_0_1_1_1_1_1_1_1_1_2_352_0,0.1002,0.09475,0.06845,0.0593,0.0476,0.04675,0.0643,0.0597,0.06335,0.0537,0.1466,0.1525,3,3,-0.21823709,-0.22693428,-0.18800648,-0.23356926,0.39652297,0.47914645,-0.39023232,-0.43732327,18.92332587032716,73.0015466482087,1852.0,Mumbai,4,"{""type"":""MultiPoint"",""coordinates"":[]}",-8.409309972984975,-13.793474091436133,-8.304870710801296,-14.420167807040787
1_1_1_1_1_1_1_1_2_353_0_1_1_1_1_1_1_1_1_2_353_0,0.01385,0.0194,0.01095,0.0141,0.0635,0.0785,0.0839,0.0879,0.0828,0.0802,0.0449,0.045,0,0,0.716624,0.63839704,-0.52851063,-0.39751554,-0.29678935,-0.28115016,0.30279502,0.3227991,18.98818423384059,72.87021295367043,1853.0,Mumbai,4,"{""type"":""MultiPoint"",""coordinates"":[]}",-20.878304931412128,-28.034383696358258,-20.788789667887567,-27.99376457382389
1_1_1_1_1_1_1_1_2_354_0_1_1_1_1_1_1_1_1_2_354_0,0.14075,0.137,0.1185,0.1101,0.0332,0.0542,0.0511,0.0676,0.05975,0.0668,0.1514,0.1646,6,6,-0.46729216,-0.33919844,-0.036453877,-0.091511935,0.43405163,0.42264476,-0.49530864,-0.41774333,19.00974380065946,72.83113623881124,1854.0,Mumbai,4,"{""type"":""MultiPoint"",""coordinates"":[]}",-1.5423813945807507,-12.901277024244028,3.591946036782404,-10.903105350916986
1_1_1_1_1_1_1_1_2_355_0_1_1_1_1_1_1_1_1_2_355_0,0.1976,0.23005,0.1956,0.2328,0.07925,0.1178,0.09395,0.127,0.1233,0.1458,0.1488,0.1874,6,6,-0.35551363,-0.28861505,0.1408776,0.10216793,0.09371555,0.12484994,-0.22595263,-0.19211195,19.26387719453687,73.03056223188577,1855.0,Mumbai,4,"{""type"":""MultiPoint"",""coordinates"":[]}",-2.6006326373340602,-17.936824290557738,-3.9159370977869132,-18.418543864192543
1_1_1_1_1_1_1_1_2_356_0_1_1_1_1_1_1_1_1_2_356_0,0.27715,0.2707,0.2517,0.2422,0.0943,0.1164,0.1104,0.109,0.1366,0.1194,0.1938,0.2122,6,4,-0.43026707,-0.42586252,0.1769827,0.121143095,0.1731235,0.27985525,-0.27416173,-0.32129514,19.017199817517653,72.82161409679956,1856.0,Mumbai,4,"{""type"":""MultiPoint"",""coordinates"":[]}",0.9519070734473406,-13.263507704608827,1.1715075075007122,-13.664399875691451
1_1_1_1_1_1_1_1_2_357_0_1_1_1_1_1_1_1_1_2_357_0,0.17455,0.1649,0.1054,0.0949,0.0268,0.038,0.0423,0.0532,0.05135,0.063,0.178,0.202,1,1,-0.6098686,-0.5121504,-0.009785846,-0.10111747,0.5522128,0.5245283,-0.61597824,-0.5830721,19.17961522088646,72.90866084783075,1857.0,Mumbai,4,"{""type"":""MultiPoint"",""coordinates"":[]}",-4.030960436331475,-9.862424642995206,-3.695637946620492,-10.296536920144584
1_1_1_1_1_1_1_1_2_358_0_1_1_1_1_1_1_1_1_2_358_0,0.2422,0.2446,0.1971,0.2074,0.06015,0.0714,0.08575,0.0886,0.1208,0.1134,0.1625,0.1582,5,5,-0.47705442,-0.46818727,0.196936,0.2144985,0.14719379,0.16494845,-0.30916414,-0.28200972,19.28166383716244,72.82996842894188,1858.0,Mumbai,4,"{""type"":""MultiPoint"",""coordinates"":[]}",-11.676198784822523,-19.784139505098057,-9.794848094612036,-19.603424535335265
1_1_1_1_1_1_1_1_2_359_0_1_1_1_1_1_1_1_1_2_359_0,0.16145,0.16265,0.10655,0.10865,0.0295,0.05045,0.04625,0.063,0.05635,0.06945,0.1539,0.1647,1,1,-0.55464613,-0.4416131,0.023941653,-0.0062624104,0.46397147,0.40679052,-0.5378466,-0.4466403,19.26235005855387,73.00334327877695,1859.0,Mumbai,4,"{""type"":""MultiPoint"",""coordinates"":[]}",-10.031663780849339,-14.909396553504717,-9.118953030377636,-14.79435657464573
1_1_1_1_1_1_1_1_2_360_0_1_1_1_1_1_1_1_1_2_360_0,0.1918,0.175,0.18485,0.167,0.05865,0.1088,0.1048,0.1282,0.1455,0.145,0.1736,0.156,7,6,-0.29332435,-0.15435356,0.049808428,0.057401814,0.08806017,0.036544852,-0.24712643,-0.097818434,19.10218044339536,72.87452486703421,1860.0,Mumbai,4,"{""type"":""MultiPoint"",""coordinates"":[]}",-6.4044958204324045,-15.967496658419467,-0.09303244588567909,-11.8442070111086
1_1_1_1_1_1_1_1_2_361_0_1_1_1_1_1_1_1_1_2_361_0,0.16945,0.16885,0.1037,0.0943,0.022,0.03725,0.0426,0.0543,0.03995,0.0513,0.2053,0.1937,1,1,-0.59820795,-0.51333183,-0.09566378,-0.06854227,0.67421,0.5812245,-0.656313,-0.5620968,19.23845487199629,72.95914616679826,1861.0,Mumbai,4,"{""type"":""MultiPoint"",""coordinates"":[]}",-10.001371387185078,-15.748632971744453,-9.77400500836115,-18.02696433853353
1_1_1_1_1_1_1_1_2_362_0_1_1_1_1_1_1_1_1_2_362_0,0.16275,0.1559,0.1265,0.1063,0.0489,0.0443,0.07145,0.0632,0.0656,0.0584,0.2237,0.2496,6,6,-0.38983774,-0.42309448,-0.15771769,-0.23107275,0.5464915,0.6207792,-0.5158394,-0.5959079,19.165870997039438,72.87766897052863,1862.0,Mumbai,4,"{""type"":""MultiPoint"",""coordinates"":[]}",-7.583200478653849,-13.219371044368293,-8.586364504124337,-14.34970627748484
1_1_1_1_1_1_1_1_2_363_0_1_1_1_1_1_1_1_1_2_363_0,0.16875,0.2083,0.125,0.14395,0.05885,0.0632,0.0668,0.0769,0.08105,0.0864,0.1656,0.2056,1,1,-0.4328168,-0.4607293,0.009421265,0.006523315,0.34279343,0.4082192,-0.4251291,-0.45557523,19.10819915579896,73.14285164240071,1863.0,Mumbai,4,"{""type"":""MultiPoint"",""coordinates"":[]}",-9.316632407235833,-14.732531703681655,-6.93195959635752,-14.357159484278956
1_1_1_1_1_1_1_1_2_364_0_1_1_1_1_1_1_1_1_2_364_0,0.1827,0.20645,0.1321,0.18475,0.0492,0.1038,0.0717,0.129,0.0809,0.1513,0.1838,0.2182,6,6,-0.43632075,-0.23088388,-0.0030013642,-0.027669845,0.38874197,0.18105549,-0.43874756,-0.25691244,19.274926472531543,73.14213299017341,1864.0,Mumbai,4,"{""type"":""MultiPoint"",""coordinates"":[]}",-6.844804964762031,-14.622506244003553,-4.500806012845725,-17.270722792581324
1_1_1_1_1_1_1_1_2_365_0_1_1_1_1_1_1_1_1_2_365_0,0.0165,0.0228,0.0153,0.0171,0.049,0.067,0.07625,0.0855,0.0735,0.0728,0.02795,0.0335,0,0,0.64420485,0.57894737,-0.2575928,-0.19005328,-0.44898966,-0.36970836,0.46353167,0.4369748,19.175662633636332,72.79295783923615,1865.0,Mumbai,4,"{""type"":""MultiPoint"",""coordinates"":[]}",-19.057505687001132,-26.74360940749987,-19.820626267156925,-28.258892568003414
1_1_1_1_1_1_1_1_2_366_0_1_1_1_1_1_1_1_1_2_366_0,0.18965,0.2012,0.11845,0.1343,0.0474,0.0501666666666666,0.06275,0.0665,0.06195,0.0788,0.1707,0.1701,1,1,-0.5027734,-0.5031752,0.052587762,0.08375976,0.46744037,0.366814,-0.46241164,-0.43786982,18.897364558616108,73.13836006598011,1866.0,Mumbai,4,"{""type"":""MultiPoint"",""coordinates"":[]}",-5.9030133503928734,-13.61094759818442,-5.899728148354503,-13.630686271289086
1_1_1_1_1_1_1_1_2_367_0_1_1_1_1_1_1_1_1_2_367_0,0.1396,0.12455,0.10995,0.09175,0.0369,0.042,0.05245,0.05525,0.06175,0.0566,0.108,0.1286,3,1,-0.45378807,-0.38542825,0.1276252,-0.01599842,0.2724595,0.3887689,-0.3462138,-0.39896655,18.900957819752584,73.04376746656233,1867.0,Mumbai,4,"{""type"":""MultiPoint"",""coordinates"":[]}",-9.480217801585074,-14.577644248785726,-9.038048463628776,-13.91991498232987
1_1_1_1_1_1_1_1_2_368_0_1_1_1_1_1_1_1_1_2_368_0,0.18405,0.1755,0.1501,0.1606,0.0705,0.0998,0.09235,0.1152,0.1091,0.1326,0.1604,0.156,6,6,-0.33176556,-0.20743035,0.068660185,0.05882353,0.1903525,0.08108108,-0.26923838,-0.15044248,19.165870997039438,73.0465522439431,1868.0,Mumbai,4,"{""type"":""MultiPoint"",""coordinates"":[]}",-8.809373243063119,-16.721069757061578,0.6625985537307039,-18.073078463438325
1_1_1_1_1_1_1_1_2_369_0_1_1_1_1_1_1_1_1_2_369_0,0.11645,0.1465,0.10305,0.12385,0.0394,0.08205,0.05305,0.0944,0.06365,0.10055,0.09495,0.1345,6,6,-0.3740413,-0.21627231,0.101702936,0.042704627,0.19735183,0.14443736,-0.28310812,-0.17518567,19.20952911984764,72.9924736638391,1869.0,Mumbai,4,"{""type"":""MultiPoint"",""coordinates"":[]}",-13.042285573424579,-18.294875975772733,-10.9053834534878,-17.576666726717207
1_1_1_1_1_1_1_1_2_370_0_1_1_1_1_1_1_1_1_2_370_0,0.2361,0.26535,0.1855,0.1964,0.0463,0.0615,0.064,0.08215,0.087,0.1103,0.1564,0.1955,5,5,-0.5734755,-0.52719426,0.20305732,0.15156776,0.28512737,0.27861348,-0.41923776,-0.4082478,19.18635258551736,73.1255141574172,1870.0,Mumbai,4,"{""type"":""MultiPoint"",""coordinates"":[]}",-4.748804735654276,-15.558157977370286,-4.16731971502268,-14.478257917167934
1_1_1_1_1_1_1_1_2_371_0_1_1_1_1_1_1_1_1_2_371_0,0.1981,0.17715,0.1474,0.14195,0.0602,0.06615,0.0687,0.08075,0.0824,0.0928,0.131,0.1404,5,5,-0.4850075,-0.3737883,0.2038894,0.11572981,0.22774133,0.20411664,-0.31196794,-0.26972643,19.17413549765333,73.12425651601943,1871.0,Mumbai,4,"{""type"":""MultiPoint"",""coordinates"":[]}",-10.604185504750454,-17.741028587921008,-9.061169374867514,-17.709306960294473
1_1_1_1_1_1_1_1_2_372_0_1_1_1_1_1_1_1_1_2_372_0,0.12805,0.1463,0.08655,0.0979,0.0242,0.0397,0.05,0.0628,0.0622,0.0624,0.1295,0.1892,3,1,-0.43836,-0.39933047,-0.005629975,-0.12786885,0.3510694,0.50397456,-0.44289693,-0.50158733,19.204318891199748,72.80993599810601,1872.0,Mumbai,4,"{""type"":""MultiPoint"",""coordinates"":[]}",-8.188902219527556,-15.754730086933815,-7.219536630155564,-13.851053381030736
1_1_1_1_1_1_1_1_2_373_0_1_1_1_1_1_1_1_1_2_373_0,0.1093,0.101,0.0589,0.07545,0.0221,0.0513,0.04235,0.0683,0.0306,0.0676,0.2503,0.09125,1,3,-0.4414771,-0.19314826,-0.39210233,0.050715216,0.7821289,0.1488826,-0.71057576,-0.14384206,19.27456714641789,72.99355164218004,1873.0,Mumbai,4,"{""type"":""MultiPoint"",""coordinates"":[]}",-7.935363511316249,-12.684063479631256,-11.077310661938467,-16.794494019621467
1_1_1_1_1_1_1_1_2_374_0_1_1_1_1_1_1_1_1_2_374_0,0.01775,0.0157,0.01435,0.0134,0.0601,0.0735,0.083,0.0861,0.0706,0.0596,0.02955,0.02535,0,0,0.6476427,0.69155204,-0.24947146,-0.23507917,-0.40988517,-0.40317833,0.47490004,0.54508746,18.87194223607553,72.77049995713317,1874.0,Mumbai,4,"{""type"":""MultiPoint"",""coordinates"":[]}",-19.180415974382537,-35.386973124554075,-20.019733550121252,-35.24203231754741
1_1_1_1_1_1_1_1_2_375_0_1_1_1_1_1_1_1_1_2_375_0,0.18775,0.1909,0.1146,0.1281,0.04345,0.04685,0.0545,0.06015,0.0506,0.0649,0.1806,0.1729,1,1,-0.55005157,-0.5208126,0.019410886,0.049477734,0.56228375,0.45416316,-0.5363675,-0.48380175,18.90796467896872,73.115003868593,1875.0,Mumbai,4,"{""type"":""MultiPoint"",""coordinates"":[]}",-6.349631651175092,-12.36575386703884,-6.545317815629265,-13.151323641446037
1_1_1_1_1_1_1_1_2_376_0_1_1_1_1_1_1_1_1_2_376_0,0.0981,0.1166,0.08645,0.0972,0.0276,0.0536,0.0433,0.0654,0.06125,0.0686,0.0904,0.122,6,6,-0.38755304,-0.2813187,0.040848807,-0.02263202,0.19221893,0.28016788,-0.3522812,-0.30202776,19.02267954075078,72.83454983689089,1876.0,Mumbai,4,"{""type"":""MultiPoint"",""coordinates"":[]}",-6.550586976615029,-15.973294483211836,-7.498163339658172,-15.823332049624078
1_1_1_1_1_1_1_1_2_377_0_1_1_1_1_1_1_1_1_2_377_0,0.1528,0.14985,0.1357,0.11565,0.0577,0.06255,0.08205,0.0796,0.10255,0.0911,0.1415,0.1409,5,5,-0.30125612,-0.30616692,0.038396195,0.03078246,0.15959844,0.21465518,-0.26593605,-0.27800453,18.90401209171859,72.99768389248699,1877.0,Mumbai,4,"{""type"":""MultiPoint"",""coordinates"":[]}",-16.13844829837384,-25.51104463633474,-15.554256862849869,-25.2434956147743
1_1_1_1_1_1_1_1_2_378_0_1_1_1_1_1_1_1_1_2_378_0,0.01845,0.0157,0.01535,0.01335,0.0629,0.0732,0.0846,0.08465,0.0704,0.0625,0.03125,0.0259,0,0,0.6419214,0.68709517,-0.25754526,-0.2451923,-0.3851451,-0.41402715,0.46050927,0.53143376,18.88703393284873,72.79376632299186,1878.0,Mumbai,4,"{""type"":""MultiPoint"",""coordinates"":[]}",-20.10518124718658,-35.47748200814474,-19.048497539553864,-40.078236555666784
1_1_1_1_1_1_1_1_2_379_0_1_1_1_1_1_1_1_1_2_379_0,0.1559,0.1609,0.1061,0.1038,0.02965,0.0438,0.04595,0.0579,0.04365,0.0594,0.1587,0.1562,1,1,-0.5447114,-0.47074956,-0.008900191,0.014821823,0.5685693,0.4489796,-0.55094063,-0.45913124,19.09885667684412,73.04987601049434,1879.0,Mumbai,4,"{""type"":""MultiPoint"",""coordinates"":[]}",-0.007021896494413614,-7.679882135869143,-0.5497512174831963,-7.705423774983148
1_1_1_1_1_1_1_1_2_380_0_1_1_1_1_1_1_1_1_2_380_0,0.16285,0.1796,0.14245,0.1505,0.03595,0.0544,0.05,0.068,0.0547,0.0706,0.1579,0.1692,6,6,-0.5301856,-0.450727,0.015432579,0.029816514,0.48541862,0.41117597,-0.5189995,-0.42664418,19.108917808026256,72.8804537479094,1880.0,Mumbai,4,"{""type"":""MultiPoint"",""coordinates"":[]}",-3.0263466226827127,-13.682786574011061,-2.601330986534064,-14.784438236689656
1_1_1_1_1_1_1_1_2_381_0_1_1_1_1_1_1_1_1_2_381_0,0.1703,0.16565,0.15665,0.15615,0.0601,0.06545,0.08165,0.0745,0.09795,0.0789,0.1402,0.1431,6,6,-0.35185552,-0.37955445,0.09694042,0.07303644,0.1774092,0.2891892,-0.26391706,-0.31525734,19.24258712230324,72.99427029440734,1881.0,Mumbai,4,"{""type"":""MultiPoint"",""coordinates"":[]}",-0.7033901585806765,-10.635385000396422,-1.0087201372994479,-13.60102200371117
1_1_1_1_1_1_1_1_2_382_0_1_1_1_1_1_1_1_1_2_382_0,0.10635,0.1082,0.0885,0.0671,0.06255,0.04125,0.0758,0.0559,0.087,0.0543,0.1424,0.1455,6,6,-0.16771892,-0.3187081,-0.14492463,-0.14702405,0.24149956,0.45645645,-0.30522457,-0.4448858,19.27295017890648,72.96435639544616,1882.0,Mumbai,4,"{""type"":""MultiPoint"",""coordinates"":[]}",-10.017694050855464,-16.28359102222726,-8.645394084431441,-16.91985985639724
1_1_1_1_1_1_1_1_2_383_0_1_1_1_1_1_1_1_1_2_383_0,0.0278,0.0379,0.0192,0.0256,0.0176,0.046,0.0357,0.0514,0.0271,0.044,0.0361,0.0652,3,0,0.12440945,0.15117581,-0.12989046,-0.26479146,0.14240506,0.1941392,-0.0055710305,-0.118353345,19.05717484766097,73.08859339923988,1883.0,Mumbai,4,"{""type"":""MultiPoint"",""coordinates"":[]}",-17.226855073557818,-23.975971949312658,-15.392966727433016,-23.139940327215633
1_1_1_1_1_1_1_1_2_384_0_1_1_1_1_1_1_1_1_2_384_0,0.1505,0.1601,0.1116,0.1191,0.0393,0.063,0.0602,0.0756,0.06035,0.0791,0.2024,0.1982,6,6,-0.42857143,-0.3585066,-0.14706716,-0.106335476,0.54062796,0.42949873,-0.541508,-0.4477721,19.1070313459296,72.99669574567446,1884.0,Mumbai,4,"{""type"":""MultiPoint"",""coordinates"":[]}",-8.356765220173905,-14.54167006908915,-8.234453573449898,-12.387403169752918
1_1_1_1_1_1_1_1_2_385_0_1_1_1_1_1_1_1_1_2_385_0,0.0137,0.01575,0.01065,0.0124,0.0858,0.07325,0.1026,0.091,0.1044,0.08795,0.0741,0.04365,0,0,0.7644024,0.704918,-0.6879271,-0.46969697,-0.1697479,-0.33662614,0.16129032,0.35165244,18.95575505208388,72.91755416914353,1885.0,Mumbai,4,"{""type"":""MultiPoint"",""coordinates"":[]}",-19.088079554451035,-25.587954698782774,-19.962607643452735,-30.57947971715904
1_1_1_1_1_1_1_1_2_386_0_1_1_1_1_1_1_1_1_2_386_0,0.16665,0.1729,0.13965,0.1424,0.0583,0.0542,0.06835,0.063,0.08675,0.0822,0.1209,0.1204,5,5,-0.4182979,-0.46587536,0.15910277,0.1789976,0.16445942,0.18854886,-0.27767503,-0.3129771,18.87391852970059,73.0081941813112,1886.0,Mumbai,4,"{""type"":""MultiPoint"",""coordinates"":[]}",-9.822849764490936,-20.482247457261053,-10.399320677122393,-20.838608044737043
1_1_1_1_1_1_1_1_2_387_0_1_1_1_1_1_1_1_1_2_387_0,0.102,0.0981,0.0755,0.0693,0.0449,0.0417,0.0549,0.0516,0.0566,0.0508,0.108,0.1322,5,1,-0.3001912,-0.31062123,-0.028571429,-0.14806774,0.31227216,0.44480875,-0.32596686,-0.43852013,18.879308421405305,73.03694027040302,1887.0,Mumbai,4,"{""type"":""MultiPoint"",""coordinates"":[]}",-8.431796622609095,-13.136251910142875,-8.191265567699926,-13.910725817165947
1_1_1_1_1_1_1_1_2_388_0_1_1_1_1_1_1_1_1_2_388_0,0.178,0.1826,0.16,0.1743,0.0832,0.0946,0.1006,0.1094,0.1144,0.1219,0.1532,0.1677,6,6,-0.27781767,-0.25068492,0.07487923,0.04253497,0.14499253,0.15814917,-0.2072498,-0.21039335,19.0829564963152,73.1105122921724,1888.0,Mumbai,4,"{""type"":""MultiPoint"",""coordinates"":[]}",-5.542483142431817,-9.97045722336821,-4.155962598255856,-9.427572482754725
1_1_1_1_1_1_1_1_2_389_0_1_1_1_1_1_1_1_1_2_389_0,0.1577,0.1701,0.1057,0.1085,0.0383,0.0688,0.0642,0.0858,0.0785,0.0938,0.1982,0.1994,1,1,-0.42136097,-0.32942554,-0.11379601,-0.07929634,0.43259847,0.36016372,-0.5106707,-0.39831698,19.038579721279696,73.04682173852834,1889.0,Mumbai,4,"{""type"":""MultiPoint"",""coordinates"":[]}",-13.06303716883883,-17.973219649098436,-11.106467485209325,-18.213377709341135
1_1_1_1_1_1_1_1_2_390_0_1_1_1_1_1_1_1_1_2_390_0,0.15615,0.1458,0.10695,0.1011,0.0297,0.0504,0.04535,0.0615,0.0527,0.0744,0.1319,0.1341,1,1,-0.5498759,-0.406657,0.08418677,0.041800644,0.42903575,0.28633094,-0.48829338,-0.37116563,19.28265198397497,72.96148178653698,1890.0,Mumbai,4,"{""type"":""MultiPoint"",""coordinates"":[]}",-10.373734118773504,-17.695279073324613,-10.210447135954396,-17.671900484414373
1_1_1_1_1_1_1_1_2_391_0_1_1_1_1_1_1_1_1_2_391_0,0.0127,0.0199,0.0108,0.0165,0.04995,0.0708,0.0724,0.084,0.051,0.0602,0.02145,0.0334,0,0,0.7015276,0.61693937,-0.25622255,-0.2532833,-0.4078675,-0.2863248,0.54288757,0.43100512,18.99393345165896,72.75468960813267,1891.0,Mumbai,4,"{""type"":""MultiPoint"",""coordinates"":[]}",-19.19944667341928,-34.49432102802781,-20.57666318771868,-32.00111609082062
1_1_1_1_1_1_1_1_2_392_0_1_1_1_1_1_1_1_1_2_392_0,0.1825,0.2004,0.1729,0.1596,0.061,0.0922,0.08475,0.1258,0.1106,0.1052,0.1389,0.2406,6,6,-0.36576238,-0.22869405,0.1356565,-0.09115646,0.11342686,0.39155582,-0.24211939,-0.3133188,19.193718770847138,72.99750422943016,1892.0,Mumbai,4,"{""type"":""MultiPoint"",""coordinates"":[]}",1.1411189768985741,-14.55398977374259,-0.5250950444497109,-14.160436693402925
1_1_1_1_1_1_1_1_2_393_0_1_1_1_1_1_1_1_1_2_393_0,0.0166,0.0174,0.015,0.0134,0.07535,0.07015,0.0886,0.0892,0.09135,0.0782,0.0542,0.04395,0,0,0.68441063,0.67354596,-0.53107345,-0.43276283,-0.25523874,-0.28039294,0.24089636,0.3398423,18.92422418561128,72.93498148565546,1893.0,Mumbai,4,"{""type"":""MultiPoint"",""coordinates"":[]}",-19.941126688284672,-26.701398755529937,-21.084184299084193,-29.90818758154242
1_1_1_1_1_1_1_1_2_394_0_1_1_1_1_1_1_1_1_2_394_0,0.12715,0.11225,0.1048,0.0894,0.0555,0.0488,0.0742,0.0648,0.0844,0.06625,0.1375,0.1173,4,0,-0.26297492,-0.26800337,-0.039108258,-0.021999564,0.23929699,0.27812585,-0.29900804,-0.28830314,18.931680202469472,73.03990471084062,1894.0,Mumbai,4,"{""type"":""MultiPoint"",""coordinates"":[]}",-10.704709169699434,-17.174955280850305,-11.953027836553883,-18.705765958129618
1_1_1_1_1_1_1_1_2_395_0_1_1_1_1_1_1_1_1_2_395_0,0.2001,0.2096,0.1683,0.1745,0.0618,0.0831,0.0888,0.1082,0.1202,0.135,0.1656,0.1858,5,5,-0.3852544,-0.3190686,0.094339624,0.06019221,0.15885234,0.15835412,-0.3018868,-0.26394558,19.032471177347684,73.05400826080128,1895.0,Mumbai,4,"{""type"":""MultiPoint"",""coordinates"":[]}",-11.41157685387871,-19.1908427084019,-10.672650910292962,-20.12971099522347
1_1_1_1_1_1_1_1_2_396_0_1_1_1_1_1_1_1_1_2_396_0,0.17645,0.1772,0.0995,0.1017,0.03635,0.03875,0.0525,0.0548,0.049,0.05335,0.2028,0.1741,1,1,-0.5413846,-0.5275862,-0.069479235,0.008824367,0.61080223,0.53088593,-0.5887191,-0.5211883,18.90895282578125,73.07251355565415,1896.0,Mumbai,4,"{""type"":""MultiPoint"",""coordinates"":[]}",-5.315225863250194,-12.63604499206107,-6.909806736036606,-13.939058316090208
1_1_1_1_1_1_1_1_2_397_0_1_1_1_1_1_1_1_1_2_397_0,0.01615,0.0162,0.0137,0.01635,0.0646,0.06465,0.0816,0.07695,0.07195,0.0565,0.02995,0.02785,0,0,0.6695652,0.65217394,-0.29934925,-0.2644722,-0.4121688,-0.3396562,0.46302107,0.46851146,18.96150426990224,72.77067962019,1897.0,Mumbai,4,"{""type"":""MultiPoint"",""coordinates"":[]}",-18.594555751039067,-30.873981072747632,-19.094960627792382,-31.215709632082856
1_1_1_1_1_1_1_1_2_398_0_1_1_1_1_1_1_1_1_2_398_0,0.10655,0.1096,0.07165,0.0623,0.0462,0.039,0.0577,0.0586,0.0578,0.0489,0.1405,0.1992,3,3,-0.29741248,-0.30321047,-0.13742158,-0.29015544,0.41704488,0.6058041,-0.41775984,-0.545384,18.85047250078507,72.99112619091292,1898.0,Mumbai,4,"{""type"":""MultiPoint"",""coordinates"":[]}",-9.362700567876928,-16.00953926398385,-7.936201011579116,-14.498649572615003
1_1_1_1_1_1_1_1_2_399_0_1_1_1_1_1_1_1_1_2_399_0,0.014,0.0197,0.01085,0.0158,0.0526,0.0709,0.0725,0.0944,0.0587,0.0695,0.01865,0.0356,0,0,0.6763006,0.6546889,-0.1424196,-0.2875226,-0.51777637,-0.32254994,0.59078443,0.4523077,19.124458662441523,72.75558792341678,1899.0,Mumbai,4,"{""type"":""MultiPoint"",""coordinates"":[]}",-22.24360294675086,-31.685665265247927,-19.698606753481418,-31.943799723577843
1_1_1_1_1_1_1_1_2_400_0_1_1_1_1_1_1_1_1_2_400_0,0.1768,0.18695,0.172,0.1785,0.0889,0.09105,0.0974,0.1067,0.1234,0.1252,0.1388,0.1461,6,6,-0.28956965,-0.27328452,0.12040558,0.12265426,0.05873379,0.07703649,-0.17527519,-0.15585443,19.21689530517742,73.14374995768483,1900.0,Mumbai,4,"{""type"":""MultiPoint"",""coordinates"":[]}",-1.5504659293914633,-15.623151417599352,1.576838814896192,-14.307585846142068
1_1_1_1_1_1_1_1_2_401_0_1_1_1_1_1_1_1_1_2_401_0,0.0167,0.0301,0.0117,0.0269,0.0546,0.0742,0.0804,0.0872,0.085,0.0784,0.0546,0.0811,0,0,0.6560247,0.486786,-0.5315568,-0.4586331,-0.21776505,0.0169279,0.19111112,0.036244802,19.002108120744445,72.99678557720287,1901.0,Mumbai,4,"{""type"":""MultiPoint"",""coordinates"":[]}",-18.2441710598184,-25.805264153009126,-21.315020083841205,-31.133736126595423
1_1_1_1_1_1_1_1_2_402_0_1_1_1_1_1_1_1_1_2_402_0,0.1123,0.11895,0.0652,0.06635,0.0194,0.0437,0.036,0.0556,0.0352,0.0492,0.1532,0.1521,1,1,-0.51449764,-0.36293325,-0.15404896,-0.12230216,0.626327,0.51117736,-0.61945033,-0.46461242,19.23288531723475,73.0961392476265,1902.0,Mumbai,4,"{""type"":""MultiPoint"",""coordinates"":[]}",-8.890930453214,-13.808453130944681,-8.35844831888872,-13.992218165677675
1_1_1_1_1_1_1_1_2_403_0_1_1_1_1_1_1_1_1_2_403_0,0.20915,0.2053,0.1454,0.1379,0.04,0.0516,0.0639,0.0714,0.086,0.0755,0.2209,0.2096,1,1,-0.5319539,-0.4839176,-0.027322404,-0.010363943,0.43955687,0.47036126,-0.55126405,-0.49181494,19.23872436658153,72.78460350709385,1903.0,Mumbai,4,"{""type"":""MultiPoint"",""coordinates"":[]}",-9.37628676923213,-15.952740668928604,-8.834261289871744,-14.71891715198823
1_1_1_1_1_1_1_1_2_404_0_1_1_1_1_1_1_1_1_2_404_0,0.0959,0.1061,0.0453,0.0562,0.0197,0.0452,0.039,0.0589,0.0274,0.05,0.2348,0.194,1,1,-0.4217939,-0.2860606,-0.42001814,-0.29290238,0.79099923,0.59016395,-0.71512055,-0.53420323,19.05852232058715,72.94692907893425,1904.0,Mumbai,4,"{""type"":""MultiPoint"",""coordinates"":[]}",-8.543965190771,-13.848018530147037,-9.535128794602393,-14.902596538523518
1_1_1_1_1_1_1_1_2_405_0_1_1_1_1_1_1_1_1_2_405_0,0.125,0.1915,0.0835,0.16155,0.0307,0.049,0.0482,0.0671,0.0465,0.0578,0.182,0.1928,6,6,-0.44341803,-0.4810518,-0.18566775,-0.0033827738,0.5929978,0.5387071,-0.5812337,-0.48364756,19.268099276372237,73.07601698526221,1905.0,Mumbai,4,"{""type"":""MultiPoint"",""coordinates"":[]}",-6.990587027435723,-12.603597691000976,-7.830799841115718,-12.538349053321173
1_1_1_1_1_1_1_1_2_406_0_1_1_1_1_1_1_1_1_2_406_0,0.0141,0.0148,0.01245,0.0132,0.05345,0.0636,0.0762,0.0752,0.0672,0.055,0.02385,0.0224,0,0,0.68770766,0.6711111,-0.256917,-0.20430107,-0.47611204,-0.42118862,0.52323836,0.5409836,19.133890972924775,72.80445627487289,1906.0,Mumbai,4,"{""type"":""MultiPoint"",""coordinates"":[]}",-22.13396373599927,-27.476971318789023,-21.630985533830398,-28.65711316648661
1_1_1_1_1_1_1_1_2_407_0_1_1_1_1_1_1_1_1_2_407_0,0.24225,0.2292,0.21305,0.2066,0.0702,0.0777,0.08195,0.09,0.1081,0.1018,0.1619,0.1564,5,6,-0.49444786,-0.43609023,0.19881232,0.18879668,0.19925927,0.21146399,-0.32786548,-0.26948053,19.150419974152577,72.9255491751722,1907.0,Mumbai,4,"{""type"":""MultiPoint"",""coordinates"":[]}",1.0569271986027537,-11.031461979783337,3.9676834175246793,-10.412346472529617
1_1_1_1_1_1_1_1_2_408_0_1_1_1_1_1_1_1_1_2_408_0,0.15335,0.1575,0.13455,0.143,0.081,0.08625,0.1078,0.1045,0.1208,0.116,0.1557,0.1553,6,6,-0.17442083,-0.20229007,-0.0076039475,0.007033248,0.12622061,0.14485809,-0.18178368,-0.19553503,19.20952911984764,72.95725970470161,1908.0,Mumbai,4,"{""type"":""MultiPoint"",""coordinates"":[]}",-6.173483238514375,-11.738968012637308,-7.042233888472323,-10.472543468444126
1_1_1_1_1_1_1_1_2_409_0_1_1_1_1_1_1_1_1_2_409_0,0.15745,0.1904,0.15245,0.175,0.0713,0.0915,0.08825,0.1082,0.1097,0.1252,0.1407,0.1638,6,6,-0.28164428,-0.27528465,0.056179777,0.07509881,0.12380192,0.13356401,-0.22908932,-0.20441176,19.14224530506709,73.01232643161813,1909.0,Mumbai,4,"{""type"":""MultiPoint"",""coordinates"":[]}",-6.168539765473811,-9.913580582479707,-5.693097797425077,-10.361119684260244
1_1_1_1_1_1_1_1_2_410_0_1_1_1_1_1_1_1_1_2_410_0,0.14525,0.1477,0.1276,0.12555,0.05865,0.06245,0.08055,0.0728,0.0909,0.08765,0.1157,0.1239,6,6,-0.28653675,-0.33968255,0.113240086,0.087628864,0.120038725,0.1713543,-0.17910828,-0.2597865,18.958988987106707,72.81855982483356,1910.0,Mumbai,4,"{""type"":""MultiPoint"",""coordinates"":[]}",-7.330469832028473,-16.65729056164143,-8.663098118987943,-17.511144313788016
1_1_1_1_1_1_1_1_2_411_0_1_1_1_1_1_1_1_1_2_411_0,0.1719,0.16835,0.11865,0.1061,0.02155,0.0366,0.0445,0.0543,0.0486,0.0526,0.1791,0.1877,1,1,-0.5887246,-0.5122389,-0.020512821,-0.0543463,0.5731225,0.5622139,-0.6019678,-0.55123967,19.279148554366905,72.94809688880359,1911.0,Mumbai,4,"{""type"":""MultiPoint"",""coordinates"":[]}",-8.524982666847094,-14.152700483653266,-8.355708078489409,-13.985627770870405
1_1_1_1_1_1_1_1_2_412_0_1_1_1_1_1_1_1_1_2_412_0,0.14615,0.1464333333333333,0.1067,0.10325,0.0604,0.06125,0.06835,0.0731333333333333,0.073,0.0778799999999999,0.1536,0.1732,1,6,-0.36270395,-0.3338394,-0.024854045,-0.083741784,0.35569286,0.37963995,-0.38409552,-0.40622464,18.962043259072715,73.13710242458234,1912.0,Mumbai,4,"{""type"":""MultiPoint"",""coordinates"":[]}",-6.0714508193327,-13.392740184510217,-7.585347890110935,-13.651828208233642
1_1_1_1_1_1_1_1_2_413_0_1_1_1_1_1_1_1_1_2_413_0,0.0495,0.0631,0.028,0.0328,0.029,0.0398,0.0469,0.0481,0.0436,0.0371,0.0727,0.1306,0,1,-0.026970955,-0.13489209,-0.1898527,-0.34847704,0.25021496,0.5575432,-0.21571906,-0.4616676,19.047652705649305,72.9984923762427,1913.0,Mumbai,4,"{""type"":""MultiPoint"",""coordinates"":[]}",-11.038160324513306,-16.13922689220005,-8.290546162855996,-14.607821501417977
1_1_1_1_1_1_1_1_2_414_0_1_1_1_1_1_1_1_1_2_414_0,0.18085,0.2018,0.16735,0.183,0.08115,0.1076,0.1154,0.1354,0.1373,0.1532,0.1916,0.217,6,6,-0.22092827,-0.19691578,-0.028862935,-0.036294173,0.16509578,0.17233928,-0.24820846,-0.23155504,19.028788084682795,72.84371265278891,1914.0,Mumbai,4,"{""type"":""MultiPoint"",""coordinates"":[]}",-0.7126517190969359,-12.348358914835211,5.641540416333214,-8.321723582144912
1_1_1_1_1_1_1_1_2_415_0_1_1_1_1_1_1_1_1_2_415_0,0.10755,0.121,0.0585,0.0761,0.03,0.0454,0.04365,0.0592,0.04065,0.0576,0.1706,0.1572,1,1,-0.42261904,-0.34295228,-0.22667626,-0.13012221,0.61514795,0.46368715,-0.5925321,-0.45286506,19.16155908367566,72.96830898269629,1915.0,Mumbai,4,"{""type"":""MultiPoint"",""coordinates"":[]}",-8.780526631673757,-14.30427048550025,-8.65510143542587,-14.61026127621399
1_1_1_1_1_1_1_1_2_416_0_1_1_1_1_1_1_1_1_2_416_0,0.0135,0.0149,0.0112,0.0135,0.0596,0.0668,0.0787,0.0814,0.0903,0.071,0.0556,0.0352,0,0,0.7071583,0.6905504,-0.60926193,-0.40518963,-0.23783413,-0.33709982,0.17200297,0.3962264,19.021960888523484,72.9623801018211,1916.0,Mumbai,4,"{""type"":""MultiPoint"",""coordinates"":[]}",-21.823341141888193,-28.485364929985934,-24.68368853736377,-32.020331772296814
1_1_1_1_1_1_1_1_2_417_0_1_1_1_1_1_1_1_1_2_417_0,0.13615,0.137,0.1151,0.1072,0.0508,0.059,0.07245,0.0754,0.081,0.081,0.1562,0.1532,6,6,-0.30536914,-0.29001883,-0.06858218,-0.05582357,0.31703204,0.3082835,-0.36628035,-0.34033245,19.109546628725138,72.82978876588506,1917.0,Mumbai,4,"{""type"":""MultiPoint"",""coordinates"":[]}",-5.092442591490989,-12.25609554554282,-3.964393637817365,-13.255442764270445
1_1_1_1_1_1_1_1_2_418_0_1_1_1_1_1_1_1_1_2_418_0,0.0165,0.0191,0.0122,0.0146,0.056,0.0694,0.0841,0.0856,0.0956,0.0783,0.0686,0.0538,0,0,0.67196816,0.63514805,-0.61222094,-0.47599453,-0.16443361,-0.18546556,0.10150622,0.22812052,18.995370756113548,72.99831271318588,1918.0,Mumbai,4,"{""type"":""MultiPoint"",""coordinates"":[]}",-19.964159879188603,-28.879051922693982,-22.256041432010612,-28.701300569631137
1_1_1_1_1_1_1_1_2_419_0_1_1_1_1_1_1_1_1_2_419_0,0.01705,0.0185,0.0132,0.0148,0.05605,0.0643,0.07565,0.0786,0.06725,0.065,0.03155,0.031,0,0,0.6321467,0.61894953,-0.2983539,-0.25252524,-0.36133602,-0.35416666,0.4113806,0.43430656,19.107929661213724,72.81523605828232,1919.0,Mumbai,4,"{""type"":""MultiPoint"",""coordinates"":[]}",-19.47698793723481,-27.11983791140573,-20.799796297770808,-29.462442538589052
1_1_1_1_1_1_1_1_2_420_0_1_1_1_1_1_1_1_1_2_420_0,0.1509,0.1782,0.0954,0.1212,0.0352,0.0536,0.063,0.0782,0.058,0.0749,0.1744,0.1929,4,1,-0.4109397,-0.3900156,-0.07224101,-0.039611965,0.5008606,0.44062734,-0.4692502,-0.4230911,19.25920595505945,73.14985850161683,1920.0,Mumbai,4,"{""type"":""MultiPoint"",""coordinates"":[]}",-7.7698719553422055,-14.399825308327706,-8.230475123321622,-14.747699461650711
1_1_1_1_1_1_1_1_2_421_0_1_1_1_1_1_1_1_1_2_421_0,0.01495,0.0455,0.0127,0.0286,0.04215,0.068,0.05845,0.0792,0.05105,0.0732,0.03565,0.0762,0,0,0.592643,0.2702486,-0.4090909,-0.25225964,-0.17762399,0.02008032,0.24229543,0.019305019,19.1137687105605,72.97639382025336,1921.0,Mumbai,4,"{""type"":""MultiPoint"",""coordinates"":[]}",-16.580207299547702,-26.381544524960585,-22.204556971586936,-26.20861820666142
1_1_1_1_1_1_1_1_2_422_0_1_1_1_1_1_1_1_1_2_422_0,0.19015,0.1815,0.1432,0.1254,0.0343,0.0434,0.0643,0.0605,0.0684,0.0686,0.214,0.2466,6,6,-0.49459618,-0.5,-0.059012745,-0.15206727,0.5155807,0.5647208,-0.53790873,-0.60599154,19.213032549455708,72.82134460221432,1922.0,Mumbai,4,"{""type"":""MultiPoint"",""coordinates"":[]}",-4.495500726339909,-12.766562451889016,-5.857194232469633,-13.008739644686571
1_1_1_1_1_1_1_1_2_423_0_1_1_1_1_1_1_1_1_2_423_0,0.0129,0.0171,0.011,0.013,0.0378,0.0542,0.05305,0.0622,0.0536,0.0507,0.03525,0.0356,0,0,0.60879457,0.56872636,-0.46417445,-0.35104364,-0.20652786,-0.17497103,0.2015855,0.27198365,19.115745004185563,72.97010561326452,1923.0,Mumbai,4,"{""type"":""MultiPoint"",""coordinates"":[]}",-23.662189392530188,-26.200462276544386,-23.569251193460282,-27.37970060652728
1_1_1_1_1_1_1_1_2_424_0_1_1_1_1_1_1_1_1_2_424_0,0.02165,0.0173,0.01595,0.0164,0.06195,0.0664,0.07595,0.0778,0.05755,0.0566,0.0335,0.0301,0,0,0.55635244,0.6361725,-0.21486855,-0.27004218,-0.26414058,-0.30565166,0.38784835,0.442076,19.004353908954744,72.80068335067958,1924.0,Mumbai,4,"{""type"":""MultiPoint"",""coordinates"":[]}",-22.038345407472114,-28.740277418237056,-19.71684809346239,-33.045176780142214
1_1_1_1_1_1_1_1_2_425_0_1_1_1_1_1_1_1_1_2_425_0,0.0162,0.0165333333333333,0.01345,0.0145,0.06,0.07105,0.0831,0.0838,0.06225,0.0583,0.02705,0.0298,0,0,0.673716,0.6704319,-0.25086704,-0.28633094,-0.39417693,-0.323496,0.5088516,0.4753521,18.891345846212506,72.77490170202535,1925.0,Mumbai,4,"{""type"":""MultiPoint"",""coordinates"":[]}",-20.04371554053332,-31.72063319081265,-20.46764094475825,-35.56123856875188
1_1_1_1_1_1_1_1_2_426_0_1_1_1_1_1_1_1_1_2_426_0,0.22435,0.2398,0.21195,0.2258,0.071,0.0916,0.08685,0.1044,0.112,0.1198,0.1409,0.151,6,6,-0.44183806,-0.39337593,0.22847365,0.2272262,0.11427442,0.115214184,-0.23732163,-0.18245889,19.00004199559097,72.84901271296522,1926.0,Mumbai,4,"{""type"":""MultiPoint"",""coordinates"":[]}",-5.647712569733215,-13.680338937227916,-5.627868672039986,-12.190539898302612
1_1_1_1_1_1_1_1_2_427_0_1_1_1_1_1_1_1_1_2_427_0,0.1631,0.1652,0.09375,0.09095,0.02585,0.0349,0.0443,0.0521,0.03855,0.046,0.1997,0.199,1,1,-0.5728062,-0.5204786,-0.10088203,-0.09280615,0.67639035,0.6244898,-0.6368852,-0.5850259,19.23665824142805,72.9075828694898,1927.0,Mumbai,4,"{""type"":""MultiPoint"",""coordinates"":[]}",-6.863237533598869,-12.636901483877676,-6.079475586555634,-11.522736824524504
1_1_1_1_1_1_1_1_2_428_0_1_1_1_1_1_1_1_1_2_428_0,0.09625,0.1375,0.06945,0.1038,0.06355,0.0811,0.0887,0.0976,0.103,0.0995,0.119,0.125,0,0,-0.040821843,-0.16971502,-0.10569106,0.04761905,0.072072074,0.11358575,-0.14588349,-0.123090744,18.996269071397663,72.88808942782441,1928.0,Mumbai,4,"{""type"":""MultiPoint"",""coordinates"":[]}",-13.982958529788483,-21.70237608474701,-12.616090634421827,-22.561045474484626
1_1_1_1_1_1_1_1_2_429_0_1_1_1_1_1_1_1_1_2_429_0,0.2321,0.24295,0.1964,0.20575,0.0786,0.07575,0.1008,0.0979,0.13,0.1251,0.1908,0.1807,5,5,-0.39441273,-0.42555377,0.09765902,0.14693733,0.18952619,0.18181819,-0.30864197,-0.2972003,19.162457398959777,73.10359526448468,1929.0,Mumbai,4,"{""type"":""MultiPoint"",""coordinates"":[]}",-13.680474836981258,-21.263490316639107,-11.936551188043744,-19.967120910262942
1_1_1_1_1_1_1_1_2_430_0_1_1_1_1_1_1_1_1_2_430_0,0.01555,0.0216,0.0137,0.0173,0.0517,0.0744,0.0739,0.0932,0.0832,0.0872,0.039,0.0431,0,0,0.6523197,0.6236934,-0.42988086,-0.33230293,-0.3617021,-0.33844972,0.30912313,0.36757153,19.165691333982608,72.77732715329248,1930.0,Mumbai,4,"{""type"":""MultiPoint"",""coordinates"":[]}",-19.976971523401723,-28.481141241678372,-20.219689910183384,-33.19237179596801
1_1_1_1_1_1_1_1_2_431_0_1_1_1_1_1_1_1_1_2_431_0,0.1928,0.1949,0.1482,0.1516,0.0601,0.0556,0.0755,0.0656,0.08885,0.0846,0.1764,0.1444,1,5,-0.43719718,-0.49635318,0.04442037,0.14883584,0.33006597,0.26113537,-0.4005558,-0.3752381,18.871493078433467,72.94549177447965,1931.0,Mumbai,4,"{""type"":""MultiPoint"",""coordinates"":[]}",-8.235228370172248,-16.179705281967067,-9.333809922807824,-15.392429237192225
1_1_1_1_1_1_1_1_2_432_0_1_1_1_1_1_1_1_1_2_432_0,0.2315,0.2473,0.2027,0.1998,0.0532,0.0734,0.065,0.096,0.109,0.1308,0.1514,0.1902,1,5,-0.56155145,-0.4407224,0.209193,0.13051428,0.16282642,0.18504673,-0.39926064,-0.32914045,19.07550047945701,73.0540980923297,1932.0,Mumbai,4,"{""type"":""MultiPoint"",""coordinates"":[]}",-4.128148310846423,-16.777469360742664,-4.928860900569987,-16.84430662131188
1_1_1_1_1_1_1_1_2_433_0_1_1_1_1_1_1_1_1_2_433_0,0.24175,0.1886,0.19085,0.15965,0.0585,0.0659,0.0871,0.0837,0.1111,0.10225,0.1951,0.1468,5,5,-0.4702752,-0.38523686,0.10678723,0.12462731,0.2743305,0.17887974,-0.3827073,-0.27375272,19.215727495308062,73.06308124517089,1933.0,Mumbai,4,"{""type"":""MultiPoint"",""coordinates"":[]}",-11.575467683131226,-17.799084271630843,-10.092650840080623,-18.632714524796935
1_1_1_1_1_1_1_1_2_434_0_1_1_1_1_1_1_1_1_2_434_0,0.01475,0.0157,0.01155,0.0164,0.05075,0.0687,0.0722,0.0846,0.0586,0.0608,0.02425,0.0302,0,0,0.6607246,0.6869392,-0.24358974,-0.31590414,-0.4146047,-0.33626375,0.49714878,0.4738676,19.04127466713205,72.75091668393937,1934.0,Mumbai,4,"{""type"":""MultiPoint"",""coordinates"":[]}",-19.57103839008247,-32.957066491078606,-19.888244897714557,-32.794814638658124
1_1_1_1_1_1_1_1_2_435_0_1_1_1_1_1_1_1_1_2_435_0,0.2385,0.2403,0.16015,0.1603,0.0256,0.048,0.0511,0.0668,0.0692,0.0756,0.24,0.2176,1,6,-0.64709944,-0.56496257,-0.0031347962,0.049574144,0.55239326,0.48431104,-0.6489179,-0.5302391,19.22695643635956,72.78217805582672,1935.0,Mumbai,4,"{""type"":""MultiPoint"",""coordinates"":[]}",-11.369855590333287,-16.570156061395895,-8.49992971464554,-15.198088001847587
1_1_1_1_1_1_1_1_2_436_0_1_1_1_1_1_1_1_1_2_436_0,0.0103,0.01705,0.0125,0.01325,0.0263,0.05055,0.048,0.06245,0.046,0.0613,0.028,0.0429,0,0,0.6466552,0.5710692,-0.46214098,-0.43119267,-0.24324325,-0.1765835,0.2631579,0.18557191,19.28624524511145,72.98187354348649,1936.0,Mumbai,4,"{""type"":""MultiPoint"",""coordinates"":[]}",-20.634620268174494,-26.553842737688157,-21.570767723936388,-27.500431545770923
1_1_1_1_1_1_1_1_2_437_0_1_1_1_1_1_1_1_1_2_437_0,0.10135,0.105,0.0539,0.0564,0.031,0.03685,0.0519,0.052,0.0423,0.04475,0.1818,0.1638,1,1,-0.32267538,-0.3375796,-0.28412503,-0.21875,0.62249,0.5708463,-0.55584085,-0.5180723,18.914522380542792,72.96534454225869,1937.0,Mumbai,4,"{""type"":""MultiPoint"",""coordinates"":[]}",-8.858580100354478,-13.295138203709824,-8.673547288516922,-15.781128744258245
1_1_1_1_1_1_1_1_2_438_0_1_1_1_1_1_1_1_1_2_438_0,0.0115,0.0167,0.0106,0.0124,0.0688,0.0692,0.0902,0.0872,0.096,0.0768,0.0506,0.0396,0,0,0.77384466,0.6785371,-0.6296296,-0.40674955,-0.3096862,-0.31958762,0.28125,0.3753943,19.004982729653623,72.94010188277493,1938.0,Mumbai,4,"{""type"":""MultiPoint"",""coordinates"":[]}",-21.602112880251823,-27.887566365159394,-23.537109504503785,-32.324389304340045
1_1_1_1_1_1_1_1_2_439_0_1_1_1_1_1_1_1_1_2_439_0,0.22515,0.23545,0.2013,0.1943,0.0722,0.0762,0.0971,0.09695,0.1278,0.1225,0.1792,0.1667,4,3,-0.3973623,-0.41666666,0.113639176,0.1709561,0.1674267,0.15283541,-0.29714078,-0.26455528,18.89511877040581,73.03056223188577,1939.0,Mumbai,4,"{""type"":""MultiPoint"",""coordinates"":[]}",-11.811004392698027,-19.151755194297152,-9.082424138482317,-18.842343287341627
1_1_1_1_1_1_1_1_2_440_0_1_1_1_1_1_1_1_1_2_440_0,0.20855,0.21685,0.16015,0.1558,0.06555,0.07425,0.08995,0.09215,0.1127,0.1048,0.1978,0.2113,5,1,-0.39731994,-0.40355986,0.026455026,0.012962746,0.27407408,0.33691868,-0.37480453,-0.39265117,18.92925475120235,73.05391842927287,1940.0,Mumbai,4,"{""type"":""MultiPoint"",""coordinates"":[]}",-11.620092528963887,-18.222066271280774,-11.029513901906531,-18.27215543152862
1_1_1_1_1_1_1_1_2_441_0_1_1_1_1_1_1_1_1_2_441_0,0.20335,0.2002,0.1394,0.1424,0.0295,0.0511,0.0596,0.0737,0.0698,0.085,0.2014,0.2026,1,1,-0.5466819,-0.4618474,0.004817789,-0.005958292,0.48525074,0.40890124,-0.543295,-0.4665219,19.194078096960787,72.85125850117551,1941.0,Mumbai,4,"{""type"":""MultiPoint"",""coordinates"":[]}",-7.221195366271761,-14.347703514098715,-8.815605181181471,-13.806552604259387
1_1_1_1_1_1_1_1_2_442_0_1_1_1_1_1_1_1_1_2_442_0,0.1566,0.1814,0.1343,0.1612,0.0422,0.0746,0.0594,0.0844,0.071,0.0802,0.1736,0.185,6,6,-0.45,-0.36493605,-0.051483948,-0.009825327,0.41946036,0.39517346,-0.49012876,-0.3734224,19.052323945126727,72.90964899464328,1942.0,Mumbai,4,"{""type"":""MultiPoint"",""coordinates"":[]}",-4.864876816794753,-14.415720241305593,-5.422700604132386,-14.272116840065348
1_1_1_1_1_1_1_1_2_443_0_1_1_1_1_1_1_1_1_2_443_0,0.12385,0.1317,0.0734,0.0819,0.0439,0.0541,0.0744,0.0692,0.07155,0.0674,0.1677,0.1866,1,1,-0.24943253,-0.31110004,-0.15040302,-0.1724788,0.4018809,0.46929133,-0.38537794,-0.4589523,19.00731834939234,72.88907757463694,1943.0,Mumbai,4,"{""type"":""MultiPoint"",""coordinates"":[]}",-8.502571296114484,-14.782973218516979,-8.348534891557957,-15.547443231084994
1_1_1_1_1_1_1_1_2_444_0_1_1_1_1_1_1_1_1_2_444_0,0.0192,0.01575,0.0158,0.0134,0.0611,0.07065,0.0823,0.08525,0.0797,0.0652,0.0353,0.02705,0,0,0.6216749,0.6881188,-0.29541284,-0.26401868,-0.38608697,-0.41355014,0.39965987,0.5182547,18.88640511214985,72.79421548063392,1944.0,Mumbai,4,"{""type"":""MultiPoint"",""coordinates"":[]}",-20.365116156420882,-31.579546359475884,-19.94773105648904,-34.552143778703424
1_1_1_1_1_1_1_1_2_445_0_1_1_1_1_1_1_1_1_2_445_0,0.1799,0.2169,0.15405,0.2038,0.07345,0.1136,0.10015,0.1412,0.1246,0.1734,0.1567,0.194,5,7,-0.28477058,-0.21139346,0.06892454,0.055731323,0.11411305,0.05606968,-0.22016741,-0.1575179,18.89080685704204,73.05832017416506,1945.0,Mumbai,4,"{""type"":""MultiPoint"",""coordinates"":[]}",-11.138403322352767,-18.865828314596726,-12.675277161106527,-23.16798058929431
1_1_1_1_1_1_1_1_2_446_0_1_1_1_1_1_1_1_1_2_446_0,0.1534,0.16225,0.1008,0.1033,0.02645,0.042,0.0528,0.06615,0.05105,0.0634,0.1772,0.1945,1,1,-0.48787585,-0.42075306,-0.07199032,-0.09039944,0.5526835,0.50833654,-0.5408696,-0.4924228,19.22003940867184,72.9518698129969,1946.0,Mumbai,4,"{""type"":""MultiPoint"",""coordinates"":[]}",-7.092540650411848,-14.396834911290178,-7.662108341930375,-14.52091217719111
1_1_1_1_1_1_1_1_2_447_0_1_1_1_1_1_1_1_1_2_447_0,0.1487,0.161,0.1383,0.1463,0.07,0.0778,0.0872,0.0916,0.0946,0.1019,0.1354,0.1366,6,6,-0.26070368,-0.27474266,0.0468145,0.08198924,0.1773913,0.14549266,-0.2165319,-0.19719544,19.03516612320004,72.90434893446698,1947.0,Mumbai,4,"{""type"":""MultiPoint"",""coordinates"":[]}",-3.833392024736918,-13.750092849924208,-6.005089948726041,-12.563085036234028
1_1_1_1_1_1_1_1_2_448_0_1_1_1_1_1_1_1_1_2_448_0,0.0415,0.06,0.0348,0.0419,0.03515,0.0533,0.0425,0.0622,0.04195,0.0577,0.04045,0.0682,0,0,0.011904762,0.018003274,0.012812691,-0.06396256,-0.018203884,0.08339953,0.024713682,-0.04601227,19.117631466282216,73.0015466482087,1948.0,Mumbai,4,"{""type"":""MultiPoint"",""coordinates"":[]}",-14.190538235241682,-22.204471506588625,-13.477348122182674,-21.22446500461178
1_1_1_1_1_1_1_1_2_449_0_1_1_1_1_1_1_1_1_2_449_0,0.1767,0.18005,0.1668,0.1454,0.0778,0.074,0.1018,0.09055,0.1284,0.0989,0.16,0.1869,6,6,-0.26894075,-0.3307465,0.049599048,-0.018667394,0.10957004,0.30790764,-0.2223071,-0.34726977,19.11233140610591,73.12578365200244,1949.0,Mumbai,4,"{""type"":""MultiPoint"",""coordinates"":[]}",-3.636856144647339,-13.911196868904819,-3.3674242775416836,-11.84412532406473
1_1_1_1_1_1_1_1_2_450_0_1_1_1_1_1_1_1_1_2_450_0,0.01805,0.0194,0.0145,0.0163,0.06365,0.06345,0.0808,0.0768,0.0686,0.0585,0.02935,0.0274,0,0,0.6348002,0.5966736,-0.23839663,-0.17094018,-0.40071464,-0.3620489,0.46709034,0.47408828,18.950275328850747,72.77508136508217,1950.0,Mumbai,4,"{""type"":""MultiPoint"",""coordinates"":[]}",-19.95228836294774,-30.652074141152468,-20.298675642392926,-30.669426393757895
1_1_1_1_1_1_1_1_2_451_0_1_1_1_1_1_1_1_1_2_451_0,0.1742,0.179,0.12995,0.1478,0.0655,0.0852,0.0797,0.1006,0.0901,0.1084,0.1855,0.1812,6,6,-0.37219378,-0.28040057,-0.031415068,-0.0061077178,0.34615386,0.25138122,-0.3989442,-0.28601846,19.161289589090423,72.86733834476125,1951.0,Mumbai,4,"{""type"":""MultiPoint"",""coordinates"":[]}",-0.6239059219257167,-12.37288942628079,-1.4199046907377637,-14.060008747144632
1_1_1_1_1_1_1_1_2_452_0_1_1_1_1_1_1_1_1_2_452_0,0.17335,0.1669,0.1192,0.149,0.05595,0.0685333333333333,0.06865,0.0804,0.0688,0.0957,0.1542,0.127,6,6,-0.43264464,-0.3497776,0.058464356,0.13576046,0.38295963,0.14054783,-0.3838905,-0.2246866,18.97659596667545,73.14069568571882,1952.0,Mumbai,4,"{""type"":""MultiPoint"",""coordinates"":[]}",-7.4099978544780996,-14.177650277658511,-7.9461795959380135,-17.085191040820614
1_1_1_1_1_1_1_1_2_453_0_1_1_1_1_1_1_1_1_2_453_0,0.2049,0.1894,0.1975,0.17395,0.0866,0.0993,0.1104,0.1105,0.1528,0.1371,0.19,0.1788,6,6,-0.29971457,-0.2630877,0.03773107,0.028788703,0.10851809,0.1320038,-0.26498002,-0.23608711,18.97390102082309,72.81685302579373,1953.0,Mumbai,4,"{""type"":""MultiPoint"",""coordinates"":[]}",-8.038886301999185,-10.437528657970184,-9.88275487702117,-15.987157270636619
1_1_1_1_1_1_1_1_2_454_0_1_1_1_1_1_1_1_1_2_454_0,0.14695,0.1791,0.10645,0.1426,0.03255,0.067,0.0562,0.0904,0.0726,0.106,0.1965,0.192,6,6,-0.44671425,-0.32912803,-0.14427136,-0.03476152,0.46042365,0.2885906,-0.5552038,-0.35977337,19.15446239293112,72.78693912683255,1954.0,Mumbai,4,"{""type"":""MultiPoint"",""coordinates"":[]}",-8.302890687543876,-15.164155902149911,-9.257066998326644,-16.81538088713238
1_1_1_1_1_1_1_1_2_455_0_1_1_1_1_1_1_1_1_2_455_0,0.0126,0.0132,0.01155,0.0133,0.0758,0.0713,0.0922,0.0909,0.0915,0.07835,0.04975,0.0379,0,0,0.759542,0.7463977,-0.59582996,-0.48336595,-0.29557523,-0.347957,0.29904896,0.41149068,18.921708902815748,72.91773383220035,1955.0,Mumbai,4,"{""type"":""MultiPoint"",""coordinates"":[]}",-18.82002621009501,-27.025976578858682,-19.917657644211435,-29.22995671446779
1_1_1_1_1_1_1_1_2_456_0_1_1_1_1_1_1_1_1_2_456_0,0.01535,0.0162,0.01275,0.0137,0.06825,0.07125,0.08275,0.0872,0.06655,0.06155,0.03095,0.0276,0,0,0.68705404,0.6866538,-0.33693305,-0.26027396,-0.36512822,-0.38081884,0.45558488,0.5191638,18.85235896288172,72.76340326638862,1956.0,Mumbai,4,"{""type"":""MultiPoint"",""coordinates"":[]}",-20.49564660213938,-35.8879274853293,-19.887546984558313,-33.91308139680113
1_1_1_1_1_1_1_1_2_457_0_1_1_1_1_1_1_1_1_2_457_0,0.0353,0.0427,0.03305,0.0335,0.03465,0.0523,0.05405,0.0708,0.0624,0.069,0.05505,0.0872,0,0,0.20984891,0.24757709,-0.21859436,-0.3425712,-0.06257982,0.11651728,-0.009165903,-0.103797466,19.271782369037123,72.82880061907252,1957.0,Mumbai,4,"{""type"":""MultiPoint"",""coordinates"":[]}",-12.016941050096047,-25.43314828594523,-13.59255522160591,-26.342627356508487
1_1_1_1_1_1_1_1_2_458_0_1_1_1_1_1_1_1_1_2_458_0,0.1876,0.18125,0.1108,0.1067,0.0612,0.04835,0.0807,0.0775,0.0642,0.0584,0.2792,0.269,1,1,-0.39843458,-0.4009662,-0.19622965,-0.19489172,0.626092,0.64324987,-0.5515421,-0.5526695,18.85864716987056,73.116531004576,1958.0,Mumbai,4,"{""type"":""MultiPoint"",""coordinates"":[]}",-9.67440232275296,-16.701559681162372,-9.497012612376007,-15.978673853050445
1_1_1_1_1_1_1_1_2_459_0_1_1_1_1_1_1_1_1_2_459_0,0.0117,0.015,0.0095,0.0125,0.0592,0.073,0.0865,0.0868,0.0956,0.0759,0.053,0.0394,0,0,0.7617108,0.7053045,-0.63833076,-0.44852942,-0.28667563,-0.31656548,0.24014337,0.3755943,18.98135703768128,72.92662715351314,1959.0,Mumbai,4,"{""type"":""MultiPoint"",""coordinates"":[]}",-20.340521800336838,-28.26099509783915,-22.159388519855995,-31.226497483014988
1_1_1_1_1_1_1_1_2_460_0_1_1_1_1_1_1_1_1_2_460_0,0.10135,0.1034,0.0466,0.0523,0.0205,0.04,0.0362,0.0518,0.03015,0.0448,0.2195,0.1886,1,1,-0.47364596,-0.33247423,-0.36824062,-0.29178083,0.75846183,0.61610967,-0.7168557,-0.56905156,19.11367887903209,72.95411560120719,1960.0,Mumbai,4,"{""type"":""MultiPoint"",""coordinates"":[]}",-9.286286493274748,-14.368535543524647,-8.27386841100375,-14.866735226775432
1_1_1_1_1_1_1_1_2_461_0_1_1_1_1_1_1_1_1_2_461_0,0.1666,0.1706,0.14115,0.1408,0.06315,0.0592,0.0784,0.0733,0.0906,0.088,0.1246,0.1234,3,3,-0.36,-0.39893398,0.14423077,0.16054422,0.15799257,0.16745506,-0.22758621,-0.2547026,18.86763032271175,73.01699767109557,1961.0,Mumbai,4,"{""type"":""MultiPoint"",""coordinates"":[]}",-9.331985852542587,-18.63083850054242,-10.65111013086519,-19.255134434607555
1_1_1_1_1_1_1_1_2_462_0_1_1_1_1_1_1_1_1_2_462_0,0.18965,0.2061,0.144,0.1322,0.0358,0.0583,0.0566,0.074,0.0697,0.087,0.1469,0.21,1,1,-0.54030454,-0.47161728,0.12702422,-0.009372747,0.35641736,0.41414142,-0.44373465,-0.47887325,19.092478638326867,73.06110495154583,1962.0,Mumbai,4,"{""type"":""MultiPoint"",""coordinates"":[]}",-0.3103528979551467,-8.227548162749525,-0.14695874533561828,-7.096519517099818
1_1_1_1_1_1_1_1_2_463_0_1_1_1_1_1_1_1_1_2_463_0,0.1417,0.14005,0.09125,0.0978,0.0234,0.05095,0.0466,0.0678,0.05195,0.0714,0.2154,0.1621,6,6,-0.5050451,-0.34760645,-0.20638476,-0.072977,0.61137086,0.38843682,-0.64427483,-0.41017833,19.234592116274577,72.94306632321252,1963.0,Mumbai,4,"{""type"":""MultiPoint"",""coordinates"":[]}",-8.453521496825282,-14.750586434372316,-6.087378526082765,-13.781091732125157
1_1_1_1_1_1_1_1_2_464_0_1_1_1_1_1_1_1_1_2_464_0,0.1383,0.1683,0.13315,0.16375,0.0658,0.08525,0.0796,0.0988,0.0921,0.1118,0.09595,0.1386,6,6,-0.26938963,-0.26020217,0.18078975,0.09677419,0.020473279,0.10702875,-0.093135856,-0.16764954,18.922427555043043,72.96794965658263,1964.0,Mumbai,4,"{""type"":""MultiPoint"",""coordinates"":[]}",-2.783523888694451,-13.584021833641183,4.784723208856367,-5.699772263572126
1_1_1_1_1_1_1_1_2_465_0_1_1_1_1_1_1_1_1_2_465_0,0.2034,0.2206,0.15,0.168,0.03105,0.0565,0.0507,0.0738,0.0588,0.0932,0.1904,0.1698,1,1,-0.6009445,-0.4986413,0.033011682,0.13012294,0.5280899,0.29125476,-0.5794276,-0.39408866,19.20988844596129,72.89096403673359,1965.0,Mumbai,4,"{""type"":""MultiPoint"",""coordinates"":[]}",-10.80239976360561,-16.829094018119058,-11.440919680561452,-17.596958679895366
1_1_1_1_1_1_1_1_2_466_0_1_1_1_1_1_1_1_1_2_466_0,0.01725,0.0197,0.0132,0.0186,0.05145,0.0676,0.0735,0.0826,0.0673,0.0668,0.0321,0.0357,0,0,0.6198347,0.61485827,-0.30091184,-0.28880867,-0.35412475,-0.30341464,0.39204547,0.3964497,19.0859209367528,72.81559538439596,1966.0,Mumbai,4,"{""type"":""MultiPoint"",""coordinates"":[]}",-19.03324517273,-28.90313251691701,-19.592776288204437,-27.773184835436535
1_1_1_1_1_1_1_1_2_467_0_1_1_1_1_1_1_1_1_2_467_0,0.13855,0.1528,0.11785,0.119,0.0791,0.0878,0.0998,0.097,0.1073,0.1068,0.1344,0.1448,6,6,-0.16257605,-0.2233787,0.01520425,0.02688172,0.11212247,0.15103339,-0.14773698,-0.19768403,19.17395583459651,72.84514995724349,1967.0,Mumbai,4,"{""type"":""MultiPoint"",""coordinates"":[]}",9.321246619940649,-4.066549510336857,6.768486139974435,-1.6430312156809557
1_1_1_1_1_1_1_1_2_468_0_1_1_1_1_1_1_1_1_2_468_0,0.0157,0.0159,0.0144,0.01385,0.0672,0.0757,0.08605,0.0876,0.0966,0.0742,0.06205,0.034,0,0,0.69140047,0.6927536,-0.59614146,-0.36272544,-0.21777497,-0.3715342,0.16205266,0.44078946,18.865923523671924,72.81334959618567,1968.0,Mumbai,4,"{""type"":""MultiPoint"",""coordinates"":[]}",-19.94579804937961,-39.00014966074873,-21.506449539688006,-35.20671438391262
1_1_1_1_1_1_1_1_2_469_0_1_1_1_1_1_1_1_1_2_469_0,0.2515,0.2659,0.2044,0.1982,0.0544,0.0704,0.0796,0.0875,0.1056,0.1208,0.1646,0.175,4,1,-0.5191785,-0.5048104,0.20884402,0.2061692,0.21835677,0.18323192,-0.34807536,-0.33333334,19.14287412576597,73.13844989750852,1969.0,Mumbai,4,"{""type"":""MultiPoint"",""coordinates"":[]}",-10.411553490441054,-15.911896131440129,-9.993047437993887,-15.993001016978145
1_1_1_1_1_1_1_1_2_470_0_1_1_1_1_1_1_1_1_2_470_0,0.01415,0.0141,0.01305,0.0112,0.0647,0.0754,0.09,0.0909,0.0851,0.0644,0.041,0.0354,0,0,0.72827655,0.73142856,-0.48685405,-0.43030304,-0.34972245,-0.29058117,0.3740458,0.43942994,18.89466961276375,72.83769394038531,1970.0,Mumbai,4,"{""type"":""MultiPoint"",""coordinates"":[]}",-18.46235800476196,-28.67424725230095,-19.333883950015064,-32.112567460319625
1_1_1_1_1_1_1_1_2_471_0_1_1_1_1_1_1_1_1_2_471_0,0.0177,0.0179,0.01495,0.015,0.0637,0.06885,0.0848,0.0809,0.06255,0.05565,0.03075,0.0248,0,0,0.6546341,0.6376518,-0.26934984,-0.1615925,-0.34083602,-0.383468,0.4677629,0.5307474,18.91398339137232,72.76466090778639,1971.0,Mumbai,4,"{""type"":""MultiPoint"",""coordinates"":[]}",-20.330430269176468,-31.142238592169814,-19.733310515670862,-35.96875868935397
1_1_1_1_1_1_1_1_2_472_0_1_1_1_1_1_1_1_1_2_472_0,0.04555,0.0994,0.0341,0.0478,0.06005,0.0529,0.07555,0.0642,0.07415,0.0535,0.0714,0.2664,0,1,0.24772915,-0.21515892,-0.22103463,-0.4565336,-0.018893851,0.6655205,0.028240899,-0.61161524,19.11799079239586,72.96552420531552,1972.0,Mumbai,4,"{""type"":""MultiPoint"",""coordinates"":[]}",-13.142386408863839,-22.150021428068396,-8.005921319791565,-13.446262654976177
1_1_1_1_1_1_1_1_2_473_0_1_1_1_1_1_1_1_1_2_473_0,0.02035,0.05885,0.01425,0.0377,0.0235,0.05585,0.0385,0.0687,0.03685,0.0606,0.038,0.07655,0,0,0.3084112,0.07722462,-0.30248502,-0.13072377,0.015364061,0.11629602,0.006535948,-0.05404475,19.19605439058585,73.03047240035735,1973.0,Mumbai,4,"{""type"":""MultiPoint"",""coordinates"":[]}",-20.47858913630298,-26.252544018083125,-15.506017863333755,-23.223832177050205
1_1_1_1_1_1_1_1_2_474_0_1_1_1_1_1_1_1_1_2_474_0,0.0154,0.0189,0.0137,0.0146,0.04785,0.0719,0.073,0.09,0.07425,0.0761,0.0321,0.0392,0,0,0.65158373,0.6528926,-0.35157895,-0.3493976,-0.39633286,-0.32003468,0.38915318,0.39318886,19.188598373727658,72.77220675617299,1974.0,Mumbai,4,"{""type"":""MultiPoint"",""coordinates"":[]}",-20.684916322798248,-29.997662959207428,-21.928922820392827,-31.895603326389296
1_1_1_1_1_1_1_1_2_475_0_1_1_1_1_1_1_1_1_2_475_0,0.16045,0.14765,0.12255,0.1241,0.045,0.05295,0.0602,0.0646,0.0698,0.0768,0.1364,0.1408,5,5,-0.45433944,-0.39128387,0.081017345,0.023747617,0.32298738,0.29411766,-0.387589,-0.37098345,18.9747095045788,73.09209682884796,1975.0,Mumbai,4,"{""type"":""MultiPoint"",""coordinates"":[]}",-6.339695581220097,-12.680410338236433,-4.980675374763611,-13.031123108722669
1_1_1_1_1_1_1_1_2_476_0_1_1_1_1_1_1_1_1_2_476_0,0.1572,0.1663,0.11395,0.1475,0.031,0.0634,0.0656,0.0882,0.0754,0.108,0.2,0.1428,6,6,-0.41113105,-0.30687624,-0.119820826,0.07602718,0.4524328,0.13875598,-0.5060241,-0.23636363,19.084034474656143,72.86230777917018,1976.0,Mumbai,4,"{""type"":""MultiPoint"",""coordinates"":[]}",-6.933174027457651,-14.311847466124194,-8.305008773863719,-16.943653500219316
1_1_1_1_1_1_1_1_2_477_0_1_1_1_1_1_1_1_1_2_477_0,0.10375,0.118,0.0745,0.0757,0.03385,0.0452,0.0514,0.0585,0.04785,0.05665,0.1506,0.1667,0,3,-0.3374154,-0.3371105,-0.18419501,-0.17105725,0.51776266,0.49272442,-0.4910891,-0.4804618,18.899879841411643,73.01618918733986,1977.0,Mumbai,4,"{""type"":""MultiPoint"",""coordinates"":[]}",-7.8740475233331315,-13.739630313552947,-8.51314438310795,-13.06123310826782
1_1_1_1_1_1_1_1_2_478_0_1_1_1_1_1_1_1_1_2_478_0,0.19195,0.1817,0.14365,0.1421,0.05285,0.0554,0.0781,0.0718,0.08415,0.0781,0.2164,0.1526,5,5,-0.4215886,-0.43353057,-0.05987511,0.08704756,0.4400266,0.32293022,-0.4696095,-0.3600713,19.103258421736303,73.03101138952783,1978.0,Mumbai,4,"{""type"":""MultiPoint"",""coordinates"":[]}",-10.20792465040191,-18.547975338108206,-10.176574625344312,-20.267505164921168
1_1_1_1_1_1_1_1_2_479_0_1_1_1_1_1_1_1_1_2_479_0,0.2037,0.2026,0.1879,0.16365,0.0295,0.06715,0.0588,0.0851,0.0818,0.1066,0.1384,0.1565,5,5,-0.552,-0.40841153,0.19087987,0.1283765,0.25703907,0.18966173,-0.40365112,-0.2955298,19.296575870878826,73.00963148576578,1979.0,Mumbai,4,"{""type"":""MultiPoint"",""coordinates"":[]}",-11.774990278963614,-18.147926746603027,-9.617327005282474,-17.15635868541135
1_1_1_1_1_1_1_1_2_480_0_1_1_1_1_1_1_1_1_2_480_0,0.0121,0.01345,0.01035,0.0098,0.08025,0.07825,0.1001,0.09075,0.1098,0.0878,0.0744,0.05075,0,0,0.78431374,0.7418426,-0.72023124,-0.5809969,-0.1921824,-0.26741248,0.14727794,0.28268552,18.968960286760435,72.9008455048589,1980.0,Mumbai,4,"{""type"":""MultiPoint"",""coordinates"":[]}",-19.94943955447753,-27.937690603627054,-20.043253880350385,-26.320267944381996
1_1_1_1_1_1_1_1_2_481_0_1_1_1_1_1_1_1_1_2_481_0,0.2235,0.22275,0.1829,0.18125,0.0662,0.0693,0.0816,0.086,0.1008,0.1134,0.1604,0.1584,5,5,-0.4650934,-0.442915,0.16436572,0.16883117,0.22817764,0.16556291,-0.32561985,-0.29623568,19.159133632408537,73.13359899497428,1981.0,Mumbai,4,"{""type"":""MultiPoint"",""coordinates"":[]}",-9.14165937166755,-17.155221646390437,2.2943201190839044,-13.835680713187482
1_1_1_1_1_1_1_1_2_482_0_1_1_1_1_1_1_1_1_2_482_0,0.2401,0.2524,0.20965,0.2148,0.0477,0.08,0.06885,0.1068,0.1011,0.1356,0.1553,0.2102,5,6,-0.5542968,-0.4053452,0.21446636,0.091223516,0.21138845,0.21573164,-0.38567924,-0.32618296,19.12571630383929,72.87811812817068,1982.0,Mumbai,4,"{""type"":""MultiPoint"",""coordinates"":[]}",-9.201483582440318,-16.65517450760696,-8.99327052278458,-15.132361914364276
1_1_1_1_1_1_1_1_2_483_0_1_1_1_1_1_1_1_1_2_483_0,0.2604,0.26945,0.1945,0.20225,0.0708,0.0686,0.0879,0.0869,0.1096,0.108,0.1938,0.1958,5,5,-0.4952627,-0.51227725,0.14663143,0.158302,0.27752143,0.28900594,-0.37593183,-0.385214,18.850652163841893,73.12560398894561,1983.0,Mumbai,4,"{""type"":""MultiPoint"",""coordinates"":[]}",-9.06963509988778,-15.786389991590823,-9.13451155611792,-15.845915634404161
1_1_1_1_1_1_1_1_2_484_0_1_1_1_1_1_1_1_1_2_484_0,0.2033,0.1666,0.1791,0.14015,0.0422,0.0668,0.0666,0.0776,0.09435,0.0889,0.1476,0.1176,5,4,-0.5064839,-0.36445537,0.15873468,0.1724138,0.2200868,0.13898306,-0.37815127,-0.20491803,19.175662633636332,73.08023906709758,1984.0,Mumbai,4,"{""type"":""MultiPoint"",""coordinates"":[]}",-12.08770593658776,-21.85058974150012,-12.381920959891435,-21.961950320000316
1_1_1_1_1_1_1_1_2_485_0_1_1_1_1_1_1_1_1_2_485_0,0.0994,0.0975,0.0452,0.0514,0.0198,0.043,0.036,0.0566,0.0338,0.0466,0.236,0.192,1,1,-0.46824226,-0.26541206,-0.4072749,-0.32642487,0.749444,0.6093881,-0.7352941,-0.54465,19.021871056995074,72.94414430155346,1985.0,Mumbai,4,"{""type"":""MultiPoint"",""coordinates"":[]}",-8.226384205554789,-14.571909267535652,-8.75343028745333,-15.160223867552622
1_1_1_1_1_1_1_1_2_486_0_1_1_1_1_1_1_1_1_2_486_0,0.1502,0.1523,0.1393,0.1214,0.04905,0.0719,0.06335,0.0809,0.0789,0.0828,0.1074,0.1244,6,6,-0.40669632,-0.30617496,0.16614906,0.100831226,0.15297906,0.2007722,-0.2579795,-0.21188505,19.273578999605363,72.8632060944543,1986.0,Mumbai,4,"{""type"":""MultiPoint"",""coordinates"":[]}",-7.4259923464436035,-14.671427353135218,-4.730024845023525,-15.20275959990552
1_1_1_1_1_1_1_1_2_487_0_1_1_1_1_1_1_1_1_2_487_0,0.1269,0.14285,0.1196,0.1262,0.0257,0.06025,0.0396,0.0767,0.0548,0.0871,0.0926,0.1199,6,6,-0.5243243,-0.3012981,0.15626423,0.087345384,0.25644505,0.1584541,-0.40090773,-0.2197355,19.286963897338744,73.02831644367546,1987.0,Mumbai,4,"{""type"":""MultiPoint"",""coordinates"":[]}",-9.199910944949929,-15.273003237538452,-8.251372445288387,-14.670407399739949
1_1_1_1_1_1_1_1_2_488_0_1_1_1_1_1_1_1_1_2_488_0,0.0156,0.018,0.01285,0.0161,0.0494,0.0697,0.07365,0.0831,0.0582,0.065,0.02755,0.0317,0,0,0.6504202,0.6439169,-0.2769409,-0.27565393,-0.3574344,-0.34436402,0.4555336,0.4477352,19.04702388495042,72.7902628933838,1988.0,Mumbai,4,"{""type"":""MultiPoint"",""coordinates"":[]}",-23.323902884233302,-28.623518061265088,-21.95220952731179,-32.39779489344186
1_1_1_1_1_1_1_1_2_489_0_1_1_1_1_1_1_1_1_2_489_0,0.1343,0.129,0.1005,0.0917,0.0276,0.0557,0.0472,0.0647,0.0483,0.0589,0.1584,0.1474,6,6,-0.4798898,-0.33195662,-0.082336865,-0.066570185,0.532656,0.4289869,-0.540856,-0.38991043,19.01198958886976,73.09254598649001,1989.0,Mumbai,4,"{""type"":""MultiPoint"",""coordinates"":[]}",-7.325327128000561,-13.743837321911702,-6.707384688047468,-12.70962809242496
1_1_1_1_1_1_1_1_2_490_0_1_1_1_1_1_1_1_1_2_490_0,0.14335,0.18195,0.1266,0.16005,0.05555,0.0873,0.0739,0.1074,0.08,0.1175,0.1491,0.1804,6,6,-0.3196778,-0.25764644,-0.01966148,0.004277632,0.30161503,0.21114469,-0.33721974,-0.25364837,18.93051239260012,73.01807564943651,1990.0,Mumbai,4,"{""type"":""MultiPoint"",""coordinates"":[]}",-6.905848961006912,-13.947294356992286,-7.618088070655207,-13.741170878040002
1_1_1_1_1_1_1_1_2_491_0_1_1_1_1_1_1_1_1_2_491_0,0.16775,0.1574,0.16605,0.1459,0.07615,0.0974,0.0844,0.1144,0.0991,0.1248,0.1599,0.1606,6,6,-0.3305572,-0.15820456,0.023958493,-0.010062893,0.23474903,0.12543797,-0.30904627,-0.168,19.14143682131138,72.93704761080893,1991.0,Mumbai,4,"{""type"":""MultiPoint"",""coordinates"":[]}",-6.041610157405499,-12.393185353266224,-7.198733641264036,-11.190044017652204
1_1_1_1_1_1_1_1_2_492_0_1_1_1_1_1_1_1_1_2_492_0,0.0149,0.0149,0.011,0.0132,0.0544,0.0644,0.0782,0.0814,0.0854,0.0808,0.0436,0.039,0,0,0.67991406,0.6905504,-0.4905983,-0.4471243,-0.324031,-0.34891486,0.28407225,0.35215947,18.99869452266479,72.97199207536117,1992.0,Mumbai,4,"{""type"":""MultiPoint"",""coordinates"":[]}",-19.5818557808049,-28.9187315418472,-21.806714027142448,-29.776940105717912
1_1_1_1_1_1_1_1_2_493_0_1_1_1_1_1_1_1_1_2_493_0,0.2501,0.2118,0.23185,0.187,0.107,0.0874,0.1117,0.0948,0.1296,0.1012,0.2079,0.1598,6,6,-0.3825318,-0.3816047,0.092139736,0.13993542,0.232,0.22452107,-0.30100125,-0.25530243,19.000221658647792,72.83571764676024,1993.0,Mumbai,4,"{""type"":""MultiPoint"",""coordinates"":[]}",-2.0881610397134587,-6.721464433385094,-5.273361908556273,-9.513412708505534
1_1_1_1_1_1_1_1_2_494_0_1_1_1_1_1_1_1_1_2_494_0,0.21895,0.2212,0.20955,0.2031,0.0725,0.0923,0.09765,0.1052,0.1198,0.1208,0.1614,0.174,6,6,-0.3831333,-0.35539216,0.151308,0.1194332,0.14793742,0.18046133,-0.24609149,-0.24641834,19.20952911984764,72.96040380819603,1994.0,Mumbai,4,"{""type"":""MultiPoint"",""coordinates"":[]}",-1.9638494306100045,-13.219295125935133,-2.3015602051348676,-13.866740409324162
1_1_1_1_1_1_1_1_2_495_0_1_1_1_1_1_1_1_1_2_495_0,0.0158,0.0181,0.01215,0.0171,0.0559,0.0698,0.07715,0.0871,0.0636,0.0686,0.03095,0.0384,0,0,0.6600323,0.65589356,-0.32406417,-0.35929203,-0.34531993,-0.28224298,0.42738205,0.3880478,19.075590310985422,72.79744941565676,1995.0,Mumbai,4,"{""type"":""MultiPoint"",""coordinates"":[]}",-20.72950833320617,-29.429027303243068,-20.52362804517982,-30.461301201379115
1_1_1_1_1_1_1_1_2_496_0_1_1_1_1_1_1_1_1_2_496_0,0.0145,0.01515,0.01145,0.0125,0.0615,0.0761,0.0811,0.0886,0.0805,0.07525,0.03135,0.03845,0,0,0.6966527,0.7079518,-0.36750272,-0.4347015,-0.4394278,-0.32365876,0.44241884,0.39472649,18.889369552587443,72.81352925924249,1996.0,Mumbai,4,"{""type"":""MultiPoint"",""coordinates"":[]}",-21.815625452264072,-32.248327278461105,-20.899479146412162,-30.121204121559245
1_1_1_1_1_1_1_1_2_497_0_1_1_1_1_1_1_1_1_2_497_0,0.2097,0.2238,0.2076,0.2283,0.098,0.1324,0.1266,0.1555,0.1554,0.1805,0.1806,0.2008,7,7,-0.2471008,-0.18006855,0.074558035,0.05416863,0.075,0.05323892,-0.17578125,-0.12714005,18.970217928158203,72.85027035436298,1997.0,Mumbai,4,"{""type"":""MultiPoint"",""coordinates"":[]}",1.218890871703886,-8.107225014735324,-0.8642244004267339,-9.349044668108677
1_1_1_1_1_1_1_1_2_498_0_1_1_1_1_1_1_1_1_2_498_0,0.18665,0.17315,0.15695,0.1478,0.0674,0.0654,0.0907,0.080125,0.1101,0.09535,0.1786,0.1466,4,5,-0.34595278,-0.36728853,0.022039698,0.08303362,0.23727052,0.21182062,-0.32640177,-0.29319662,18.944975268674444,73.12416668449102,1998.0,Mumbai,4,"{""type"":""MultiPoint"",""coordinates"":[]}",-12.233049128521749,-20.009732589780434,-10.439249210813136,-18.12581404516411
1_1_1_1_1_1_1_1_2_499_0_1_1_1_1_1_1_1_1_2_499_0,0.1315,0.1831,0.12255,0.1616,0.0529,0.0554,0.06195,0.0662,0.0699,0.0865,0.1043,0.1256,5,1,-0.35952443,-0.46891296,0.11535199,0.18626498,0.19747417,0.184347,-0.25473684,-0.3096976,18.88344067171225,72.99364147370845,1999.0,Mumbai,4,"{""type"":""MultiPoint"",""coordinates"":[]}",-12.489826180405473,-19.3817645779918,-12.007653088146153,-18.073100309341392
1_1_1_1_1_1_1_2_0_0_1_1_1_1_1_1_1_2_0_0,0.1122,0.1748,0.0762,0.1151,0.03735,0.0797,0.0674,0.1007,0.0639,0.1098,0.18305,0.2006,4,4,-0.2494432,-0.2689655,-0.23996612,-0.06872669,0.48248634,0.29252577,-0.4617688,-0.33156323,22.99377208572954,72.37056999264315,2000.0,Ahmedabad,5,"{""type"":""MultiPoint"",""coordinates"":[]}",-11.238497333271301,-18.66733904494574,-10.745331015975943,-18.858002596305823
1_1_1_1_1_1_1_2_1_0_1_1_1_1_1_1_1_2_1_0,0.24205,0.0436,0.16805,0.0315,0.0649,0.0454,0.09445,0.0689,0.1096,0.049,0.2796,0.1304,4,3,-0.438633,0.22488889,-0.07198313,-0.49885058,0.43679342,0.45373467,-0.4949873,-0.30858004,23.09204777781221,72.6077252276507,2001.0,Ahmedabad,5,"{""type"":""MultiPoint"",""coordinates"":[]}",-10.360717088405416,-15.96447423253312,-19.87783914769505,-26.102326259507073
1_1_1_1_1_1_1_2_2_0_1_1_1_1_1_1_1_2_2_0,0.1219,0.2788,0.0732,0.213,0.05285,0.0651,0.08085,0.0954,0.07835,0.1057,0.2158,0.254,4,6,-0.20246609,-0.49011225,-0.27805746,0.046546545,0.4672786,0.412288,-0.4549132,-0.45392102,22.958198800478403,72.74256235179705,2002.0,Ahmedabad,5,"{""type"":""MultiPoint"",""coordinates"":[]}",-11.451164139220502,-17.21128399238625,-11.474275535360377,-19.056279798647353
1_1_1_1_1_1_1_2_3_0_1_1_1_1_1_1_1_2_3_0,0.3503,0.305,0.3115,0.277,0.1082,0.1112,0.1553,0.1428,0.2067,0.1794,0.28735,0.2708,6,6,-0.38568038,-0.36221528,0.09872187,0.059395622,0.1632426,0.20302089,-0.29831696,-0.30947775,23.08737653833479,72.68228539623263,2003.0,Ahmedabad,5,"{""type"":""MultiPoint"",""coordinates"":[]}",-13.072444564141223,-21.346389659087784,-11.374459843122088,-17.926941281586952
1_1_1_1_1_1_1_2_4_0_1_1_1_1_1_1_1_2_4_0,0.3515,0.2795,0.28805,0.2203,0.0885,0.1018,0.1298,0.1396,0.1708,0.171,0.28815,0.3038,4,6,-0.46062747,-0.33381054,0.099038534,-0.041659523,0.25569233,0.2796967,-0.37887308,-0.37032026,23.114236165329967,72.45644893380498,2004.0,Ahmedabad,5,"{""type"":""MultiPoint"",""coordinates"":[]}",-14.646411820419154,-21.98261616127083,-9.223526772501199,-16.95457427571926
1_1_1_1_1_1_1_2_5_0_1_1_1_1_1_1_1_2_5_0,0.1259,0.1198,0.0678,0.0649,0.03505,0.0354,0.0561,0.0561,0.0396,0.0414,0.2733,0.2284,4,4,-0.3835165,-0.3621376,-0.36923847,-0.3118897,0.746884,0.693106,-0.6593807,-0.6056239,22.915438992954314,72.38602101553,2005.0,Ahmedabad,5,"{""type"":""MultiPoint"",""coordinates"":[]}",-12.577322846994399,-19.48262042295822,-11.228026591512428,-19.88879429613418
1_1_1_1_1_1_1_2_6_0_1_1_1_1_1_1_1_2_6_0,0.27145,0.2289,0.2592,0.2132,0.1389,0.145,0.1647,0.1688,0.20345,0.188,0.2471,0.2166,6,6,-0.24475524,-0.15111893,0.04695786,0.027609428,0.09688159,0.0706871,-0.20009713,-0.124026984,23.156007826041524,72.69944321815932,2006.0,Ahmedabad,5,"{""type"":""MultiPoint"",""coordinates"":[]}",-12.919623419111463,-21.687245982541246,-10.768250630307595,-17.455805958086373
1_1_1_1_1_1_1_2_7_0_1_1_1_1_1_1_1_2_7_0,0.18995,0.1878,0.12165,0.104,0.0485,0.0568,0.06885,0.078,0.07365,0.0643,0.2709,0.2908,4,4,-0.46792892,-0.41309255,-0.17565368,-0.21521103,0.57248586,0.6378485,-0.594702,-0.5770065,22.93960367409713,72.3678750467908,2007.0,Ahmedabad,5,"{""type"":""MultiPoint"",""coordinates"":[]}",-12.78013605535092,-19.889831913331456,-11.48068032038119,-19.48397594525735
1_1_1_1_1_1_1_2_8_0_1_1_1_1_1_1_1_2_8_0,0.184,0.1879,0.12325,0.1148,0.04655,0.0455,0.06865,0.0646,0.0685,0.063,0.23585,0.2657,4,4,-0.45656046,-0.48831683,-0.12349649,-0.17151676,0.54986036,0.61667174,-0.5490969,-0.60884047,22.90735415539724,72.54008208675651,2008.0,Ahmedabad,5,"{""type"":""MultiPoint"",""coordinates"":[]}",-11.942575581763245,-17.57290286594531,-10.235763702336035,-16.90524408216792
1_1_1_1_1_1_1_2_9_0_1_1_1_1_1_1_1_2_9_0,0.28935,0.2946,0.22775,0.1936,0.0695,0.0672,0.09455,0.092,0.1267,0.1038,0.2348,0.2484,4,5,-0.5074238,-0.5240559,0.10407326,0.08508287,0.29903182,0.4105622,-0.42583877,-0.45945945,23.11567346978456,72.38718882539936,2009.0,Ahmedabad,5,"{""type"":""MultiPoint"",""coordinates"":[]}",-11.826011248019434,-18.846449143608464,-11.439714299878299,-17.686625068675255
1_1_1_1_1_1_1_2_10_0_1_1_1_1_1_1_1_2_10_0,0.2554,0.2365,0.21095,0.1885,0.0768,0.0647,0.1197,0.0959,0.137,0.1114,0.27515,0.262,6,6,-0.36177018,-0.42298436,-0.037225522,-0.05115346,0.33519349,0.40332085,-0.3936938,-0.46409613,23.06473899317498,72.6918973697727,2010.0,Ahmedabad,5,"{""type"":""MultiPoint"",""coordinates"":[]}",-9.362472084453964,-16.034155758357436,-7.764154684578111,-15.840334516990048
1_1_1_1_1_1_1_2_11_0_1_1_1_1_1_1_1_2_11_0,0.1876,0.2684,0.12765,0.2302,0.05625,0.0937,0.0822,0.1212,0.0775,0.1448,0.25125,0.2339,4,6,-0.39065975,-0.3778234,-0.14503817,0.06868406,0.5285171,0.23527859,-0.50697255,-0.3173754,22.94984446833609,72.50486812761902,2011.0,Ahmedabad,5,"{""type"":""MultiPoint"",""coordinates"":[]}",-9.060613605618062,-16.816500470430565,-8.536249942589935,-17.116261380665847
1_1_1_1_1_1_1_2_12_0_1_1_1_1_1_1_1_2_12_0,0.14285,0.1038,0.07515,0.0587,0.0344,0.0378,0.0552,0.058,0.0428,0.0416,0.28085,0.1887,4,1,-0.442565,-0.28306553,-0.32570216,-0.2902564,0.7355168,0.6387321,-0.67147744,-0.52979326,22.9100491012496,72.39114141264949,2012.0,Ahmedabad,5,"{""type"":""MultiPoint"",""coordinates"":[]}",-11.69153169816699,-18.15335231781561,-11.018314651747284,-18.748567060807865
1_1_1_1_1_1_1_2_13_0_1_1_1_1_1_1_1_2_13_0,0.27635,0.2152,0.22845,0.1366,0.0997,0.0654,0.1343,0.0919,0.1802,0.092,0.2765,0.2871,4,4,-0.34591502,-0.40149787,-0.00027132133,-0.14314155,0.21086052,0.5146399,-0.34615386,-0.51503956,22.92909338527293,72.63566283298682,2013.0,Ahmedabad,5,"{""type"":""MultiPoint"",""coordinates"":[]}",-14.16459470975672,-20.42572584748995,-10.467579383980045,-17.017487442401865
1_1_1_1_1_1_1_2_14_0_1_1_1_1_1_1_1_2_14_0,0.0219,0.0246,0.01725,0.0225,0.02115,0.0352,0.0311,0.0474,0.0198,0.0318,0.01765,0.0166,0,0,0.17358491,0.31666666,0.10745891,0.19417475,-0.05740988,-0.3140496,0.27589744,0.48125,23.077045912567417,72.59919123245157,2014.0,Ahmedabad,5,"{""type"":""MultiPoint"",""coordinates"":[]}",-20.79065636600472,-25.954856377584477,-20.14373383550487,-25.5203150491177
1_1_1_1_1_1_1_2_15_0_1_1_1_1_1_1_1_2_15_0,0.3956,0.3769,0.36695,0.3127,0.09615,0.1078,0.1331,0.142,0.1598,0.1804,0.32485,0.3056,6,6,-0.49650085,-0.45268837,0.09820251,0.10446887,0.34055504,0.25761318,-0.41871384,-0.36550492,23.09546137589187,72.4144976100366,2015.0,Ahmedabad,5,"{""type"":""MultiPoint"",""coordinates"":[]}",-7.995594319851804,-13.599278610583841,-8.387771975441542,-13.69477333789199
1_1_1_1_1_1_1_2_16_0_1_1_1_1_1_1_1_2_16_0,0.28325,0.2821,0.22445,0.2114,0.06605,0.0809,0.1012,0.11,0.1441,0.1322,0.29685,0.283,4,6,-0.47353363,-0.43891865,-0.023444233,-0.0015926384,0.34641117,0.36319846,-0.49152118,-0.44020355,23.075249281999177,72.44944207458884,2016.0,Ahmedabad,5,"{""type"":""MultiPoint"",""coordinates"":[]}",-11.449939054763714,-18.799292769053636,-11.204169310597829,-18.26058225239478
1_1_1_1_1_1_1_2_17_0_1_1_1_1_1_1_1_2_17_0,0.31675,0.3382,0.29475,0.3045,0.1865,0.2744,0.217,0.2998,0.2698,0.3352,0.3069,0.3684,6,6,-0.18688525,-0.06018809,0.015794115,-0.04273988,0.06433154,0.0471859,-0.17159763,-0.102663875,23.11037340960825,72.57098413253021,2017.0,Ahmedabad,5,"{""type"":""MultiPoint"",""coordinates"":[]}",-3.6022509802879368,-14.421501618583063,-4.778548501552553,-15.035946586071017
1_1_1_1_1_1_1_2_18_0_1_1_1_1_1_1_1_2_18_0,0.11655,0.2398,0.07675,0.2047,0.0507,0.1009,0.07115,0.1354,0.06445,0.1654,0.2179,0.2575,4,6,-0.24187534,-0.2782516,-0.30303484,-0.0355922,0.54347444,0.21778198,-0.50769764,-0.3107661,22.93843586422777,72.59173521559339,2018.0,Ahmedabad,5,"{""type"":""MultiPoint"",""coordinates"":[]}",-11.630544849213091,-18.465908903164447,-9.571303907999393,-15.292665983074912
1_1_1_1_1_1_1_2_19_0_1_1_1_1_1_1_1_2_19_0,0.2846,0.2884,0.2346,0.2311,0.0769,0.125,0.1042,0.1528,0.1363,0.1898,0.24035,0.261,4,6,-0.46399176,-0.3073436,0.084293745,0.04987259,0.27625117,0.15794143,-0.3951531,-0.26147896,22.91238472098831,72.42141463772433,2019.0,Ahmedabad,5,"{""type"":""MultiPoint"",""coordinates"":[]}",-11.222934499948886,-19.282148740141047,-12.52853551706761,-21.041793529789217
1_1_1_1_1_1_1_2_20_0_1_1_1_1_1_1_1_2_20_0,0.19345,0.2579,0.11405,0.2288,0.0254,0.0624,0.04835,0.0893,0.0428,0.1172,0.2637,0.2154,4,6,-0.6000827,-0.48559907,-0.15366948,0.08979505,0.7207178,0.29524955,-0.6901138,-0.41384968,23.18673020875841,72.664049595965,2020.0,Ahmedabad,5,"{""type"":""MultiPoint"",""coordinates"":[]}",-10.825473060802798,-17.316705843432125,-9.419328230118655,-18.543291066106264
1_1_1_1_1_1_1_2_21_0_1_1_1_1_1_1_1_2_21_0,0.1278,0.1048,0.06505,0.0557,0.0359,0.0414,0.0524,0.0538,0.0424,0.0386,0.22185,0.1482,4,4,-0.41842398,-0.3215637,-0.26898327,-0.1715415,0.67909175,0.58672374,-0.61786693,-0.46732673,22.906096513999472,72.46597107581665,2021.0,Ahmedabad,5,"{""type"":""MultiPoint"",""coordinates"":[]}",-10.886974773097501,-18.47113326491246,-11.228088226490684,-19.613056479441177
1_1_1_1_1_1_1_2_22_0_1_1_1_1_1_1_1_2_22_0,0.0616,0.0351,0.0519,0.0256,0.0531,0.0288,0.0848,0.0365,0.08,0.025,0.05015,0.0245,0,0,0.15846995,0.019553073,0.102460854,0.17785235,-0.22935075,-0.01010101,0.25676176,0.19672132,23.114325996858376,72.64805958390768,2022.0,Ahmedabad,5,"{""type"":""MultiPoint"",""coordinates"":[]}",-14.991502772983742,-23.437033234933594,-21.037472619748627,-26.922541019976034
1_1_1_1_1_1_1_2_23_0_1_1_1_1_1_1_1_2_23_0,0.29605,0.2842,0.25035,0.2211,0.1168,0.116,0.1685,0.166,0.2243,0.2178,0.3144,0.3211,6,6,-0.2745668,-0.26254997,-0.030059792,-0.060961507,0.16725451,0.19168676,-0.30213293,-0.3184151,23.14163478149561,72.65973768260123,2023.0,Ahmedabad,5,"{""type"":""MultiPoint"",""coordinates"":[]}",-12.561515351382713,-18.97889496643551,-12.31027121817945,-17.831644376002338
1_1_1_1_1_1_1_2_24_0_1_1_1_1_1_1_1_2_24_0,0.2899,0.3135,0.23315,0.2701,0.05725,0.073,0.0893,0.1052,0.1185,0.1256,0.2512,0.3057,4,6,-0.52900845,-0.49749222,0.07152098,0.0125969,0.35893968,0.41757476,-0.47547725,-0.48795328,23.09824615327264,72.63835777883918,2024.0,Ahmedabad,5,"{""type"":""MultiPoint"",""coordinates"":[]}",-11.659807081395702,-17.08639086822842,-8.591638528740324,-16.274981435006794
1_1_1_1_1_1_1_2_25_0_1_1_1_1_1_1_1_2_25_0,0.25315,0.2642,0.23675,0.2392,0.1227,0.1698,0.1505,0.1954,0.1786,0.2256,0.2314,0.271,6,6,-0.25430447,-0.14969538,0.04488701,-0.012705531,0.12878048,0.091421664,-0.21183556,-0.16209263,22.983621123018988,72.62075079927044,2025.0,Ahmedabad,5,"{""type"":""MultiPoint"",""coordinates"":[]}",-8.938969470696296,-17.72243276080136,-6.3391509726809,-15.364139392463228
1_1_1_1_1_1_1_2_26_0_1_1_1_1_1_1_1_2_26_0,0.1048,0.1176,0.08695,0.0903,0.04925,0.0612,0.08415,0.0814,0.0734,0.0697,0.12685,0.2136,6,6,-0.10928817,-0.18190955,-0.0951867,-0.28985506,0.26691636,0.50794214,-0.20236968,-0.44813558,23.166338451808898,72.5377464670178,2026.0,Ahmedabad,5,"{""type"":""MultiPoint"",""coordinates"":[]}",-5.454288270133212,-9.846115134638922,-3.7777802327585115,-8.643952345827849
1_1_1_1_1_1_1_2_27_0_1_1_1_1_1_1_1_2_27_0,0.24505,0.2598,0.23585,0.2517,0.0969,0.104,0.1238,0.1264,0.14245,0.1416,0.19325,0.2037,6,6,-0.3287244,-0.34541687,0.118183896,0.1210356,0.15132558,0.17984362,-0.21905062,-0.23417147,23.10588183318765,72.62829664765705,2027.0,Ahmedabad,5,"{""type"":""MultiPoint"",""coordinates"":[]}",-13.512491917160414,-20.811502996941574,-11.623370013747106,-19.55759399140957
1_1_1_1_1_1_1_2_28_0_1_1_1_1_1_1_1_2_28_0,0.27875,0.2557,0.20595,0.1753,0.0656,0.0612,0.09425,0.0863,0.1155,0.088,0.2557,0.2754,4,4,-0.49463806,-0.49532163,0.04312845,-0.037092827,0.37769395,0.5156852,-0.46135163,-0.52280897,23.134088933109005,72.3573647579666,2028.0,Ahmedabad,5,"{""type"":""MultiPoint"",""coordinates"":[]}",-10.254052313870911,-18.5518970933665,-11.579597636446763,-19.705067076642017
1_1_1_1_1_1_1_2_29_0_1_1_1_1_1_1_1_2_29_0,0.2117,0.255,0.1105,0.1825,0.03235,0.0585,0.06235,0.0916,0.03615,0.0898,0.4204,0.3619,4,4,-0.54497355,-0.47143683,-0.3301693,-0.17328578,0.8416384,0.60239094,-0.74168825,-0.5960309,23.17118935434314,72.47737967992497,2029.0,Ahmedabad,5,"{""type"":""MultiPoint"",""coordinates"":[]}",-10.466885780864661,-17.300494548260087,-10.251183345867634,-17.158558544506256
1_1_1_1_1_1_1_2_30_0_1_1_1_1_1_1_1_2_30_0,0.1824,0.203,0.1736,0.1816,0.07675,0.1076,0.0961,0.1242,0.1127,0.145,0.13125,0.1655,6,6,-0.30987433,-0.2408313,0.16307987,0.101763904,0.07604017,0.066022545,-0.15460743,-0.14256127,23.01326552739493,72.58472835637725,2030.0,Ahmedabad,5,"{""type"":""MultiPoint"",""coordinates"":[]}",-3.5658315212255633,-16.508128803522315,-3.197600372526603,-14.134530745598592
1_1_1_1_1_1_1_2_31_0_1_1_1_1_1_1_1_2_31_0,0.2339,0.3052,0.16215,0.263,0.03315,0.0723,0.05885,0.111,0.0683,0.1418,0.2638,0.2732,4,4,-0.59795046,-0.4666026,-0.060076352,0.055325035,0.5886781,0.31662652,-0.6352084,-0.42217594,23.19589302465643,72.7076178872448,2031.0,Ahmedabad,5,"{""type"":""MultiPoint"",""coordinates"":[]}",-11.848345386945777,-19.549238434552095,-12.682942988932957,-20.18983799442661
1_1_1_1_1_1_1_2_32_0_1_1_1_1_1_1_1_2_32_0,0.26945,0.1972,0.2204,0.1385,0.0525,0.0378,0.08495,0.0494,0.1122,0.0683,0.25675,0.1528,5,5,-0.5205982,-0.59935117,0.02413531,0.12685715,0.3917875,0.38218,-0.5027802,-0.5113749,23.11396667074473,72.65416812783968,2032.0,Ahmedabad,5,"{""type"":""MultiPoint"",""coordinates"":[]}",-10.43514760861063,-17.434713605610753,-11.892160008970029,-17.371405946717623
1_1_1_1_1_1_1_2_33_0_1_1_1_1_1_1_1_2_33_0,0.24565,0.2977,0.19335,0.2312,0.05085,0.0636,0.0786,0.085,0.08935,0.12,0.2248,0.2369,4,4,-0.5151889,-0.5557878,0.04431927,0.113729894,0.43116346,0.32754272,-0.4818721,-0.47188568,23.18403526290605,72.44495049816825,2033.0,Ahmedabad,5,"{""type"":""MultiPoint"",""coordinates"":[]}",-10.954164305752398,-17.327375273303687,-10.601085503896222,-16.862353229172548
1_1_1_1_1_1_1_2_34_0_1_1_1_1_1_1_1_2_34_0,0.3098,0.2395,0.26815,0.1567,0.04715,0.0395,0.0802,0.0716,0.1057,0.0634,0.2511,0.3488,4,4,-0.58871794,-0.5396978,0.10465324,-0.18578957,0.4075112,0.69238234,-0.51584667,-0.65937203,23.175141941593267,72.69046006531812,2034.0,Ahmedabad,5,"{""type"":""MultiPoint"",""coordinates"":[]}",-12.074222912370884,-18.32119895876557,-11.397178449126063,-16.47948884571325
1_1_1_1_1_1_1_2_35_0_1_1_1_1_1_1_1_2_35_0,0.23545,0.3192,0.1489,0.2332,0.0498,0.072,0.0788,0.0908,0.0879,0.1178,0.2908,0.2424,4,4,-0.49848846,-0.5570732,-0.10517815,0.13675214,0.5357803,0.34591892,-0.5735931,-0.45498198,23.131843144898703,72.5197801613354,2035.0,Ahmedabad,5,"{""type"":""MultiPoint"",""coordinates"":[]}",-11.463357366919723,-17.568789067993983,-12.666220408696194,-19.30381736469635
1_1_1_1_1_1_1_2_36_0_1_1_1_1_1_1_1_2_36_0,0.2628,0.3436,0.20445,0.275,0.075,0.0897,0.1019,0.1212,0.1148,0.1544,0.24365,0.284,4,4,-0.44118452,-0.47848538,0.03781222,0.094964944,0.35946435,0.29562044,-0.4102156,-0.4017769,22.956402169910167,72.66836150932878,2036.0,Ahmedabad,5,"{""type"":""MultiPoint"",""coordinates"":[]}",-11.643275850753817,-19.49911612571604,-12.496097718820728,-18.4998031037913
1_1_1_1_1_1_1_2_37_0_1_1_1_1_1_1_1_2_37_0,0.3323,0.3049,0.3122,0.2826,0.1379,0.1134,0.1608,0.1312,0.1887,0.1483,0.2362,0.196,6,6,-0.34779963,-0.39830315,0.16904134,0.21740866,0.11179101,0.13854197,-0.18992443,-0.19804402,23.13651438437613,72.37182763404093,2037.0,Ahmedabad,5,"{""type"":""MultiPoint"",""coordinates"":[]}",-7.491028309065199,-12.58486927656256,-5.893670706134849,-13.17174305072098
1_1_1_1_1_1_1_2_38_0_1_1_1_1_1_1_1_2_38_0,0.26185,0.272,0.20205,0.208,0.0459,0.0728,0.0692,0.0957,0.0902,0.1194,0.20975,0.232,1,4,-0.58193624,-0.47946694,0.11047498,0.07936508,0.39856642,0.32043254,-0.50385374,-0.4159292,23.113427681574255,72.63826794731077,2038.0,Ahmedabad,5,"{""type"":""MultiPoint"",""coordinates"":[]}",-10.143842660879088,-16.36425292426919,-8.132778456248047,-15.208219902553886
1_1_1_1_1_1_1_2_39_0_1_1_1_1_1_1_1_2_39_0,0.24,0.2007,0.16775,0.1188,0.06165,0.0447,0.09355,0.07,0.0933,0.0654,0.3068,0.3012,6,6,-0.43906462,-0.4828223,-0.12216532,-0.20023909,0.5336166,0.64320785,-0.53265893,-0.6228448,23.191221785179007,72.6271288377877,2039.0,Ahmedabad,5,"{""type"":""MultiPoint"",""coordinates"":[]}",-11.675997339142501,-17.67749832916156,-9.170756617357949,-17.009626590904084
1_1_1_1_1_1_1_2_40_0_1_1_1_1_1_1_1_2_40_0,0.11685,0.2395,0.0641,0.1892,0.0364,0.0676,0.06815,0.0932,0.053,0.0886,0.21365,0.2289,4,4,-0.26324326,-0.4397355,-0.29288957,0.022630231,0.60247517,0.44188976,-0.5163236,-0.42129773,23.07497978741394,72.352873181546,2040.0,Ahmedabad,5,"{""type"":""MultiPoint"",""coordinates"":[]}",-12.291386966860422,-19.602741259498227,-11.874210198679956,-19.64491262967087
1_1_1_1_1_1_1_2_41_0_1_1_1_1_1_1_1_2_41_0,0.2527,0.2689,0.19185,0.2121,0.0527,0.0664,0.0814,0.0968,0.09455,0.1098,0.31365,0.287,4,4,-0.51272076,-0.47060433,-0.107618965,-0.032559812,0.5367467,0.44657257,-0.5879003,-0.4955706,23.09052064182921,72.72118244803501,2041.0,Ahmedabad,5,"{""type"":""MultiPoint"",""coordinates"":[]}",-11.309989128139364,-19.61216259469049,-10.839694294947257,-18.033670694156616
1_1_1_1_1_1_1_2_42_0_1_1_1_1_1_1_1_2_42_0,0.25385,0.2425,0.2207,0.1947,0.1105,0.12,0.1417,0.145,0.1687,0.1668,0.24265,0.242,6,6,-0.28352925,-0.2516129,0.022557905,0.0010319918,0.17977391,0.18395303,-0.26265123,-0.250646,23.065367813873863,72.51187498683515,2042.0,Ahmedabad,5,"{""type"":""MultiPoint"",""coordinates"":[]}",-5.266974349490836,-17.29302820731924,-5.639760248207214,-18.023186881203877
1_1_1_1_1_1_1_2_43_0_1_1_1_1_1_1_1_2_43_0,0.24275,0.2849,0.24155,0.2854,0.1017,0.1582,0.1244,0.1534,0.1524,0.172,0.1899,0.2299,6,6,-0.32234782,-0.3000228,0.12215417,0.10683761,0.109553024,0.1440657,-0.20839962,-0.19958258,22.945712218029144,72.55337715296147,2043.0,Ahmedabad,5,"{""type"":""MultiPoint"",""coordinates"":[]}",-7.359480835006077,-14.943540736871917,-9.36094982400892,-19.357042205162454
1_1_1_1_1_1_1_2_44_0_1_1_1_1_1_1_1_2_44_0,0.2224,0.2217,0.16635,0.1527,0.05265,0.0565,0.0806,0.0826,0.0891,0.094,0.2474,0.2559,6,6,-0.4679868,-0.4571147,-0.053214133,-0.07160804,0.4704309,0.46270362,-0.5085366,-0.51196456,23.061235563566918,72.66611572111847,2044.0,Ahmedabad,5,"{""type"":""MultiPoint"",""coordinates"":[]}",-8.528921850205247,-13.658864005822121,-9.196633418533473,-14.055246481713572
1_1_1_1_1_1_1_2_45_0_1_1_1_1_1_1_1_2_45_0,0.25965,0.2581,0.22555,0.211,0.09555,0.1158,0.1149,0.1368,0.1364,0.1537,0.1991,0.2463,6,6,-0.38646376,-0.30716637,0.1319891,0.023394132,0.18688525,0.2315,-0.26815286,-0.28582615,22.929362879858168,72.54062107592698,2045.0,Ahmedabad,5,"{""type"":""MultiPoint"",""coordinates"":[]}",-10.877629346763667,-16.096361027034966,-10.369495950183406,-15.403396695223433
1_1_1_1_1_1_1_2_46_0_1_1_1_1_1_1_1_2_46_0,0.28885,0.287,0.26065,0.2564,0.10045,0.1108,0.1255,0.1396,0.1643,0.1836,0.2265,0.2421,6,6,-0.39423192,-0.34552273,0.12098574,0.084861085,0.1591607,0.13742071,-0.2869318,-0.2685355,22.99044831917829,72.60871337446324,2046.0,Ahmedabad,5,"{""type"":""MultiPoint"",""coordinates"":[]}",-5.868429350896447,-13.961298684109657,-5.952512473152723,-13.625251165401071
1_1_1_1_1_1_1_2_47_0_1_1_1_1_1_1_1_2_47_0,0.22135,0.2357,0.15965,0.1691,0.07495,0.0749,0.1115,0.0982,0.1354,0.1176,0.2534,0.2346,4,4,-0.33002853,-0.41179994,-0.06750922,0.0023389326,0.30349794,0.3321976,-0.38887367,-0.40985578,23.19095229059377,72.73932841677421,2047.0,Ahmedabad,5,"{""type"":""MultiPoint"",""coordinates"":[]}",-11.082982065930832,-16.06895962468908,-9.083208424190518,-16.820601201471163
1_1_1_1_1_1_1_2_48_0_1_1_1_1_1_1_1_2_48_0,0.22565,0.2478,0.2098,0.2276,0.0862,0.1356,0.1098,0.1514,0.1256,0.168,0.148,0.1935,6,6,-0.34535697,-0.24148297,0.2078148,0.12304555,0.081871346,0.07053942,-0.14817688,-0.12206437,22.96808026860372,72.6167083804919,2048.0,Ahmedabad,5,"{""type"":""MultiPoint"",""coordinates"":[]}",-7.133977077768751,-15.049094283393124,-6.123068571835273,-15.438331772132537
1_1_1_1_1_1_1_2_49_0_1_1_1_1_1_1_1_2_49_0,0.2685,0.252,0.191,0.166,0.04865,0.0467,0.0702,0.0702,0.0917,0.0875,0.2209,0.2462,6,6,-0.5854739,-0.5642458,0.09726195,0.011641911,0.41330776,0.47557688,-0.5176915,-0.5562579,23.03042334932161,72.43965043799194,2049.0,Ahmedabad,5,"{""type"":""MultiPoint"",""coordinates"":[]}",-10.0077777457734,-16.776365057734324,-8.831225854167515,-14.899346182769602
1_1_1_1_1_1_1_2_50_0_1_1_1_1_1_1_1_2_50_0,0.2473,0.2611,0.1981,0.2092,0.0725,0.105,0.0982,0.1262,0.1078,0.1406,0.255,0.2553,6,6,-0.43154848,-0.3483088,-0.015329485,0.011231603,0.4057332,0.2897196,-0.44394112,-0.33840105,23.02188935412248,72.36302414425656,2050.0,Ahmedabad,5,"{""type"":""MultiPoint"",""coordinates"":[]}",-8.926523452045313,-15.715605424046037,-9.06290059881319,-16.872927178279248
1_1_1_1_1_1_1_2_51_0_1_1_1_1_1_1_1_2_51_0,0.13645,0.1333,0.0703,0.0841,0.0386,0.0476,0.063,0.0669,0.0503,0.0584,0.21535,0.219,4,4,-0.3682627,-0.33166832,-0.22427516,-0.24325858,0.62130624,0.57894737,-0.54733247,-0.5320042,22.925949281778514,72.49274087128342,2051.0,Ahmedabad,5,"{""type"":""MultiPoint"",""coordinates"":[]}",-11.186744072232521,-18.952249715774443,-11.031831809721226,-19.19755354273868
1_1_1_1_1_1_1_2_52_0_1_1_1_1_1_1_1_2_52_0,0.26875,0.2275,0.2314,0.1711,0.07575,0.0448,0.1085,0.0725,0.1439,0.0724,0.22595,0.3067,6,6,-0.42478463,-0.51666665,0.08651708,-0.14825907,0.2218467,0.6180427,-0.35117358,-0.61761606,23.183675936792405,72.6001793792641,2052.0,Ahmedabad,5,"{""type"":""MultiPoint"",""coordinates"":[]}",-11.888384486722217,-20.14689437708809,-6.699168569322131,-15.35798502044735
1_1_1_1_1_1_1_2_53_0_1_1_1_1_1_1_1_2_53_0,0.2282,0.2124,0.1704,0.1074,0.0454,0.0459,0.0757,0.0659,0.082,0.0433,0.23445,0.4132,4,4,-0.50180984,-0.52641034,-0.013509132,-0.32097188,0.48175067,0.8102957,-0.5118491,-0.72490084,23.190143806838066,72.68336337457357,2053.0,Ahmedabad,5,"{""type"":""MultiPoint"",""coordinates"":[]}",-9.885153584627318,-15.587763560188371,-10.393593602907945,-17.534520446605537
1_1_1_1_1_1_1_2_54_0_1_1_1_1_1_1_1_2_54_0,0.2243,0.2155,0.145,0.1412,0.04365,0.0578,0.07495,0.0892,0.06135,0.1037,0.32785,0.3489,4,4,-0.49908105,-0.41450608,-0.18753962,-0.2363572,0.6847379,0.5417587,-0.627855,-0.592787,23.132022807955533,72.74121487887086,2054.0,Ahmedabad,5,"{""type"":""MultiPoint"",""coordinates"":[]}",-10.549778840406754,-16.65506755853209,-15.63100645287923,-24.684843540677868
1_1_1_1_1_1_1_2_55_0_1_1_1_1_1_1_1_2_55_0,0.2426,0.2676,0.2339,0.2556,0.1319,0.166,0.1566,0.2044,0.1827,0.2294,0.2144,0.2498,6,6,-0.21543086,-0.1338983,0.061706785,0.034402784,0.07982876,0.042570952,-0.15579514,-0.09995597,23.04515571998117,72.64320868137344,2055.0,Ahmedabad,5,"{""type"":""MultiPoint"",""coordinates"":[]}",-7.233384522810471,-15.762088940793987,-6.506770774610079,-15.24802698654177
1_1_1_1_1_1_1_2_56_0_1_1_1_1_1_1_1_2_56_0,0.3228,0.2594,0.25015,0.1822,0.0826,0.0588,0.1138,0.0825,0.1541,0.087,0.2491,0.2573,5,4,-0.47869903,-0.51740277,0.12886868,0.004064254,0.23561507,0.4946268,-0.37282997,-0.5144203,23.16049940246212,72.45950320577099,2056.0,Ahmedabad,5,"{""type"":""MultiPoint"",""coordinates"":[]}",-11.11440305752095,-18.388436581404736,-9.355772139938143,-14.840970316456461
1_1_1_1_1_1_1_2_57_0_1_1_1_1_1_1_1_2_57_0,0.15855,0.3765,0.08545,0.2641,0.0309,0.0884,0.05665,0.1128,0.03555,0.141,0.3206,0.29,4,4,-0.473513,-0.53893316,-0.33820307,0.12978244,0.80036503,0.34570765,-0.69966865,-0.43992054,23.08962232654509,72.35826307325071,2057.0,Ahmedabad,5,"{""type"":""MultiPoint"",""coordinates"":[]}",-11.456504197732098,-17.900986882673454,-12.088000859918534,-17.9411528053922
1_1_1_1_1_1_1_2_58_0_1_1_1_1_1_1_1_2_58_0,0.18965,0.1992,0.0966,0.1036,0.036,0.0388,0.06505,0.063,0.0484,0.0553,0.35405,0.3232,1,1,-0.48920298,-0.5194508,-0.30237263,-0.237366,0.7594732,0.70779395,-0.6895729,-0.6737442,22.994939895598893,72.45168786279915,2058.0,Ahmedabad,5,"{""type"":""MultiPoint"",""coordinates"":[]}",-7.744121395068105,-12.539135593014898,-7.6006342726381835,-13.177178694643528
1_1_1_1_1_1_1_2_59_0_1_1_1_1_1_1_1_2_59_0,0.2365,0.2767,0.16205,0.2069,0.04475,0.0632,0.0717,0.0896,0.0811,0.1142,0.2395,0.2431,6,6,-0.53471774,-0.5107835,-0.006302521,0.06464025,0.4940736,0.36076126,-0.5392031,-0.4613766,23.15546883687105,72.51870218299446,2059.0,Ahmedabad,5,"{""type"":""MultiPoint"",""coordinates"":[]}",-9.907284479227659,-15.864939855453294,-10.207159659889843,-16.910014363007285
1_1_1_1_1_1_1_2_60_0_1_1_1_1_1_1_1_2_60_0,0.02055,0.0231,0.0198,0.0204,0.01785,0.0225,0.02955,0.034,0.02045,0.0226,0.02,0.0156,0,0,0.17964073,0.19089317,0.013563502,0.19379845,-0.011124846,-0.18324608,0.19273461,0.37096775,23.015241821019995,72.5753858774224,2060.0,Ahmedabad,5,"{""type"":""MultiPoint"",""coordinates"":[]}",-21.12413369768464,-25.328589343977157,-20.332917175543464,-26.115534371899567
1_1_1_1_1_1_1_2_61_0_1_1_1_1_1_1_1_2_61_0,0.29005,0.2786,0.2213,0.2324,0.08775,0.1396,0.1245,0.1748,0.1551,0.1866,0.33255,0.301,6,6,-0.3993487,-0.22893693,-0.06826213,-0.038647342,0.36388803,0.23461854,-0.45520183,-0.26523748,22.94885632152356,72.68722613029529,2061.0,Ahmedabad,5,"{""type"":""MultiPoint"",""coordinates"":[]}",-11.532184896203772,-17.290053098226256,1.1895888525832865,-14.363094451684166
1_1_1_1_1_1_1_2_62_0_1_1_1_1_1_1_1_2_62_0,0.2459,0.2307,0.1864,0.1668,0.0534,0.0556,0.0834,0.0773,0.09415,0.0819,0.2484,0.2604,6,6,-0.493471,-0.49805194,-0.005057657,-0.060476482,0.45029923,0.5214724,-0.4972875,-0.5421972,23.177657224388803,72.44584881345237,2062.0,Ahmedabad,5,"{""type"":""MultiPoint"",""coordinates"":[]}",-8.127002838337964,-14.779107355325642,-8.980761800634134,-15.415632219235388
1_1_1_1_1_1_1_2_63_0_1_1_1_1_1_1_1_2_63_0,0.2821,0.2771,0.2687,0.2557,0.1593,0.1714,0.1979,0.2054,0.2375,0.2304,0.26055,0.2514,6,6,-0.17541666,-0.14860104,0.039712522,0.048628192,0.046280492,0.043586552,-0.13665612,-0.10070053,22.98883135166688,72.61284562477019,2063.0,Ahmedabad,5,"{""type"":""MultiPoint"",""coordinates"":[]}",-5.621965105663621,-16.870893708629897,-4.438765604026904,-15.854379563720444
1_1_1_1_1_1_1_2_64_0_1_1_1_1_1_1_1_2_64_0,0.21435,0.2299,0.19495,0.2025,0.09305,0.1176,0.1117,0.1314,0.1394,0.1614,0.18765,0.2018,6,6,-0.31482902,-0.27262664,0.06641791,0.0650915,0.14753096,0.11123348,-0.25371638,-0.21128452,23.02736907735561,72.61868467411696,2064.0,Ahmedabad,5,"{""type"":""MultiPoint"",""coordinates"":[]}",-5.912764859917591,-8.869925201876804,-6.200295497697966,-11.253311959318687
1_1_1_1_1_1_1_2_65_0_1_1_1_1_1_1_1_2_65_0,0.19455,0.2273,0.12715,0.1642,0.0344,0.0665,0.0513,0.0874,0.04915,0.0938,0.23165,0.2645,6,6,-0.58267236,-0.44455037,-0.08704834,-0.07564051,0.64992875,0.4764164,-0.63739175,-0.503268,22.963678523711533,72.70950434934146,2065.0,Ahmedabad,5,"{""type"":""MultiPoint"",""coordinates"":[]}",-9.050575513571872,-15.246097794066088,-9.364192983481619,-15.780196615140373
1_1_1_1_1_1_1_2_66_0_1_1_1_1_1_1_1_2_66_0,0.1799,0.153,0.15145,0.1028,0.03565,0.0403,0.0637,0.0587,0.07595,0.0526,0.14985,0.2401,0,1,-0.4770115,-0.44544166,0.091129646,-0.22157212,0.3272808,0.6405876,-0.4034184,-0.60709506,23.151426418092512,72.67770398828362,2066.0,Ahmedabad,5,"{""type"":""MultiPoint"",""coordinates"":[]}",-12.929579408881986,-19.747891795833063,-10.40162289702912,-18.4458186417682
1_1_1_1_1_1_1_2_67_0_1_1_1_1_1_1_1_2_67_0,0.28295,0.276,0.26385,0.2524,0.1352,0.126,0.1588,0.1542,0.1943,0.187,0.2166,0.2185,6,6,-0.28104132,-0.28312412,0.13281953,0.11627907,0.054271113,0.07768188,-0.1539691,-0.17252482,23.01092990765622,72.7294469486489,2067.0,Ahmedabad,5,"{""type"":""MultiPoint"",""coordinates"":[]}",-4.5148086650687755,-17.21298668200661,-7.058958105796906,-16.910197758442315
1_1_1_1_1_1_1_2_68_0_1_1_1_1_1_1_1_2_68_0,0.2885,0.3318,0.2294,0.2645,0.0812,0.1326,0.10485,0.1798,0.1389,0.204,0.2295,0.3231,4,6,-0.466887,-0.2971071,0.11389961,0.013284471,0.24592833,0.22595333,-0.37281293,-0.2849473,23.11540397519932,72.45375398795262,2068.0,Ahmedabad,5,"{""type"":""MultiPoint"",""coordinates"":[]}",-12.022517220254889,-18.295897103935236,-12.039005516477538,-18.471126117141424
1_1_1_1_1_1_1_2_69_0_1_1_1_1_1_1_1_2_69_0,0.33565,0.2342,0.29295,0.1701,0.0848,0.0644,0.1238,0.0979,0.1645,0.0958,0.232,0.2866,4,6,-0.4610948,-0.41041854,0.18259491,-0.100614436,0.1702396,0.49895397,-0.30410343,-0.49076724,22.981554997865512,72.42482823580397,2069.0,Ahmedabad,5,"{""type"":""MultiPoint"",""coordinates"":[]}",-12.030907396555339,-20.248912585170103,-10.085822129930861,-16.54830806985045
1_1_1_1_1_1_1_2_70_0_1_1_1_1_1_1_1_2_70_0,0.24225,0.2251,0.1858,0.1545,0.05285,0.0573,0.08015,0.091,0.1121,0.0934,0.203,0.3374,4,4,-0.5027916,-0.42423284,0.08815272,-0.19964445,0.28847983,0.56638813,-0.43386897,-0.5751634,23.02350632163389,72.72450621458624,2070.0,Ahmedabad,5,"{""type"":""MultiPoint"",""coordinates"":[]}",-10.174053531392428,-16.936135784638488,-11.832313097474405,-18.74517466971964
1_1_1_1_1_1_1_2_71_0_1_1_1_1_1_1_1_2_71_0,0.192,0.4723,0.14225,0.4486,0.0388,0.15,0.058,0.2324,0.07995,0.324,0.1937,0.3904,6,7,-0.536,-0.34042856,-0.0044075707,0.09493451,0.41567695,0.09294513,-0.5391339,-0.25369298,23.10004278384088,72.56550440929709,2071.0,Ahmedabad,5,"{""type"":""MultiPoint"",""coordinates"":[]}",-11.735362439883662,-16.075537082161127,-10.383126538243234,-20.30950232606478
1_1_1_1_1_1_1_2_72_0_1_1_1_1_1_1_1_2_72_0,0.28545,0.3557,0.21855,0.2863,0.0612,0.0854,0.08905,0.12,0.11235,0.1588,0.2527,0.3012,1,4,-0.5244326,-0.49548036,0.06085664,0.08296544,0.38446787,0.30956522,-0.47885883,-0.43019944,23.126093927080344,72.55490428894448,2072.0,Ahmedabad,5,"{""type"":""MultiPoint"",""coordinates"":[]}",-11.647946578285575,-18.45172272744216,-10.700408294258157,-16.96719178185304
1_1_1_1_1_1_1_2_73_0_1_1_1_1_1_1_1_2_73_0,0.2916,0.3999,0.25885,0.3743,0.0586,0.0912,0.09265,0.1384,0.1347,0.2048,0.23185,0.2857,4,6,-0.5177619,-0.48578858,0.11414653,0.16656943,0.26503888,0.16493374,-0.42896765,-0.34732375,23.19355740491772,72.61904400023062,2073.0,Ahmedabad,5,"{""type"":""MultiPoint"",""coordinates"":[]}",-12.736499318187878,-21.319226658003117,-14.273324681990003,-22.19202037254665
1_1_1_1_1_1_1_2_74_0_1_1_1_1_1_1_1_2_74_0,0.3729,0.3207,0.35275,0.2496,0.1029,0.1048,0.1433,0.143,0.1946,0.17,0.2562,0.3217,4,4,-0.44478884,-0.38322192,0.1855031,-0.0015566625,0.13664596,0.30852145,-0.28260326,-0.38454917,22.95209025654639,72.52292426482983,2074.0,Ahmedabad,5,"{""type"":""MultiPoint"",""coordinates"":[]}",-14.16176375370035,-23.405604870847984,-12.094726430948715,-18.210509262588893
1_1_1_1_1_1_1_2_75_0_1_1_1_1_1_1_1_2_75_0,0.1228,0.1491,0.06545,0.0835,0.03905,0.0588,0.0587,0.0808,0.04565,0.0842,0.22645,0.2292,4,4,-0.35316804,-0.2970857,-0.2967788,-0.21173672,0.6644616,0.46266752,-0.5882869,-0.47870967,22.90115577993681,72.48169159328874,2075.0,Ahmedabad,5,"{""type"":""MultiPoint"",""coordinates"":[]}",-10.903495205359311,-17.860695170889933,-10.538246687341932,-19.228036924298415
1_1_1_1_1_1_1_2_76_0_1_1_1_1_1_1_1_2_76_0,0.2319,0.2761,0.1469,0.2001,0.04735,0.0838,0.07495,0.1164,0.0811,0.1206,0.31425,0.3238,4,4,-0.5114877,-0.40687898,-0.15078275,-0.07951325,0.5897306,0.45724574,-0.614851,-0.47114947,23.00212641787185,72.40389748968398,2076.0,Ahmedabad,5,"{""type"":""MultiPoint"",""coordinates"":[]}",-10.925237070504487,-18.121036313916875,-10.701856836795189,-19.030335156803883
1_1_1_1_1_1_1_2_77_0_1_1_1_1_1_1_1_2_77_0,0.3136,0.3051,0.3063,0.2807,0.1033,0.1036,0.1437,0.1346,0.1992,0.1794,0.25755,0.2306,6,6,-0.37152854,-0.3877644,0.098135345,0.13907038,0.12775041,0.12487805,-0.28373832,-0.26286966,23.088274853618916,72.6595580195444,2077.0,Ahmedabad,5,"{""type"":""MultiPoint"",""coordinates"":[]}",-14.39166840319895,-21.90903795726613,-3.5503898835690104,-12.720304326613824
1_1_1_1_1_1_1_2_78_0_1_1_1_1_1_1_1_2_78_0,0.17645,0.1676,0.1365,0.122,0.05295,0.046,0.07355,0.0643,0.0797,0.0582,0.18635,0.2194,6,6,-0.4116,-0.44545063,-0.027287763,-0.13385013,0.4008645,0.58069164,-0.43401307,-0.5467043,23.08881384278938,72.5964064550708,2078.0,Ahmedabad,5,"{""type"":""MultiPoint"",""coordinates"":[]}",-8.608668865349461,-13.669017623561388,-7.49509680324153,-13.18273666814804
1_1_1_1_1_1_1_2_79_0_1_1_1_1_1_1_1_2_79_0,0.19075,0.2438,0.11335,0.1602,0.04885,0.0561,0.0741,0.0908,0.0611,0.0914,0.3246,0.3276,4,6,-0.44043797,-0.4572624,-0.2597264,-0.14665733,0.6831735,0.56372315,-0.62829196,-0.5659656,22.97733291603015,72.68866343474988,2079.0,Ahmedabad,5,"{""type"":""MultiPoint"",""coordinates"":[]}",-11.54237843276194,-19.304483531357615,-7.487355189813867,-16.190301625739522
1_1_1_1_1_1_1_2_80_0_1_1_1_1_1_1_1_2_80_0,0.1529,0.0806,0.09145,0.0515,0.04225,0.042,0.0659,0.0606,0.05645,0.0421,0.1506,0.1439,4,4,-0.3976234,-0.14164306,0.0075782537,-0.28195992,0.4547211,0.54731184,-0.39122403,-0.40733495,22.9265781024774,72.49813076298813,2080.0,Ahmedabad,5,"{""type"":""MultiPoint"",""coordinates"":[]}",-10.606996475433228,-17.69729604100628,-11.633772679288615,-19.889147267041977
1_1_1_1_1_1_1_2_81_0_1_1_1_1_1_1_1_2_81_0,0.2252,0.2706,0.1593,0.1978,0.0372,0.0586,0.06475,0.082,0.0762,0.0996,0.2376,0.2626,4,4,-0.55337125,-0.53488374,-0.026793431,0.015003751,0.51434034,0.4500276,-0.5716884,-0.5240859,23.140736466211493,72.5805961060703,2081.0,Ahmedabad,5,"{""type"":""MultiPoint"",""coordinates"":[]}",-10.435451497805188,-16.14785399639009,-11.071184821093132,-17.178347366789374
1_1_1_1_1_1_1_2_82_0_1_1_1_1_1_1_1_2_82_0,0.2354,0.2433,0.1737,0.1847,0.04715,0.0604,0.0713,0.101,0.0805,0.1144,0.2194,0.2612,6,6,-0.5350505,-0.41330236,0.0351803,-0.035480674,0.46315438,0.39084134,-0.5094599,-0.44229707,23.055755840333784,72.53729730937575,2082.0,Ahmedabad,5,"{""type"":""MultiPoint"",""coordinates"":[]}",-8.869290173551246,-16.134955054719,-8.046605493783073,-16.042932247554106
1_1_1_1_1_1_1_2_83_0_1_1_1_1_1_1_1_2_83_0,0.21395,0.2027,0.17895,0.1626,0.04915,0.0462,0.0781,0.0772,0.0869,0.0777,0.2359,0.2368,6,6,-0.46516007,-0.44837442,-0.048794042,-0.07758817,0.46158612,0.5058824,-0.50254774,-0.5082803,23.075518776584413,72.66306144915247,2083.0,Ahmedabad,5,"{""type"":""MultiPoint"",""coordinates"":[]}",-8.351694485623517,-10.930224805636342,-8.78076480683286,-12.522659503287114
1_1_1_1_1_1_1_2_84_0_1_1_1_1_1_1_1_2_84_0,0.29175,0.3178,0.27325,0.2855,0.1746,0.231,0.2133,0.263,0.24165,0.2919,0.28265,0.3397,6,6,-0.15533115,-0.09435262,0.015842618,-0.033307984,0.078199506,0.07568081,-0.13983265,-0.12726066,23.049647296401773,72.54026174981334,2084.0,Ahmedabad,5,"{""type"":""MultiPoint"",""coordinates"":[]}",-9.752126247194443,-14.048482951926573,-10.189060942425144,-14.575432486796778
1_1_1_1_1_1_1_2_85_0_1_1_1_1_1_1_1_2_85_0,0.22975,0.1869,0.1576,0.1187,0.0407,0.0372,0.064,0.0608,0.07655,0.0585,0.2114,0.2241,4,1,-0.5642553,-0.50908357,0.041595828,-0.09051095,0.46831048,0.58598727,-0.5352215,-0.5731836,23.10156991982388,72.74049622664357,2085.0,Ahmedabad,5,"{""type"":""MultiPoint"",""coordinates"":[]}",-10.2369548264607,-14.234091553348811,-7.498330635002337,-12.935621181407432
1_1_1_1_1_1_1_2_86_0_1_1_1_1_1_1_1_2_86_0,0.23965,0.2726,0.17445,0.2367,0.0298,0.0592,0.05585,0.0888,0.05455,0.1072,0.275,0.2195,4,4,-0.62199664,-0.50857776,-0.068687454,0.107904896,0.6689425,0.34374043,-0.66238475,-0.4239377,23.18825734474141,72.74534712917782,2086.0,Ahmedabad,5,"{""type"":""MultiPoint"",""coordinates"":[]}",-10.503588784837715,-17.677212844935816,-11.080111400115921,-19.533860006788533
1_1_1_1_1_1_1_2_87_0_1_1_1_1_1_1_1_2_87_0,0.29055,0.2598,0.24495,0.2174,0.0848,0.0632,0.116,0.0868,0.1298,0.0952,0.2425,0.2587,6,6,-0.42934448,-0.49913445,0.09014164,0.0021215044,0.30271286,0.46199492,-0.35285914,-0.4975398,23.042281111071997,72.49471716490848,2087.0,Ahmedabad,5,"{""type"":""MultiPoint"",""coordinates"":[]}",-5.809856816345027,-17.884120658119535,-8.463061314292215,-16.69153088990778
1_1_1_1_1_1_1_2_88_0_1_1_1_1_1_1_1_2_88_0,0.2988,0.2645,0.2262,0.1934,0.06215,0.0608,0.08225,0.0824,0.1147,0.0966,0.23275,0.253,4,4,-0.5682981,-0.5249351,0.12425924,0.022222223,0.3397611,0.4473684,-0.47777778,-0.50864637,22.939873168682368,72.6556952638227,2088.0,Ahmedabad,5,"{""type"":""MultiPoint"",""coordinates"":[]}",-11.887152648821289,-17.91670440794363,-10.465723344205335,-15.391255177870844
1_1_1_1_1_1_1_2_89_0_1_1_1_1_1_1_1_2_89_0,0.2184,0.2092,0.20575,0.1955,0.0985,0.1072,0.119,0.128,0.1417,0.149,0.17315,0.1776,6,6,-0.29460582,-0.24080664,0.115566336,0.08169597,0.09988884,0.087568894,-0.18534999,-0.16230367,22.952359751131628,72.62164911455456,2089.0,Ahmedabad,5,"{""type"":""MultiPoint"",""coordinates"":[]}",-2.2903807580167204,-15.998322785407224,0.12416750122489381,-15.93297888481175
1_1_1_1_1_1_1_2_90_0_1_1_1_1_1_1_1_2_90_0,0.1539,0.2566,0.08915,0.2329,0.0429,0.088,0.0706,0.1194,0.0643,0.1472,0.29395,0.2484,4,4,-0.37104678,-0.36489362,-0.3127163,0.016237624,0.6410328,0.25581396,-0.61267316,-0.35073408,22.901515106050464,72.71875699676788,2090.0,Ahmedabad,5,"{""type"":""MultiPoint"",""coordinates"":[]}",-11.71752890273234,-19.054391645691496,-12.467703612539367,-20.550706694592314
1_1_1_1_1_1_1_2_91_0_1_1_1_1_1_1_1_2_91_0,0.214,0.1935,0.1824,0.1653,0.0758,0.0642,0.0894,0.0822,0.1124,0.0894,0.15935,0.1578,4,6,-0.41067898,-0.40369967,0.1463774,0.101622544,0.17276908,0.27669904,-0.28120604,-0.315,23.10660048541495,72.5009155403689,2091.0,Ahmedabad,5,"{""type"":""MultiPoint"",""coordinates"":[]}",-13.671645197551602,-20.163203811580793,-12.197472745623028,-19.363685716566586
1_1_1_1_1_1_1_2_92_0_1_1_1_1_1_1_1_2_92_0,0.22,0.2396,0.1514,0.1814,0.04665,0.0548,0.07,0.0828,0.07655,0.0962,0.25185,0.2232,4,6,-0.51724136,-0.48635235,-0.06750026,0.035436474,0.53380024,0.39762053,-0.5650148,-0.45882353,22.91292371015878,72.74543696070623,2092.0,Ahmedabad,5,"{""type"":""MultiPoint"",""coordinates"":[]}",-9.808481322713948,-15.267672882159186,-11.135844850717454,-18.269365518129703
1_1_1_1_1_1_1_2_93_0_1_1_1_1_1_1_1_2_93_0,0.3453,0.318,0.32205,0.2477,0.0765,0.0866,0.1178,0.1218,0.1759,0.1672,0.2551,0.2999,4,4,-0.4912546,-0.44611186,0.15023318,0.029292766,0.1837587,0.28409335,-0.36819524,-0.42233816,23.148102651541272,72.38422438496177,2093.0,Ahmedabad,5,"{""type"":""MultiPoint"",""coordinates"":[]}",-12.7799272999276,-22.52332810861075,-13.235489687905106,-20.764512522638697
1_1_1_1_1_1_1_2_94_0_1_1_1_1_1_1_1_2_94_0,0.2578,0.3124,0.21025,0.2657,0.0617,0.0866,0.0919,0.1226,0.1236,0.1708,0.23075,0.263,4,4,-0.47440663,-0.43632182,0.055367924,0.085853316,0.30238464,0.21254034,-0.43034247,-0.36410788,23.1618468753883,72.59649628659922,2094.0,Ahmedabad,5,"{""type"":""MultiPoint"",""coordinates"":[]}",-11.474538431514008,-16.196791421674874,-10.934928158831276,-17.619613022214526
1_1_1_1_1_1_1_2_95_0_1_1_1_1_1_1_1_2_95_0,0.28725,0.2906,0.2054,0.1999,0.05545,0.06,0.0766,0.0819,0.0995,0.098,0.2198,0.2601,4,6,-0.57894737,-0.56026846,0.13302435,0.05538406,0.37676167,0.45266685,-0.4831309,-0.52105266,23.00437220608215,72.48753064263552,2095.0,Ahmedabad,5,"{""type"":""MultiPoint"",""coordinates"":[]}",-12.806342858092705,-18.54951137947144,-10.083756408467227,-16.467830922091682
1_1_1_1_1_1_1_2_96_0_1_1_1_1_1_1_1_2_96_0,0.2071,0.2345,0.1458,0.1769,0.05305,0.0648,0.08415,0.0973,0.08415,0.1158,0.2629,0.2599,4,4,-0.42214593,-0.4135021,-0.11872341,-0.051375404,0.5150555,0.3835507,-0.5150555,-0.45520717,22.98128550328028,72.41180266418424,2096.0,Ahmedabad,5,"{""type"":""MultiPoint"",""coordinates"":[]}",-10.362247574064963,-17.16503786683266,-9.906899101986262,-18.39417620153671
1_1_1_1_1_1_1_2_97_0_1_1_1_1_1_1_1_2_97_0,0.25635,0.2346,0.2057,0.1494,0.0496,0.0385,0.08275,0.0634,0.10505,0.0645,0.1991,0.262,4,4,-0.5119434,-0.5744966,0.12569986,-0.055175193,0.30922243,0.6049005,-0.41280824,-0.61032575,23.15079759739363,72.59227420476385,2097.0,Ahmedabad,5,"{""type"":""MultiPoint"",""coordinates"":[]}",-11.149879325819182,-17.549307017847354,-8.867848391829618,-16.133117734777727
1_1_1_1_1_1_1_2_98_0_1_1_1_1_1_1_1_2_98_0,0.21085,0.1957,0.1418,0.1102,0.0329,0.0376,0.061,0.0622,0.04555,0.0504,0.2844,0.3444,4,1,-0.5512231,-0.5176425,-0.14851086,-0.2753194,0.7238976,0.7446808,-0.64678633,-0.6940482,23.14711450472874,72.63287805560606,2098.0,Ahmedabad,5,"{""type"":""MultiPoint"",""coordinates"":[]}",-9.931508024702353,-16.837349288809953,-10.384465837644472,-16.290852735541932
1_1_1_1_1_1_1_2_99_0_1_1_1_1_1_1_1_2_99_0,0.153,0.1715,0.10295,0.1135,0.0286,0.0338,0.04525,0.0584,0.04445,0.053,0.19095,0.2352,6,6,-0.54350567,-0.49195302,-0.110335805,-0.15662651,0.622345,0.6321999,-0.61685014,-0.6021798,23.07210517850476,72.58535717707613,2099.0,Ahmedabad,5,"{""type"":""MultiPoint"",""coordinates"":[]}",-8.508382255584754,-15.472269793551016,-8.461377802459166,-15.77134138284161
1_1_1_1_1_1_1_2_100_0_1_1_1_1_1_1_1_2_100_0,0.23915,0.2077,0.22165,0.1982,0.1298,0.166,0.1599,0.1816,0.1956,0.2021,0.227,0.2304,6,6,-0.19859667,-0.06704341,0.026064571,-0.051814653,0.07430194,0.065433525,-0.17342983,-0.1184466,23.01443333726429,72.54637029374534,2100.0,Ahmedabad,5,"{""type"":""MultiPoint"",""coordinates"":[]}",-7.322383305433995,-12.735314062432334,-7.644445519488007,-13.840963333073198
1_1_1_1_1_1_1_2_101_0_1_1_1_1_1_1_1_2_101_0,0.2975,0.322,0.25655,0.241,0.061,0.0704,0.0891,0.0999,0.1292,0.1356,0.2133,0.2898,4,4,-0.53905845,-0.52642804,0.16483946,0.05263158,0.24554744,0.36248237,-0.4107143,-0.48729792,23.194365888673428,72.72127227956342,2101.0,Ahmedabad,5,"{""type"":""MultiPoint"",""coordinates"":[]}",-11.570345037698704,-18.32562617818124,-11.644545634255993,-17.350915052668277
1_1_1_1_1_1_1_2_102_0_1_1_1_1_1_1_1_2_102_0,0.3554,0.284,0.2879,0.1903,0.08675,0.0602,0.1215,0.0764,0.169,0.0911,0.29595,0.2867,4,4,-0.4904592,-0.5760266,0.091271974,-0.004731032,0.27304012,0.5177342,-0.41789436,-0.5791793,23.18699970334365,72.44719628637856,2102.0,Ahmedabad,5,"{""type"":""MultiPoint"",""coordinates"":[]}",-14.161836852471737,-21.210426895001067,-10.984491333531196,-16.435923095494672
1_1_1_1_1_1_1_2_103_0_1_1_1_1_1_1_1_2_103_0,0.31225,0.2676,0.2917,0.222,0.0801,0.067,0.1105,0.0885,0.1622,0.115,0.223,0.2364,4,6,-0.4772324,-0.5029486,0.16674452,0.061904762,0.15784009,0.34547526,-0.33733132,-0.455217,22.944903734273435,72.74929971642794,2103.0,Ahmedabad,5,"{""type"":""MultiPoint"",""coordinates"":[]}",-11.823321187112189,-18.770346101844147,-11.68595251657701,-18.593204892347906
1_1_1_1_1_1_1_2_104_0_1_1_1_1_1_1_1_2_104_0,0.31775,0.3103,0.26635,0.2534,0.06615,0.0664,0.09735,0.1004,0.1426,0.1196,0.24655,0.2617,4,4,-0.5309564,-0.51107866,0.12617402,0.084965035,0.26712066,0.37267244,-0.43384704,-0.44545704,23.12708207389288,72.59065723725244,2104.0,Ahmedabad,5,"{""type"":""MultiPoint"",""coordinates"":[]}",-11.930481677605366,-18.0869198996088,-11.858477029214793,-17.07171907544786
1_1_1_1_1_1_1_2_105_0_1_1_1_1_1_1_1_2_105_0,0.2093,0.2256,0.1318,0.1382,0.0328,0.0442,0.0602,0.0786,0.0479,0.0645,0.3358,0.3584,4,4,-0.55324674,-0.4832347,-0.23206751,-0.22739726,0.7503258,0.69496334,-0.69595957,-0.6402746,23.1234888127564,72.72522486681355,2105.0,Ahmedabad,5,"{""type"":""MultiPoint"",""coordinates"":[]}",-9.22154472821806,-16.276334157088428,-10.214762274156723,-17.04969678044865
1_1_1_1_1_1_1_2_106_0_1_1_1_1_1_1_1_2_106_0,0.17795,0.2015,0.10075,0.1366,0.0386,0.0524,0.07015,0.0816,0.06005,0.0806,0.3236,0.295,4,4,-0.4345022,-0.42352524,-0.29039976,-0.18831822,0.68695426,0.57082003,-0.64368254,-0.56664896,23.133909270052182,72.42177396383796,2106.0,Ahmedabad,5,"{""type"":""MultiPoint"",""coordinates"":[]}",-10.857296381620188,-18.965776332430416,-10.93934425857552,-18.514600303395767
1_1_1_1_1_1_1_2_107_0_1_1_1_1_1_1_1_2_107_0,0.22375,0.2411,0.1736,0.1884,0.05185,0.0522,0.0749,0.0911,0.0875,0.079,0.1793,0.2808,4,4,-0.4984095,-0.45153522,0.11028408,-0.076068215,0.34407797,0.56086713,-0.41070023,-0.5100834,23.039137007577573,72.71112131685287,2107.0,Ahmedabad,5,"{""type"":""MultiPoint"",""coordinates"":[]}",-9.66791641926779,-17.743438306526865,-11.564205030414065,-19.341227485498706
1_1_1_1_1_1_1_2_108_0_1_1_1_1_1_1_1_2_108_0,0.23755,0.2377,0.2318,0.226,0.1118,0.1112,0.1437,0.1394,0.1759,0.1722,0.2094,0.2088,6,6,-0.24616393,-0.26067355,0.06298244,0.064725645,0.086945236,0.096062995,-0.18606627,-0.19931073,22.961073409387588,72.60287432511646,2108.0,Ahmedabad,5,"{""type"":""MultiPoint"",""coordinates"":[]}",-7.458380906554174,-17.564584130010957,1.406767340534297,-13.295624799353698
1_1_1_1_1_1_1_2_109_0_1_1_1_1_1_1_1_2_109_0,0.3098,0.3094,0.2922,0.2742,0.1437,0.167,0.1771,0.1918,0.2188,0.2228,0.2554,0.2491,6,6,-0.27254057,-0.23463687,0.09624912,0.10796777,0.07718262,0.055732146,-0.18104047,-0.12996145,23.07147635780588,72.54385501094981,2109.0,Ahmedabad,5,"{""type"":""MultiPoint"",""coordinates"":[]}",-8.557056151071786,-13.312972521718793,-7.354333665567635,-14.136990853418371
1_1_1_1_1_1_1_2_110_0_1_1_1_1_1_1_1_2_110_0,0.3307,0.2497,0.2528,0.1718,0.088,0.054,0.1176,0.0764,0.1529,0.0808,0.25845,0.2354,4,4,-0.47535133,-0.5314321,0.12263431,0.029478459,0.25659415,0.48893106,-0.37455127,-0.5099423,23.00724681499133,72.35853256783595,2110.0,Ahmedabad,5,"{""type"":""MultiPoint"",""coordinates"":[]}",-13.648731663578962,-18.563496957348068,-9.659511929721518,-16.17058626593759
1_1_1_1_1_1_1_2_111_0_1_1_1_1_1_1_1_2_111_0,0.18345,0.2,0.10445,0.1182,0.0328,0.0588,0.0641,0.0816,0.0397,0.0698,0.3428,0.2954,4,4,-0.48212484,-0.42045453,-0.30280286,-0.19257165,0.7924183,0.61774373,-0.68493485,-0.56710875,23.10857677904001,72.35637661115406,2111.0,Ahmedabad,5,"{""type"":""MultiPoint"",""coordinates"":[]}",-11.208941203165587,-18.592508879944983,-11.1701372395022,-18.010644895006116
1_1_1_1_1_1_1_2_112_0_1_1_1_1_1_1_1_2_112_0,0.2402,0.1993,0.17595,0.1358,0.0464,0.0461,0.0724,0.0694,0.07875,0.0677,0.2533,0.292,4,4,-0.5367882,-0.4834388,-0.026545087,-0.1886831,0.52567387,0.6235752,-0.5554191,-0.615938,23.11055307266508,72.69908389204566,2112.0,Ahmedabad,5,"{""type"":""MultiPoint"",""coordinates"":[]}",-12.624433072479981,-20.408446748248483,-13.272885436260712,-20.38343358723405
1_1_1_1_1_1_1_2_113_0_1_1_1_1_1_1_1_2_113_0,0.29245,0.2795,0.23815,0.1908,0.08705,0.0717,0.1123,0.0894,0.1493,0.1086,0.22285,0.24,4,6,-0.44508955,-0.51531583,0.13506696,0.07603465,0.19763537,0.37693632,-0.3298523,-0.4571949,23.11405650227314,72.39527366295644,2113.0,Ahmedabad,5,"{""type"":""MultiPoint"",""coordinates"":[]}",-11.631882432077514,-20.72724965305428,-10.991705329613193,-19.41591053345553
1_1_1_1_1_1_1_2_114_0_1_1_1_1_1_1_1_2_114_0,0.1859,0.2043,0.11495,0.1406,0.04575,0.0554,0.06955,0.0813,0.06305,0.0689,0.2679,0.2767,4,4,-0.45547074,-0.43067226,-0.18069634,-0.15051974,0.6189757,0.6012731,-0.5877908,-0.54581004,22.93178833112529,72.39293804321773,2114.0,Ahmedabad,5,"{""type"":""MultiPoint"",""coordinates"":[]}",-11.964313859356437,-19.927561481185172,-11.357253514979428,-19.509246980200956
1_1_1_1_1_1_1_2_115_0_1_1_1_1_1_1_1_2_115_0,0.3253,0.3612,0.28265,0.2956,0.1342,0.1488,0.1801,0.1814,0.2142,0.2154,0.30035,0.3324,6,6,-0.2872972,-0.3313675,0.039878525,0.04152249,0.16742785,0.21358159,-0.2502862,-0.29388866,22.949934299864506,72.66791235168672,2115.0,Ahmedabad,5,"{""type"":""MultiPoint"",""coordinates"":[]}",-11.752138284258855,-16.405017769706443,-10.908372830250505,-13.894321534586233
1_1_1_1_1_1_1_2_116_0_1_1_1_1_1_1_1_2_116_0,0.2825,0.2864,0.27685,0.2649,0.1614,0.2276,0.1967,0.2548,0.2332,0.2742,0.26355,0.322,6,6,-0.17904842,-0.058388766,0.03470378,-0.058514137,0.06109713,0.08017444,-0.14524715,-0.116504855,23.054318535879197,72.62362540817962,2116.0,Ahmedabad,5,"{""type"":""MultiPoint"",""coordinates"":[]}",-7.3181078584834705,-12.035132150565197,-7.607628790519371,-11.401166893515285
1_1_1_1_1_1_1_2_117_0_1_1_1_1_1_1_1_2_117_0,0.23265,0.2611,0.1676,0.2113,0.04575,0.0715,0.075,0.1074,0.0752,0.1166,0.30245,0.309,4,4,-0.51243293,-0.41709635,-0.1304429,-0.08402035,0.60174763,0.45206767,-0.60259634,-0.48414984,23.088993505846208,72.72378756235895,2117.0,Ahmedabad,5,"{""type"":""MultiPoint"",""coordinates"":[]}",-11.200270922889011,-17.255965588755835,-11.942376564468706,-20.040830159725495
1_1_1_1_1_1_1_2_118_0_1_1_1_1_1_1_1_2_118_0,0.1748,0.1569,0.10685,0.0938,0.03625,0.0381,0.0581,0.0608,0.0544,0.049,0.20475,0.2139,4,1,-0.5010734,-0.44143316,-0.07890923,-0.15372169,0.5801659,0.6272347,-0.5579228,-0.55733526,23.08081883676072,72.38647017317207,2118.0,Ahmedabad,5,"{""type"":""MultiPoint"",""coordinates"":[]}",-10.662359866075208,-15.00805066787446,-8.434586599653308,-15.141954710947378
1_1_1_1_1_1_1_2_119_0_1_1_1_1_1_1_1_2_119_0,0.264,0.2261,0.2117,0.1908,0.1557,0.1528,0.2019,0.1948,0.2354,0.205,0.3724,0.3177,6,6,-0.13329041,-0.07436445,-0.17033312,-0.16844428,0.2254031,0.21561125,-0.29688317,-0.23980488,23.040664143560576,72.50603593748838,2119.0,Ahmedabad,5,"{""type"":""MultiPoint"",""coordinates"":[]}",-1.5591116448507922,-10.641044119143894,6.167200294749715,-5.970644379261115
1_1_1_1_1_1_1_2_120_0_1_1_1_1_1_1_1_2_120_0,0.237,0.2395,0.17505,0.1842,0.0735,0.0705,0.1134,0.12,0.1213,0.1054,0.30575,0.2812,4,6,-0.35273972,-0.33240613,-0.12666973,-0.0800845,0.43191662,0.45473358,-0.45890492,-0.4017946,22.979039715069977,72.52660735749471,2120.0,Ahmedabad,5,"{""type"":""MultiPoint"",""coordinates"":[]}",-12.334251355096804,-18.570081764471688,-9.518973052837731,-16.479719439491916
1_1_1_1_1_1_1_2_121_0_1_1_1_1_1_1_1_2_121_0,0.30495,0.3191,0.2711,0.2404,0.0828,0.0796,0.113,0.1128,0.1558,0.1426,0.22765,0.2555,4,4,-0.45926547,-0.47765687,0.14513706,0.11068569,0.18737775,0.28359708,-0.33656245,-0.38745588,23.0836934456699,72.60386247192899,2121.0,Ahmedabad,5,"{""type"":""MultiPoint"",""coordinates"":[]}",-12.896922700396587,-17.594496743145932,-12.079747777390333,-18.31857203383141
1_1_1_1_1_1_1_2_122_0_1_1_1_1_1_1_1_2_122_0,0.213,0.3027,0.1358,0.2411,0.0509,0.099,0.0795,0.1224,0.08,0.1412,0.326,0.2646,4,4,-0.45641026,-0.4241355,-0.20964749,0.067160234,0.6059113,0.30409068,-0.6078915,-0.36744186,23.10345638192053,72.48762047416393,2122.0,Ahmedabad,5,"{""type"":""MultiPoint"",""coordinates"":[]}",-10.561634938116288,-17.767939691948612,-10.908968667890209,-18.545199981378797
1_1_1_1_1_1_1_2_123_0_1_1_1_1_1_1_1_2_123_0,0.28385,0.2384,0.2112,0.1725,0.04415,0.0434,0.06275,0.0612,0.08435,0.0748,0.202,0.1975,1,5,-0.63791114,-0.5914553,0.16846764,0.09382886,0.41086084,0.45060596,-0.5259679,-0.52686507,23.179633518013866,72.65309014949875,2123.0,Ahmedabad,5,"{""type"":""MultiPoint"",""coordinates"":[]}",-10.31420816023892,-15.166623490302472,-9.391329760227663,-14.124628211732135
1_1_1_1_1_1_1_2_124_0_1_1_1_1_1_1_1_2_124_0,0.1686,0.1986,0.09995,0.1023,0.03995,0.0599,0.0608,0.0858,0.05565,0.0656,0.28705,0.3369,4,4,-0.46992153,-0.39662448,-0.2599583,-0.25826332,0.67522615,0.6740373,-0.650424,-0.5940383,22.9281052384604,72.51654622631258,2124.0,Ahmedabad,5,"{""type"":""MultiPoint"",""coordinates"":[]}",-13.07619382754753,-19.837399324090104,-9.734683933692743,-17.54211384464575
1_1_1_1_1_1_1_2_125_0_1_1_1_1_1_1_1_2_125_0,0.1816,0.2062,0.0992,0.1068,0.0349,0.0425,0.0626,0.0658,0.0463,0.0492,0.3486,0.3484,1,1,-0.4873055,-0.51617646,-0.31497547,-0.256401,0.76551026,0.7525151,-0.6955253,-0.6822791,23.07291366226047,72.4182705342299,2125.0,Ahmedabad,5,"{""type"":""MultiPoint"",""coordinates"":[]}",-10.856204721090142,-18.38009527428845,-8.514146846937976,-14.167590434040198
1_1_1_1_1_1_1_2_126_0_1_1_1_1_1_1_1_2_126_0,0.3345,0.2253,0.32,0.1851,0.1122,0.0925,0.151,0.11,0.1928,0.1366,0.22625,0.1899,7,6,-0.37796086,-0.34387115,0.19304504,0.085260116,0.07982341,0.16324656,-0.19946985,-0.26642215,22.984160112189457,72.52975146098913,2126.0,Ahmedabad,5,"{""type"":""MultiPoint"",""coordinates"":[]}",-13.342231888298798,-18.962169590917902,-9.096776133580498,-17.51547933285512
1_1_1_1_1_1_1_2_127_0_1_1_1_1_1_1_1_2_127_0,0.25415,0.2763,0.1968,0.255,0.0662,0.0898,0.0946,0.1174,0.1028,0.1436,0.24255,0.2264,4,4,-0.45749104,-0.4036068,0.023354137,0.09926397,0.40466192,0.22378379,-0.43882546,-0.3170448,22.91427118308496,72.72800964419432,2127.0,Ahmedabad,5,"{""type"":""MultiPoint"",""coordinates"":[]}",-11.40085911197767,-17.97387779366833,-11.855309012725355,-19.12285168826606
1_1_1_1_1_1_1_2_128_0_1_1_1_1_1_1_1_2_128_0,0.31065,0.2332,0.26745,0.143,0.0746,0.0487,0.1104,0.0766,0.1582,0.0662,0.248,0.3457,4,4,-0.47559673,-0.5054874,0.11214535,-0.19433407,0.22107336,0.67856276,-0.38392857,-0.63722473,22.994670401013657,72.40057372313275,2128.0,Ahmedabad,5,"{""type"":""MultiPoint"",""coordinates"":[]}",-11.22442647346034,-19.24149263840969,-6.534184885562471,-15.680451422063346
1_1_1_1_1_1_1_2_129_0_1_1_1_1_1_1_1_2_129_0,0.27595,0.2053,0.29705,0.2029,0.1339,0.1282,0.1583,0.1522,0.1883,0.1773,0.20735,0.1967,6,6,-0.2709269,-0.14853147,0.14194082,0.021393035,0.048148617,0.051871657,-0.13414468,-0.1275437,22.966014143450245,72.56065350676285,2129.0,Ahmedabad,5,"{""type"":""MultiPoint"",""coordinates"":[]}",-9.520935104458658,-17.091717465417226,-10.326619248890353,-15.853053659204848
1_1_1_1_1_1_1_2_130_0_1_1_1_1_1_1_1_2_130_0,0.1834,0.2415,0.1331,0.1253,0.03655,0.0418,0.058,0.0833,0.0641,0.0472,0.23445,0.5123,4,4,-0.51946974,-0.48706895,-0.122173026,-0.3592465,0.5705912,0.8312779,-0.603351,-0.7202821,23.191581111292656,72.53244640684149,2130.0,Ahmedabad,5,"{""type"":""MultiPoint"",""coordinates"":[]}",-11.476811502448044,-21.74856130236313,-11.687031020009067,-17.706777098597897
1_1_1_1_1_1_1_2_131_0_1_1_1_1_1_1_1_2_131_0,0.30365,0.2133,0.2701,0.1431,0.095,0.0539,0.1226,0.0768,0.1616,0.0851,0.2236,0.2501,6,6,-0.42475075,-0.4705274,0.1518255,-0.079413034,0.16095535,0.49224344,-0.29173887,-0.5301315,22.988561857081645,72.7233384047169,2131.0,Ahmedabad,5,"{""type"":""MultiPoint"",""coordinates"":[]}",-9.89331707168787,-17.920144903779217,-12.400714186393198,-17.550067109547243
1_1_1_1_1_1_1_2_132_0_1_1_1_1_1_1_1_2_132_0,0.27685,0.2627,0.2103,0.1762,0.06305,0.064,0.0884,0.0916,0.104,0.093,0.29485,0.3112,4,6,-0.515948,-0.48292407,-0.031485043,-0.0845095,0.4785007,0.53983176,-0.53868234,-0.5451837,23.194006562559775,72.72800964419432,2132.0,Ahmedabad,5,"{""type"":""MultiPoint"",""coordinates"":[]}",-10.759852250184451,-17.229521971356938,-11.420789797410157,-17.808161897866874
1_1_1_1_1_1_1_2_133_0_1_1_1_1_1_1_1_2_133_0,0.32095,0.3566,0.27435,0.3024,0.1126,0.113,0.1464,0.1592,0.1961,0.196,0.29335,0.3246,4,6,-0.3734888,-0.38270646,0.044929188,0.046975926,0.19869241,0.24702267,-0.33416715,-0.3418768,22.974637970177792,72.74399965625165,2133.0,Ahmedabad,5,"{""type"":""MultiPoint"",""coordinates"":[]}",-12.960684245192121,-18.552019774201018,-11.592187089540314,-19.56013533964957
1_1_1_1_1_1_1_2_134_0_1_1_1_1_1_1_1_2_134_0,0.26425,0.2352,0.20915,0.1568,0.05865,0.0517,0.08735,0.0786,0.1009,0.072,0.2428,0.2633,4,4,-0.5031285,-0.49904397,0.04230352,-0.056369107,0.41286007,0.5705339,-0.4708466,-0.54021645,23.175411436178504,72.36814454137603,2134.0,Ahmedabad,5,"{""type"":""MultiPoint"",""coordinates"":[]}",-11.028507467824628,-17.659416395120456,-9.044411605721102,-15.327908166905711
1_1_1_1_1_1_1_2_135_0_1_1_1_1_1_1_1_2_135_0,0.2988,0.2272,0.25365,0.1409,0.0869,0.0366,0.119,0.0678,0.16725,0.0592,0.271,0.2988,4,4,-0.43034944,-0.540339,0.04878905,-0.13612168,0.23673703,0.66927373,-0.3897436,-0.63011456,23.134268596165832,72.44198605773066,2135.0,Ahmedabad,5,"{""type"":""MultiPoint"",""coordinates"":[]}",-11.525262549581747,-19.363804344652962,-9.83632775230156,-16.08396929446547
1_1_1_1_1_1_1_2_136_0_1_1_1_1_1_1_1_2_136_0,0.023,0.0226,0.02065,0.018,0.02135,0.0231,0.0289,0.0331,0.0215,0.0218,0.0193,0.0138,0,0,0.113680154,0.18850988,0.08747045,0.24175824,-0.05392157,-0.2247191,0.19917013,0.41151386,23.02790806652608,72.57430789908146,2136.0,Ahmedabad,5,"{""type"":""MultiPoint"",""coordinates"":[]}",-21.284267245897183,-25.890983372763124,-19.668158797094435,-27.517356587427614
1_1_1_1_1_1_1_2_137_0_1_1_1_1_1_1_1_2_137_0,0.2114,0.2634,0.1371,0.2147,0.039,0.0632,0.068,0.097,0.05425,0.1062,0.3274,0.2929,4,4,-0.51324266,-0.4617092,-0.21529324,-0.05302894,0.71570814,0.46780255,-0.6560445,-0.5024365,23.115224312142495,72.74399965625165,2137.0,Ahmedabad,5,"{""type"":""MultiPoint"",""coordinates"":[]}",-10.417208449529644,-18.049373512858253,-12.517701757483664,-18.977160603801046
1_1_1_1_1_1_1_2_138_0_1_1_1_1_1_1_1_2_138_0,0.2688,0.3344,0.2621,0.3274,0.1691,0.267,0.1978,0.3038,0.2233,0.3308,0.24235,0.3239,6,6,-0.1521646,-0.04794735,0.051746063,0.015950175,0.040910557,-0.010539178,-0.1012155,-0.032021668,23.10435469720465,72.47720001686814,2138.0,Ahmedabad,5,"{""type"":""MultiPoint"",""coordinates"":[]}",-6.2200288462927125,-11.252017189682213,-6.271851796432747,-9.544890120131843
1_1_1_1_1_1_1_2_139_0_1_1_1_1_1_1_1_2_139_0,0.15725,0.2397,0.0971,0.1977,0.04005,0.0758,0.06365,0.0978,0.0529,0.1192,0.16005,0.18,4,6,-0.42372113,-0.42044446,-0.0088244565,0.14224446,0.5031698,0.20320855,-0.43093428,-0.29589632,23.11055307266508,72.44818443319109,2139.0,Ahmedabad,5,"{""type"":""MultiPoint"",""coordinates"":[]}",-10.956830062820524,-16.87936288286845,-10.957093398546746,-17.4986272450425
1_1_1_1_1_1_1_2_140_0_1_1_1_1_1_1_1_2_140_0,0.2161,0.2246,0.146,0.1684,0.06875,0.0828,0.1024,0.1022,0.0957,0.1054,0.2515,0.2641,3,4,-0.35698587,-0.374541,-0.07570573,-0.080826685,0.44873273,0.42949933,-0.42130545,-0.44198745,23.1475636623708,72.40075338618958,2140.0,Ahmedabad,5,"{""type"":""MultiPoint"",""coordinates"":[]}",-15.634108466854894,-24.325751085811163,-14.808639117375979,-23.779530346434534
1_1_1_1_1_1_1_2_141_0_1_1_1_1_1_1_1_2_141_0,0.1763,0.1328,0.09785,0.0797,0.0351,0.0389,0.06895,0.0666,0.05015,0.0507,0.30105,0.225,4,4,-0.4377166,-0.331996,-0.26133865,-0.25768587,0.71440774,0.63220894,-0.6272973,-0.54320985,23.05386937823713,72.36509026941003,2141.0,Ahmedabad,5,"{""type"":""MultiPoint"",""coordinates"":[]}",-11.646068184214212,-18.844642832718325,-12.189487625665066,-19.156204768731133
1_1_1_1_1_1_1_2_142_0_1_1_1_1_1_1_1_2_142_0,0.37455,0.2811,0.3199,0.2196,0.0955,0.071,0.1384,0.107,0.1959,0.126,0.29785,0.2762,4,4,-0.46037626,-0.44859573,0.11406901,0.008792392,0.20648101,0.37344605,-0.36550143,-0.4415449,23.137233036603423,72.3656292585805,2142.0,Ahmedabad,5,"{""type"":""MultiPoint"",""coordinates"":[]}",-13.591574573793682,-23.550577051016802,-10.745291993320716,-19.43143680160451
1_1_1_1_1_1_1_2_143_0_1_1_1_1_1_1_1_2_143_0,0.316,0.2844,0.2489,0.2093,0.0743,0.0833,0.1106,0.1132,0.1393,0.141,0.28955,0.2971,4,4,-0.4814815,-0.4305835,0.0436793,-0.02184007,0.3503556,0.35631135,-0.4472073,-0.44820863,23.064020340947685,72.39374652697344,2143.0,Ahmedabad,5,"{""type"":""MultiPoint"",""coordinates"":[]}",-11.719657705268355,-18.554377302142,-10.650086337718811,-17.711038630290297
1_1_1_1_1_1_1_2_144_0_1_1_1_1_1_1_1_2_144_0,0.2604,0.2543,0.24205,0.2304,0.1676,0.2272,0.1961,0.2632,0.23195,0.2924,0.2651,0.3312,6,6,-0.14085433,0.017198067,-0.008943863,-0.13134073,0.06669349,0.06221937,-0.14960971,-0.11440108,23.06932040112399,72.54394484247823,2144.0,Ahmedabad,5,"{""type"":""MultiPoint"",""coordinates"":[]}",-7.154841718235794,-13.473965923909889,-5.154154343629116,-11.240982123142997
1_1_1_1_1_1_1_2_145_0_1_1_1_1_1_1_1_2_145_0,0.2626,0.304,0.2537,0.2835,0.1267,0.2144,0.1479,0.2566,0.18,0.2856,0.20405,0.3065,6,6,-0.27941534,-0.084552266,0.12546876,-0.004095004,0.062622055,0.03529809,-0.15953971,-0.08861659,23.03805902923663,72.63000344669688,2145.0,Ahmedabad,5,"{""type"":""MultiPoint"",""coordinates"":[]}",-0.6686137862598609,-17.14797621378511,-1.8824732920862335,-17.959710570056153
1_1_1_1_1_1_1_2_146_0_1_1_1_1_1_1_1_2_146_0,0.2438,0.2632,0.163,0.1974,0.04435,0.0674,0.0699,0.0935,0.06675,0.1217,0.35205,0.3124,4,4,-0.5543513,-0.47574994,-0.18167324,-0.085476026,0.6812321,0.4392997,-0.66868114,-0.5392954,23.14388056970591,72.35475964364265,2146.0,Ahmedabad,5,"{""type"":""MultiPoint"",""coordinates"":[]}",-9.089984673039378,-16.77783913294469,-10.865675134105757,-18.304902090407175
1_1_1_1_1_1_1_2_147_0_1_1_1_1_1_1_1_2_147_0,0.2836,0.2864,0.26755,0.2762,0.1674,0.1844,0.1864,0.2004,0.2255,0.2421,0.27945,0.277,6,6,-0.2068085,-0.17666392,0.007370571,0.016684417,0.106842265,0.067231745,-0.1997424,-0.16045246,23.073183156845705,72.53738714090414,2147.0,Ahmedabad,5,"{""type"":""MultiPoint"",""coordinates"":[]}",-9.896674137050509,-12.056300224096024,-7.10701189028116,-13.060698009913096
1_1_1_1_1_1_1_2_148_0_1_1_1_1_1_1_1_2_148_0,0.23525,0.2126,0.14955,0.126,0.0346,0.0431,0.0587,0.0732,0.06865,0.0744,0.2375,0.2592,1,1,-0.60061234,-0.48775366,-0.0047593866,-0.09877066,0.551527,0.5539568,-0.60364616,-0.5595668,23.11055307266508,72.71534339868823,2148.0,Ahmedabad,5,"{""type"":""MultiPoint"",""coordinates"":[]}",-10.93033632335367,-16.198965799991708,-9.119856251766741,-15.502386775453164
1_1_1_1_1_1_1_2_149_0_1_1_1_1_1_1_1_2_149_0,0.30655,0.2963,0.24555,0.2328,0.0582,0.058,0.0914,0.0812,0.12,0.1158,0.25755,0.2453,4,4,-0.54064584,-0.56980133,0.08686403,0.09416544,0.3643226,0.35862643,-0.4761427,-0.50260335,23.1227701605291,72.59065723725244,2149.0,Ahmedabad,5,"{""type"":""MultiPoint"",""coordinates"":[]}",-10.907510569881428,-16.556208251904046,-9.865310796963664,-16.401258391433437
1_1_1_1_1_1_1_2_150_0_1_1_1_1_1_1_1_2_150_0,0.36305,0.3686,0.306,0.312,0.07565,0.0864,0.1177,0.1212,0.1469,0.1534,0.3534,0.356,4,4,-0.51034844,-0.5051041,0.0134691885,0.017388904,0.41275236,0.3977228,-0.5003184,-0.49203688,23.128519378347463,72.74301150943911,2150.0,Ahmedabad,5,"{""type"":""MultiPoint"",""coordinates"":[]}",-11.16639033784665,-15.33053938879441,-10.51265532964237,-17.13609846081216
1_1_1_1_1_1_1_2_151_0_1_1_1_1_1_1_1_2_151_0,0.27165,0.2294,0.2354,0.164,0.0695,0.0562,0.0981,0.0814,0.1309,0.0897,0.2236,0.2414,4,4,-0.4693712,-0.47619048,0.09702171,-0.02548853,0.26149505,0.45816973,-0.39011502,-0.49566296,23.17972334954228,72.37218696015456,2151.0,Ahmedabad,5,"{""type"":""MultiPoint"",""coordinates"":[]}",-11.243423674665285,-17.577792882103573,-12.290045945740436,-20.26015826200051
1_1_1_1_1_1_1_2_152_0_1_1_1_1_1_1_1_2_152_0,0.19335,0.2524,0.1258,0.1591,0.03375,0.0468,0.0622,0.0732,0.05325,0.0784,0.30165,0.2898,4,1,-0.5132068,-0.55036855,-0.21878788,-0.068978235,0.69991547,0.5741445,-0.65810084,-0.59669423,23.09007148418715,72.43497919851453,2152.0,Ahmedabad,5,"{""type"":""MultiPoint"",""coordinates"":[]}",-9.820970006211724,-17.59470787321976,-7.984210959321231,-15.398753993246507
1_1_1_1_1_1_1_2_153_0_1_1_1_1_1_1_1_2_153_0,0.23385,0.2719,0.1469,0.2146,0.03555,0.0692,0.0645,0.0987,0.0622,0.1292,0.34415,0.2805,4,4,-0.56762195,-0.46735024,-0.19083045,-0.015568429,0.69386,0.3692946,-0.68432647,-0.47943038,23.180082675655925,72.73968774288787,2153.0,Ahmedabad,5,"{""type"":""MultiPoint"",""coordinates"":[]}",-9.554532693903825,-16.706966164363955,-8.504287261800808,-14.683240760374012
1_1_1_1_1_1_1_2_154_0_1_1_1_1_1_1_1_2_154_0,0.2054,0.2285,0.1887,0.1997,0.08245,0.1146,0.10075,0.1304,0.1258,0.1478,0.16315,0.1857,6,6,-0.3418259,-0.2733352,0.11463845,0.10333172,0.12926112,0.11364318,-0.2364532,-0.17494464,22.99161612904765,72.58742330222961,2154.0,Ahmedabad,5,"{""type"":""MultiPoint"",""coordinates"":[]}",-0.050221896957537766,-12.96440408189423,1.271418591645751,-11.478284563547614
1_1_1_1_1_1_1_2_155_0_1_1_1_1_1_1_1_2_155_0,0.314,0.3448,0.3208,0.3513,0.1799,0.2416,0.2197,0.274,0.2452,0.2984,0.2726,0.3419,6,6,-0.17669103,-0.114415,0.0705762,0.004223096,0.052916184,0.067936905,-0.10745481,-0.11024517,22.911127079590543,72.54412450553505,2155.0,Ahmedabad,5,"{""type"":""MultiPoint"",""coordinates"":[]}",-7.093300255094283,-11.775060372507703,-3.2456816928023065,-13.421176151986058
1_1_1_1_1_1_1_2_156_0_1_1_1_1_1_1_1_2_156_0,0.2653,0.2727,0.2219,0.218,0.1102,0.1444,0.1472,0.1706,0.1639,0.1896,0.2628,0.2863,6,6,-0.28630304,-0.23031807,0.0047339518,-0.02432916,0.23177877,0.20319395,-0.28195122,-0.25322828,23.052162579197308,72.52166662343205,2156.0,Ahmedabad,5,"{""type"":""MultiPoint"",""coordinates"":[]}",-6.100227307174506,-13.40931911710103,-6.2503161623563255,-14.212062557331768
1_1_1_1_1_1_1_2_157_0_1_1_1_1_1_1_1_2_157_0,0.22915,0.2688,0.1536,0.1956,0.05535,0.075,0.08815,0.1004,0.1001,0.1198,0.26565,0.2674,6,6,-0.4443744,-0.45612136,-0.07376718,0.002610966,0.4526316,0.38119835,-0.5016959,-0.4540511,23.106420822358125,72.48501535983998,2157.0,Ahmedabad,5,"{""type"":""MultiPoint"",""coordinates"":[]}",-10.070106878978496,-16.01988613754747,-10.324525210218841,-16.637170897528282
1_1_1_1_1_1_1_2_158_0_1_1_1_1_1_1_1_2_158_0,0.199,0.2778,0.1251,0.239,0.0355,0.0548,0.06345,0.0842,0.0586,0.1092,0.2932,0.216,4,4,-0.5164793,-0.5348066,-0.19138561,0.12515189,0.66685617,0.32841328,-0.644189,-0.43904063,23.18169964316734,72.71489424104617,2158.0,Ahmedabad,5,"{""type"":""MultiPoint"",""coordinates"":[]}",-11.842368414416104,-17.478548005720484,-10.142231251730522,-18.384478436423244
1_1_1_1_1_1_1_2_159_0_1_1_1_1_1_1_1_2_159_0,0.28725,0.2851,0.25575,0.266,0.1641,0.2386,0.1982,0.2556,0.2384,0.2942,0.2785,0.3201,6,6,-0.18343805,-0.054558907,0.0154661955,-0.05783212,0.07757787,0.04216181,-0.16844976,-0.11203752,23.0799205214766,72.67994977649391,2159.0,Ahmedabad,5,"{""type"":""MultiPoint"",""coordinates"":[]}",-5.763546248818207,-15.054468830523707,-6.915559192317424,-15.852876225586275
1_1_1_1_1_1_1_2_160_0_1_1_1_1_1_1_1_2_160_0,0.2455,0.3055,0.1856,0.2303,0.04895,0.0652,0.0752,0.091,0.08595,0.1152,0.2747,0.2614,4,4,-0.5310259,-0.5409836,-0.056132257,0.0777915,0.5233606,0.3882103,-0.5701629,-0.48354143,23.082435804272134,72.71139081143811,2160.0,Ahmedabad,5,"{""type"":""MultiPoint"",""coordinates"":[]}",-12.635164678083438,-19.969003792818576,-12.403597281970683,-17.76124076034059
1_1_1_1_1_1_1_2_161_0_1_1_1_1_1_1_1_2_161_0,0.23605,0.2235,0.17465,0.1475,0.0598,0.067,0.0805,0.086,0.0798,0.101,0.26355,0.2787,4,4,-0.49139157,-0.44426495,-0.055044036,-0.10991637,0.5351682,0.46800107,-0.53204477,-0.5283795,23.126183758608757,72.39329736933138,2161.0,Ahmedabad,5,"{""type"":""MultiPoint"",""coordinates"":[]}",-10.99099777547598,-18.82430641690798,-10.833225451494005,-19.21783524464793
1_1_1_1_1_1_1_2_162_0_1_1_1_1_1_1_1_2_162_0,0.26995,0.2704,0.2305,0.2079,0.06075,0.0618,0.0929,0.092,0.1274,0.0999,0.23015,0.269,4,6,-0.48794267,-0.49227372,0.079584084,0.0025954763,0.2873724,0.45838982,-0.42485684,-0.4903047,23.18394543137764,72.67869213509616,2162.0,Ahmedabad,5,"{""type"":""MultiPoint"",""coordinates"":[]}",-10.858330968009458,-18.88064838637399,-10.67795766482897,-17.67182657570889
1_1_1_1_1_1_1_2_163_0_1_1_1_1_1_1_1_2_163_0,0.2697,0.3438,0.2298,0.3182,0.123,0.1478,0.1545,0.2004,0.1943,0.2318,0.26885,0.3008,6,6,-0.27157003,-0.26350605,0.0015783121,0.066708036,0.16096297,0.12955314,-0.27010748,-0.20031923,23.167236767093016,72.53343455365402,2163.0,Ahmedabad,5,"{""type"":""MultiPoint"",""coordinates"":[]}",-9.828705875541743,-16.126080039763394,-8.634544585785886,-17.958088531428004
1_1_1_1_1_1_1_2_164_0_1_1_1_1_1_1_1_2_164_0,0.32355,0.2103,0.29145,0.1499,0.08195,0.0514,0.1182,0.0904,0.1635,0.0827,0.2349,0.2956,4,4,-0.4648557,-0.39873627,0.15874295,-0.1686104,0.17921686,0.56278086,-0.3305013,-0.5316062,23.140736466211493,72.38045146076847,2164.0,Ahmedabad,5,"{""type"":""MultiPoint"",""coordinates"":[]}",-12.35164604845032,-23.060180104750103,-12.080773773512426,-20.417495747687518
1_1_1_1_1_1_1_2_165_0_1_1_1_1_1_1_1_2_165_0,0.24115,0.2493,0.1586,0.1689,0.0404,0.0436,0.0632,0.0566,0.0662,0.0783,0.2677,0.1794,4,1,-0.58468866,-0.62994444,-0.052176476,0.16305108,0.6034741,0.39231664,-0.6180115,-0.520339,23.07641709186853,72.45007089528774,2165.0,Ahmedabad,5,"{""type"":""MultiPoint"",""coordinates"":[]}",-10.836900606618277,-15.768175504428138,-10.318592398019357,-16.347070362680128
1_1_1_1_1_1_1_2_166_0_1_1_1_1_1_1_1_2_166_0,0.18935,0.2202,0.10375,0.1501,0.0233,0.0435,0.0593,0.0746,0.036,0.0708,0.3638,0.3091,4,4,-0.5230243,-0.49389416,-0.31537557,-0.16795768,0.81990993,0.62727034,-0.719688,-0.61115456,23.19050313295171,72.7189366598247,2166.0,Ahmedabad,5,"{""type"":""MultiPoint"",""coordinates"":[]}",-12.281972242746392,-19.606783078796187,-13.256205323314148,-18.403229282696337
1_1_1_1_1_1_1_2_167_0_1_1_1_1_1_1_1_2_167_0,0.22935,0.2212,0.18755,0.1614,0.0706,0.078,0.0907,0.1028,0.1099,0.1102,0.23085,0.2683,6,6,-0.43321356,-0.3654321,-0.0032594525,-0.096220635,0.3549523,0.41770145,-0.43585756,-0.44597143,23.120704035375628,72.46309646690747,2167.0,Ahmedabad,5,"{""type"":""MultiPoint"",""coordinates"":[]}",-9.16623664353385,-15.092257855175585,-8.586150725158756,-14.287328889142618
1_1_1_1_1_1_1_2_168_0_1_1_1_1_1_1_1_2_168_0,0.23215,0.2381,0.21975,0.2108,0.08065,0.0846,0.106,0.108,0.1295,0.1208,0.18725,0.2008,6,6,-0.3730593,-0.37590292,0.1070577,0.08498519,0.18232045,0.24875621,-0.27706736,-0.30051813,23.00239591245709,72.58230290511013,2168.0,Ahmedabad,5,"{""type"":""MultiPoint"",""coordinates"":[]}",-9.366879701633254,-16.203843738686423,-8.251775415863081,-16.284263869435033
1_1_1_1_1_1_1_2_169_0_1_1_1_1_1_1_1_2_169_0,0.218,0.1909,0.16555,0.1336,0.04715,0.0534,0.0719,0.0715,0.09515,0.0822,0.2079,0.2184,6,6,-0.50396687,-0.4550305,0.023714487,-0.06718788,0.37205082,0.45309383,-0.48606148,-0.50672644,22.980836345638217,72.62578136486151,2169.0,Ahmedabad,5,"{""type"":""MultiPoint"",""coordinates"":[]}",-8.94846694681823,-15.655427638639626,-8.805241433800656,-15.274547104290772
1_1_1_1_1_1_1_2_170_0_1_1_1_1_1_1_1_2_170_0,0.12185,0.1306,0.10095,0.1051,0.06015,0.0556,0.0756,0.0654,0.0805,0.071,0.10635,0.1174,7,0,-0.23423651,-0.33265308,0.067922875,0.053225808,0.13834627,0.2462845,-0.16900247,-0.28446388,22.95011396292133,72.5204089820343,2170.0,Ahmedabad,5,"{""type"":""MultiPoint"",""coordinates"":[]}",-16.05556675691162,-23.493545062032258,-16.237000935841163,-22.670190000761977
1_1_1_1_1_1_1_2_171_0_1_1_1_1_1_1_1_2_171_0,0.10695,0.1103,0.0635,0.0679,0.0344,0.0364,0.05995,0.0639,0.04705,0.0446,0.21025,0.216,4,4,-0.28160575,-0.2663605,-0.32566205,-0.32393503,0.6342791,0.657713,-0.5562546,-0.54340833,22.92541029260804,72.37236662321139,2171.0,Ahmedabad,5,"{""type"":""MultiPoint"",""coordinates"":[]}",-10.022374166401114,-16.928193365641455,-9.933100075132261,-16.224920554384084
1_1_1_1_1_1_1_2_172_0_1_1_1_1_1_1_1_2_172_0,0.27765,0.2666,0.2454,0.2372,0.0892,0.113,0.1115,0.1356,0.1386,0.162,0.21465,0.2225,6,6,-0.42695618,-0.3257086,0.12797076,0.09016561,0.21528663,0.1573472,-0.31626552,-0.24266964,22.920918716187444,72.54331602177933,2172.0,Ahmedabad,5,"{""type"":""MultiPoint"",""coordinates"":[]}",-10.655893669991269,-15.70956706147437,-9.623807880151316,-14.779202423924607
1_1_1_1_1_1_1_2_173_0_1_1_1_1_1_1_1_2_173_0,0.1345,0.1132,0.0723,0.0645,0.03465,0.0374,0.0611,0.059,0.04535,0.041,0.24985,0.1981,4,1,-0.3752556,-0.31475028,-0.30011708,-0.27272728,0.6927507,0.6570473,-0.6070108,-0.54103464,22.945712218029144,72.36284448119973,2173.0,Ahmedabad,5,"{""type"":""MultiPoint"",""coordinates"":[]}",-11.867015696264769,-19.22756078667595,-10.060223713584353,-17.351705962013448
1_1_1_1_1_1_1_2_174_0_1_1_1_1_1_1_1_2_174_0,0.25875,0.2842,0.2152,0.2191,0.1053,0.1076,0.1211,0.1218,0.147,0.147,0.20035,0.2245,6,6,-0.36237988,-0.4,0.1272054,0.11735797,0.15359148,0.20861372,-0.24653912,-0.29656368,23.096808848818046,72.4828594031581,2174.0,Ahmedabad,5,"{""type"":""MultiPoint"",""coordinates"":[]}",-8.819034862054412,-15.103265967423194,-6.500509317551982,-14.947000748422662
1_1_1_1_1_1_1_2_175_0_1_1_1_1_1_1_1_2_175_0,0.2966,0.3162,0.2448,0.2626,0.0882,0.1068,0.1312,0.163,0.1586,0.2128,0.3215,0.3042,6,7,-0.38662925,-0.3196995,-0.040284745,0.01934236,0.3393043,0.17678916,-0.42036667,-0.30222604,23.012816369752876,72.57287059462688,2175.0,Ahmedabad,5,"{""type"":""MultiPoint"",""coordinates"":[]}",-10.005151460526498,-22.00092880066972,-10.90253436772701,-19.552937448472463
1_1_1_1_1_1_1_2_176_0_1_1_1_1_1_1_1_2_176_0,0.1999,0.2646,0.13085,0.2247,0.03785,0.0991,0.06545,0.1306,0.0671,0.152,0.26685,0.2244,4,6,-0.50668925,-0.33906883,-0.14343867,0.08220859,0.59814346,0.19234857,-0.60607886,-0.26422536,23.06384067789086,72.48762047416393,2176.0,Ahmedabad,5,"{""type"":""MultiPoint"",""coordinates"":[]}",-10.129538627359668,-16.923032930739588,-7.478261644391944,-15.215188174614077
1_1_1_1_1_1_1_2_177_0_1_1_1_1_1_1_1_2_177_0,0.162,0.2258,0.10605,0.2005,0.05355,0.1012,0.08415,0.1268,0.08345,0.159,0.20395,0.2229,4,6,-0.31627056,-0.2807714,-0.11463314,0.0064631156,0.41927627,0.1673213,-0.41582784,-0.27480698,22.904299883431232,72.45429297712309,2177.0,Ahmedabad,5,"{""type"":""MultiPoint"",""coordinates"":[]}",-10.506257459374513,-18.298914191992857,-8.379648364286037,-15.39501811604595
1_1_1_1_1_1_1_2_178_0_1_1_1_1_1_1_1_2_178_0,0.3048,0.3184,0.2914,0.3039,0.1158,0.1404,0.1458,0.1666,0.174,0.1914,0.22305,0.2499,6,6,-0.35286283,-0.31298968,0.15487355,0.12053493,0.12353608,0.13256288,-0.20943473,-0.2,22.99017882459306,72.48564418053887,2178.0,Ahmedabad,5,"{""type"":""MultiPoint"",""coordinates"":[]}",-5.890587539810291,-17.80253357683553,-4.595124706922895,-18.63720547563868
1_1_1_1_1_1_1_2_179_0_1_1_1_1_1_1_1_2_179_0,0.16515,0.1819,0.1153,0.1241,0.04035,0.0479,0.0572,0.0634,0.06075,0.0636,0.18655,0.2125,4,4,-0.48549584,-0.48308194,-0.060847312,-0.077586204,0.5086939,0.53929734,-0.53066665,-0.5404132,22.94930547916562,72.49840025757337,2179.0,Ahmedabad,5,"{""type"":""MultiPoint"",""coordinates"":[]}",-11.897125406350508,-18.57840466430435,-10.685218518539656,-17.813126401251125
1_1_1_1_1_1_1_2_180_0_1_1_1_1_1_1_1_2_180_0,0.22195,0.2609,0.1493,0.2495,0.0531,0.1012,0.07645,0.129,0.08485,0.1562,0.2441,0.1773,4,6,-0.48760054,-0.33829188,-0.04752709,0.19078046,0.48411614,0.06326836,-0.52300733,-0.15768854,22.941579967722195,72.63566283298682,2180.0,Ahmedabad,5,"{""type"":""MultiPoint"",""coordinates"":[]}",-11.596808066601522,-17.4526368924388,-3.983780573846455,-10.323655901103606
1_1_1_1_1_1_1_2_181_0_1_1_1_1_1_1_1_2_181_0,0.2318,0.3614,0.161,0.2889,0.0485,0.1104,0.07855,0.145,0.08015,0.1902,0.27655,0.2976,4,6,-0.49379733,-0.42733017,-0.0880299,0.09681335,0.55060273,0.2201722,-0.5575894,-0.34478083,23.15124675503569,72.4587845535437,2181.0,Ahmedabad,5,"{""type"":""MultiPoint"",""coordinates"":[]}",-14.00193124782919,-19.842745305413814,-12.193218281504699,-19.992128767294552
1_1_1_1_1_1_1_2_182_0_1_1_1_1_1_1_1_2_182_0,0.2685,0.2267,0.1967,0.1475,0.05585,0.0484,0.082,0.071,0.1152,0.0836,0.2296,0.2453,6,6,-0.532097,-0.5230097,0.07809677,-0.03940678,0.33178654,0.4916388,-0.47368422,-0.5510591,23.044796393867525,72.49597480630624,2182.0,Ahmedabad,5,"{""type"":""MultiPoint"",""coordinates"":[]}",-10.982519215393202,-16.95873481695076,-10.353361630615616,-17.005966987489117
1_1_1_1_1_1_1_2_183_0_1_1_1_1_1_1_1_2_183_0,0.3273,0.2158,0.242,0.1294,0.07835,0.0495,0.1141,0.0839,0.1409,0.0698,0.2455,0.305,4,4,-0.48300862,-0.44010678,0.14280726,-0.17127496,0.27070394,0.6275347,-0.365406,-0.5685266,22.995029727127307,72.4287808230541,2183.0,Ahmedabad,5,"{""type"":""MultiPoint"",""coordinates"":[]}",-13.41544725640648,-19.47286435277393,-10.779655499862594,-17.593737593656947
1_1_1_1_1_1_1_2_184_0_1_1_1_1_1_1_1_2_184_0,0.3189,0.3507,0.2906,0.3001,0.0801,0.1062,0.1145,0.1452,0.1708,0.2036,0.25455,0.3144,6,6,-0.47161976,-0.41439807,0.112215534,0.05457826,0.19689667,0.21389961,-0.37948787,-0.3681462,23.06842208583987,72.45564045004927,2184.0,Ahmedabad,5,"{""type"":""MultiPoint"",""coordinates"":[]}",-13.656691874511356,-21.741356383316685,-15.024494720693587,-22.600539817858873
1_1_1_1_1_1_1_2_185_0_1_1_1_1_1_1_1_2_185_0,0.2143,0.1796,0.19155,0.1379,0.1079,0.0744,0.1334,0.0966,0.1611,0.1042,0.2002,0.1942,6,6,-0.23267184,-0.3005069,0.03401689,-0.03905832,0.10822032,0.3016086,-0.2002398,-0.33562586,23.193287910332483,72.63063226739575,2185.0,Ahmedabad,5,"{""type"":""MultiPoint"",""coordinates"":[]}",-8.243586058761181,-17.978680940610097,-7.836466210156739,-17.263321609289342
1_1_1_1_1_1_1_2_186_0_1_1_1_1_1_1_1_2_186_0,0.3273,0.2812,0.26185,0.2214,0.1047,0.0844,0.1472,0.125,0.2023,0.1516,0.3039,0.2972,6,6,-0.37955743,-0.38453963,0.037072245,-0.027662518,0.20071118,0.3244207,-0.3473731,-0.40786356,23.19966594884973,72.65434779089651,2186.0,Ahmedabad,5,"{""type"":""MultiPoint"",""coordinates"":[]}",-10.561910322382719,-17.215702958170333,-9.297752119424892,-15.88334126557205
1_1_1_1_1_1_1_2_187_0_1_1_1_1_1_1_1_2_187_0,0.2806,0.2646,0.20985,0.1852,0.0659,0.0582,0.09685,0.0894,0.1147,0.0964,0.31115,0.311,4,1,-0.48681945,-0.49491525,-0.051626533,-0.080611534,0.46131268,0.52675503,-0.5252451,-0.55344653,23.036531893253628,72.74085555275722,2187.0,Ahmedabad,5,"{""type"":""MultiPoint"",""coordinates"":[]}",-9.566074190797234,-13.022130513110916,-8.422851751590585,-13.239194804841382
1_1_1_1_1_1_1_2_188_0_1_1_1_1_1_1_1_2_188_0,0.13265,0.0757,0.074,0.0528,0.0362,0.057,0.06205,0.0783,0.04405,0.077,0.205,0.1517,4,4,-0.36260915,0.016883116,-0.21427514,-0.33421284,0.6462558,0.32662877,-0.53529304,-0.31913042,23.00562984747992,72.37676836810358,2188.0,Ahmedabad,5,"{""type"":""MultiPoint"",""coordinates"":[]}",-10.981852307991016,-17.77467960786684,-10.937594804382922,-19.211221280735415
1_1_1_1_1_1_1_2_189_0_1_1_1_1_1_1_1_2_189_0,0.1622,0.1487,0.09825,0.0819,0.0379,0.0388,0.0597,0.0604,0.05525,0.0492,0.24235,0.2575,1,1,-0.46191978,-0.42228597,-0.19812137,-0.26784834,0.62869626,0.6791653,-0.6047012,-0.62000626,23.09626985964757,72.74328100402434,2189.0,Ahmedabad,5,"{""type"":""MultiPoint"",""coordinates"":[]}",-9.1971212271163,-13.840097809442625,-7.579910063466688,-13.00175034556451
1_1_1_1_1_1_1_2_190_0_1_1_1_1_1_1_1_2_190_0,0.15055,0.2976,0.10605,0.221,0.0661,0.0676,0.09285,0.0972,0.105,0.1144,0.2004,0.2758,4,6,-0.23705834,-0.50759876,-0.14204302,0.038018834,0.3123772,0.41363403,-0.3667519,-0.47882038,22.900976116879992,72.47621187005561,2190.0,Ahmedabad,5,"{""type"":""MultiPoint"",""coordinates"":[]}",-11.156635129672901,-17.161521628316244,-10.06012985947935,-16.138387441259212
1_1_1_1_1_1_1_2_191_0_1_1_1_1_1_1_1_2_191_0,0.29365,0.2547,0.23885,0.1855,0.0587,0.086,0.0877,0.1056,0.11795,0.1266,0.2321,0.2345,4,6,-0.5400551,-0.41382182,0.11707085,0.041291904,0.32609627,0.2988092,-0.4515322,-0.37900618,23.19355740491772,72.54331602177933,2191.0,Ahmedabad,5,"{""type"":""MultiPoint"",""coordinates"":[]}",-11.363933530443253,-17.311885535455907,-6.570904786022072,-13.89531875949612
1_1_1_1_1_1_1_2_192_0_1_1_1_1_1_1_1_2_192_0,0.23175,0.2278,0.1737,0.1746,0.04975,0.0528,0.0747,0.0764,0.1036,0.0841,0.19865,0.22,6,6,-0.51248163,-0.49769887,0.076905206,0.01741849,0.31447476,0.44689247,-0.45344797,-0.48448044,23.093574913795216,72.57466722519511,2192.0,Ahmedabad,5,"{""type"":""MultiPoint"",""coordinates"":[]}",-7.067872134028245,-16.811748081195454,-5.273891027080658,-14.652696925336887
1_1_1_1_1_1_1_2_193_0_1_1_1_1_1_1_1_2_193_0,0.21825,0.3928,0.12565,0.3499,0.03415,0.108,0.0612,0.1528,0.0547,0.213,0.3204,0.3043,1,4,-0.56199676,-0.4398827,-0.18964078,0.12695453,0.70834446,0.17649333,-0.6792453,-0.33143732,23.19032346989489,72.57062480641657,2193.0,Ahmedabad,5,"{""type"":""MultiPoint"",""coordinates"":[]}",-10.432487879718678,-13.938661163586275,-16.352958757310923,-23.184140774177408
1_1_1_1_1_1_1_2_194_0_1_1_1_1_1_1_1_2_194_0,0.2117,0.2249,0.156,0.1635,0.0467,0.0647,0.0752,0.0904,0.0778,0.0954,0.24795,0.2618,4,4,-0.47577554,-0.42657787,-0.07886435,-0.07581673,0.5223331,0.46584547,-0.5345815,-0.4866553,23.19903712815085,72.36140717674513,2194.0,Ahmedabad,5,"{""type"":""MultiPoint"",""coordinates"":[]}",-11.345475322482821,-17.86904987216041,-11.245914963697945,-17.85191945871137
1_1_1_1_1_1_1_2_195_0_1_1_1_1_1_1_1_2_195_0,0.2451,0.2384,0.16205,0.1529,0.0702,0.059,0.1059,0.1007,0.1095,0.0905,0.3232,0.3708,4,4,-0.3965812,-0.4060749,-0.13742742,-0.21733421,0.49387565,0.6076306,-0.50640875,-0.5728526,22.981554997865512,72.53235657531309,2195.0,Ahmedabad,5,"{""type"":""MultiPoint"",""coordinates"":[]}",-13.17475922573782,-19.587596477721583,-9.903293793096022,-16.897196979914334
1_1_1_1_1_1_1_2_196_0_1_1_1_1_1_1_1_2_196_0,0.23315,0.2277,0.17545,0.1873,0.0518,0.0632,0.0859,0.0827,0.0756,0.0964,0.3182,0.1927,4,4,-0.4615264,-0.46713918,-0.15425773,0.08325405,0.61604875,0.33310273,-0.5748577,-0.39941904,22.972392181967493,72.54205838038158,2196.0,Ahmedabad,5,"{""type"":""MultiPoint"",""coordinates"":[]}",-10.408878667257394,-19.264190884894013,-10.616022557304216,-18.557805057560557
1_1_1_1_1_1_1_2_197_0_1_1_1_1_1_1_1_2_197_0,0.20965,0.179,0.14415,0.1256,0.04525,0.0464,0.0734,0.0654,0.07855,0.0665,0.2532,0.2206,6,6,-0.4813637,-0.46481177,-0.09409096,-0.1041041,0.52645063,0.5367468,-0.55052054,-0.5426573,22.97347016030844,72.67222426505049,2197.0,Ahmedabad,5,"{""type"":""MultiPoint"",""coordinates"":[]}",-7.470793215113758,-13.98316844814778,-10.07973323214932,-15.689674636451432
1_1_1_1_1_1_1_2_198_0_1_1_1_1_1_1_1_2_198_0,0.22795,0.2461,0.2105,0.2427,0.0877,0.1262,0.1124,0.1528,0.1396,0.183,0.1986,0.2058,6,6,-0.33950347,-0.2338932,0.06880788,0.089179024,0.17445299,0.058641974,-0.27717042,-0.14779699,22.966912458734363,72.59577763437191,2198.0,Ahmedabad,5,"{""type"":""MultiPoint"",""coordinates"":[]}",-8.10195850054717,-14.873077136062822,-7.243429429742764,-14.230721419730383
1_1_1_1_1_1_1_2_199_0_1_1_1_1_1_1_1_2_199_0,0.24255,0.2674,0.1811,0.1933,0.0468,0.0584,0.0759,0.0834,0.09815,0.1068,0.22495,0.2529,4,4,-0.5233161,-0.5245154,0.037647057,0.027868537,0.39244816,0.4061718,-0.4954296,-0.50401425,23.172716490326145,72.71175013755175,2199.0,Ahmedabad,5,"{""type"":""MultiPoint"",""coordinates"":[]}",-9.514591780176366,-16.99635296974882,-9.676564919651584,-17.11441106175224
1_1_1_1_1_1_1_2_200_0_1_1_1_1_1_1_1_2_200_0,0.238,0.2429,0.1636,0.1612,0.0506,0.0568,0.08525,0.0832,0.1022,0.0994,0.28295,0.288,6,6,-0.47254446,-0.48972708,-0.086284675,-0.08495008,0.46929768,0.4868353,-0.53693646,-0.55172414,23.13840084647278,72.37820567255817,2200.0,Ahmedabad,5,"{""type"":""MultiPoint"",""coordinates"":[]}",-9.631582864011092,-15.878152475902807,-8.930283907887858,-14.013262642337557
1_1_1_1_1_1_1_2_201_0_1_1_1_1_1_1_1_2_201_0,0.187,0.1718,0.1212,0.1162,0.05465,0.0639,0.0823,0.0927,0.07725,0.084,0.2567,0.2481,4,4,-0.38878575,-0.29905483,-0.15708812,-0.18170993,0.5373559,0.4941283,-0.5144543,-0.4559859,22.94499356580185,72.4152162622639,2201.0,Ahmedabad,5,"{""type"":""MultiPoint"",""coordinates"":[]}",-10.399756739927435,-17.20015104514397,-8.5970400858888,-14.226719880861193
1_1_1_1_1_1_1_2_202_0_1_1_1_1_1_1_1_2_202_0,0.2748,0.2841,0.25185,0.2552,0.16,0.1766,0.1936,0.198,0.2292,0.2235,0.25695,0.2546,6,6,-0.1733561,-0.17859365,0.033568405,0.054761462,0.057081148,0.06504916,-0.14060593,-0.12505524,23.031770822247797,72.7210926165066,2202.0,Ahmedabad,5,"{""type"":""MultiPoint"",""coordinates"":[]}",-4.742251413070898,-9.029723582224872,-6.229708618644216,-8.032412010521387
1_1_1_1_1_1_1_2_203_0_1_1_1_1_1_1_1_2_203_0,0.1542,0.1859,0.087,0.1095,0.038,0.0454,0.0552,0.061,0.0584,0.0643,0.2297,0.2263,1,1,-0.47277936,-0.50587285,-0.1966658,-0.098010674,0.59458524,0.5574673,-0.6124956,-0.5753568,22.92379332509663,72.63135091962305,2203.0,Ahmedabad,5,"{""type"":""MultiPoint"",""coordinates"":[]}",-9.92169991196613,-14.244763076273568,-10.959370967362533,-15.456705836710608
1_1_1_1_1_1_1_2_204_0_1_1_1_1_1_1_1_2_204_0,0.25525,0.2487,0.21065,0.2004,0.0887,0.0874,0.1232,0.1148,0.1519,0.1429,0.2353,0.2536,6,6,-0.34892324,-0.36836314,0.040668637,-0.009755126,0.21539256,0.27919292,-0.31269178,-0.3767644,23.030782675435265,72.52292426482983,2204.0,Ahmedabad,5,"{""type"":""MultiPoint"",""coordinates"":[]}",-6.044759908919134,-14.315433594694749,-4.895740035210318,-14.353306696079601
1_1_1_1_1_1_1_2_205_0_1_1_1_1_1_1_1_2_205_0,0.23755,0.2443,0.22745,0.2219,0.117,0.2514,0.1423,0.2632,0.174,0.2928,0.1866,0.3124,6,6,-0.2507569,0.03724138,0.1201226,-0.122328006,0.034941763,0.032385986,-0.1346914,-0.085476026,23.106330990829715,72.54493298929076,2205.0,Ahmedabad,5,"{""type"":""MultiPoint"",""coordinates"":[]}",-4.313682375651254,-9.763364357373613,3.3803162677761227,-1.0198978978356719
1_1_1_1_1_1_1_2_206_0_1_1_1_1_1_1_1_2_206_0,0.19215,0.188,0.16555,0.1555,0.0656,0.076,0.0812,0.0902,0.0971,0.1044,0.1428,0.1572,6,6,-0.4058899,-0.35154566,0.14733543,0.08922364,0.19049604,0.20183486,-0.275,-0.2708165,23.11028357807984,72.50235284482349,2206.0,Ahmedabad,5,"{""type"":""MultiPoint"",""coordinates"":[]}",-11.220104839054589,-20.293029623163257,-10.823636601216416,-18.82651430913868
1_1_1_1_1_1_1_2_207_0_1_1_1_1_1_1_1_2_207_0,0.26225,0.3034,0.19655,0.2125,0.0439,0.0746,0.0749,0.1021,0.1011,0.1262,0.2768,0.2906,4,4,-0.55568737,-0.49642417,-0.02699193,0.02154882,0.4649378,0.39443377,-0.5740688,-0.48001018,23.16642828333731,72.52813449347772,2207.0,Ahmedabad,5,"{""type"":""MultiPoint"",""coordinates"":[]}",-9.497024001378882,-17.90461318230675,-8.982735323000837,-14.967455797708897
1_1_1_1_1_1_1_2_208_0_1_1_1_1_1_1_1_2_208_0,0.1955,0.1807,0.158,0.1405,0.072,0.071,0.0979,0.0944,0.1187,0.1048,0.22035,0.2533,6,6,-0.33265167,-0.3137041,-0.059757125,-0.1672811,0.2998083,0.41468865,-0.3847604,-0.45700318,23.048569318060828,72.55679075104113,2208.0,Ahmedabad,5,"{""type"":""MultiPoint"",""coordinates"":[]}",-2.8709653367300936,-16.116053215504714,-4.585754209285798,-14.315404302274299
1_1_1_1_1_1_1_2_209_0_1_1_1_1_1_1_1_2_209_0,0.2673,0.224,0.22505,0.1424,0.05595,0.0508,0.08385,0.0826,0.11715,0.0811,0.2115,0.354,4,6,-0.5224263,-0.4611872,0.116541356,-0.2249135,0.28708354,0.6272121,-0.4321991,-0.6216216,23.18313694762193,72.72351806777371,2209.0,Ahmedabad,5,"{""type"":""MultiPoint"",""coordinates"":[]}",-8.649263114259114,-17.768241472194386,-10.924829729812542,-18.1305162480379
1_1_1_1_1_1_1_2_210_0_1_1_1_1_1_1_1_2_210_0,0.23925,0.2331,0.19415,0.1977,0.0679,0.1016,0.0911,0.1196,0.111,0.1358,0.2184,0.178,5,6,-0.44846374,-0.32180324,0.045558833,0.13403066,0.32604736,0.13448057,-0.41130856,-0.19623657,22.94274777759155,72.5565212564559,2210.0,Ahmedabad,5,"{""type"":""MultiPoint"",""coordinates"":[]}",-12.881000549919262,-17.65894336200864,-12.330857622215294,-21.16633860351152
1_1_1_1_1_1_1_2_211_0_1_1_1_1_1_1_1_2_211_0,0.1997,0.2376,0.1939,0.2132,0.0714,0.114,0.0909,0.1334,0.1082,0.1568,0.1392,0.1918,6,6,-0.37439778,-0.28086254,0.17851874,0.106660455,0.12530315,0.10040161,-0.20990874,-0.17958179,23.048569318060828,72.57879947550207,2211.0,Ahmedabad,5,"{""type"":""MultiPoint"",""coordinates"":[]}",1.5243281480968638,-12.269455400986454,0.36918724398481445,-11.896721427040426
1_1_1_1_1_1_1_2_212_0_1_1_1_1_1_1_1_2_212_0,0.17865,0.2021,0.12675,0.1793,0.05305,0.0956,0.0769,0.1178,0.07755,0.1366,0.1771,0.1819,4,6,-0.39816082,-0.26351985,0.0043569924,0.052604165,0.39092872,0.1422292,-0.3944882,-0.21388055,22.911216911118952,72.44863359083314,2212.0,Ahmedabad,5,"{""type"":""MultiPoint"",""coordinates"":[]}",-12.235484627554278,-19.478405620479606,-10.669876831615216,-19.10012135322235
1_1_1_1_1_1_1_2_213_0_1_1_1_1_1_1_1_2_213_0,0.32785,0.3549,0.2474,0.2814,0.0659,0.0645,0.09515,0.0927,0.1275,0.1272,0.25735,0.2946,5,5,-0.5501182,-0.5857909,0.120471634,0.09284065,0.3374042,0.39687055,-0.46014184,-0.5213013,23.111451387949195,72.38575152094478,2213.0,Ahmedabad,5,"{""type"":""MultiPoint"",""coordinates"":[]}",-12.68674470282054,-18.52627233531185,-11.287028267217588,-16.78956859218603
1_1_1_1_1_1_1_2_214_0_1_1_1_1_1_1_1_2_214_0,0.2524,0.2618,0.21535,0.2051,0.0451,0.0636,0.0726,0.0974,0.0788,0.104,0.21295,0.2522,4,4,-0.55323076,-0.45768374,0.084774904,0.018677043,0.45981148,0.4160584,-0.49150762,-0.44279176,23.062223710379445,72.74184369956976,2214.0,Ahmedabad,5,"{""type"":""MultiPoint"",""coordinates"":[]}",-10.485787702712273,-17.74698090382079,-11.118628182351395,-20.147427599632508
1_1_1_1_1_1_1_2_215_0_1_1_1_1_1_1_1_2_215_0,0.2773,0.2088,0.2408,0.1268,0.0654,0.0481,0.0953,0.0697,0.13335,0.0625,0.2291,0.3132,4,1,-0.48845947,-0.4994614,0.095181674,-0.2,0.26417437,0.6672877,-0.41245377,-0.63593626,23.145048379575265,72.43003846445187,2215.0,Ahmedabad,5,"{""type"":""MultiPoint"",""coordinates"":[]}",-11.986006212203435,-18.500177307672843,-9.215389876441261,-17.34388813069197
1_1_1_1_1_1_1_2_216_0_1_1_1_1_1_1_1_2_216_0,0.21695,0.3128,0.14565,0.283,0.041,0.126,0.068,0.1584,0.0666,0.182,0.30005,0.2681,4,6,-0.52272326,-0.32767403,-0.16073501,0.07694956,0.63671076,0.19129083,-0.630485,-0.25720984,23.152773891018693,72.52696668360836,2216.0,Ahmedabad,5,"{""type"":""MultiPoint"",""coordinates"":[]}",-10.575155477240521,-18.813439454961163,-11.970568710397648,-21.11350804018751
1_1_1_1_1_1_1_2_217_0_1_1_1_1_1_1_1_2_217_0,0.2982,0.2997,0.23265,0.2283,0.06955,0.0703,0.0974,0.1011,0.1343,0.128,0.2163,0.238,4,1,-0.50758344,-0.49550897,0.15918367,0.114748,0.23388477,0.30054644,-0.37902454,-0.40371573,22.930620521255936,72.67402089561872,2217.0,Ahmedabad,5,"{""type"":""MultiPoint"",""coordinates"":[]}",-13.78609910899889,-19.62783007462017,-12.363173734254921,-17.621403991131327
1_1_1_1_1_1_1_2_218_0_1_1_1_1_1_1_1_2_218_0,0.1958,0.2234,0.1394,0.1426,0.0526,0.0652,0.07605,0.0922,0.0822,0.077,0.24515,0.2821,4,4,-0.4405003,-0.41571608,-0.11191745,-0.11612265,0.49778524,0.5711501,-0.52646327,-0.50734705,22.95783947436476,72.49202221905611,2218.0,Ahmedabad,5,"{""type"":""MultiPoint"",""coordinates"":[]}",-11.430407786783682,-18.99294625688171,-11.16707705876961,-17.69585980240982
1_1_1_1_1_1_1_2_219_0_1_1_1_1_1_1_1_2_219_0,0.2343,0.2367,0.171,0.1567,0.0474,0.0508,0.06785,0.0772,0.0939,0.0828,0.17535,0.2554,6,6,-0.5508853,-0.5081236,0.14390333,-0.038000405,0.30250695,0.5103489,-0.44202304,-0.5357787,23.059888090640733,72.60035904232093,2219.0,Ahmedabad,5,"{""type"":""MultiPoint"",""coordinates"":[]}",-9.227223575348884,-16.757367241260432,-9.523254531799122,-16.033702755230482
1_1_1_1_1_1_1_2_220_0_1_1_1_1_1_1_1_2_220_0,0.25565,0.2533,0.17835,0.1725,0.04835,0.059,0.07515,0.0968,0.0876,0.1068,0.26745,0.3547,4,4,-0.5456469,-0.44701514,-0.022557829,-0.16677631,0.50654835,0.5371614,-0.561296,-0.5712071,23.140826297739903,72.74660477057559,2220.0,Ahmedabad,5,"{""type"":""MultiPoint"",""coordinates"":[]}",-10.62797876212094,-17.521159884418594,-11.911275952498613,-18.230318978309988
1_1_1_1_1_1_1_2_221_0_1_1_1_1_1_1_1_2_221_0,0.2463,0.258,0.22365,0.2284,0.1155,0.1698,0.1413,0.1864,0.1717,0.204,0.21315,0.2458,6,6,-0.27089784,-0.16111611,0.07215148,0.024215959,0.1077043,0.09293019,-0.20270842,-0.13743638,23.087196875277968,72.55211951156372,2221.0,Ahmedabad,5,"{""type"":""MultiPoint"",""coordinates"":[]}",-7.323692160421508,-11.97960244316705,-6.683485569619277,-14.074935999706199
1_1_1_1_1_1_1_2_222_0_1_1_1_1_1_1_1_2_222_0,0.32085,0.2551,0.31125,0.2524,0.0977,0.1294,0.1369,0.1512,0.1815,0.184,0.2396,0.2106,6,6,-0.4018569,-0.25572237,0.14497279,0.09555508,0.13797198,0.06741004,-0.27277556,-0.1641791,23.04273026871405,72.67842264051092,2222.0,Ahmedabad,5,"{""type"":""MultiPoint"",""coordinates"":[]}",-10.71318530139901,-17.830870699668683,-7.595675746529476,-13.282503175737071
1_1_1_1_1_1_1_2_223_0_1_1_1_1_1_1_1_2_223_0,0.26355,0.2586,0.2455,0.2348,0.1374,0.1312,0.1651,0.1548,0.1925,0.1744,0.23445,0.2165,6,6,-0.22967456,-0.25108853,0.058433734,0.08861292,0.09825507,0.10770018,-0.17357026,-0.1661729,22.98532792205881,72.63979508329378,2223.0,Ahmedabad,5,"{""type"":""MultiPoint"",""coordinates"":[]}",-7.341705505937114,-12.634658352228307,-5.50715637710281,-9.628947150432703
1_1_1_1_1_1_1_2_224_0_1_1_1_1_1_1_1_2_224_0,0.1735,0.3837,0.13445,0.3612,0.05795,0.1594,0.1046,0.2126,0.08795,0.2788,0.11845,0.3368,6,6,-0.2477526,-0.2869361,0.18855968,0.06509368,0.14777131,0.094217025,-0.0620937,-0.2260648,22.96385818676836,72.47342709267484,2224.0,Ahmedabad,5,"{""type"":""MultiPoint"",""coordinates"":[]}",-11.256692752513397,-17.627329722162678,-12.537765642960832,-20.898280239581684
1_1_1_1_1_1_1_2_225_0_1_1_1_1_1_1_1_2_225_0,0.1292,0.1009,0.07065,0.0596,0.04385,0.0378,0.06345,0.0536,0.0607,0.0395,0.21755,0.2004,4,4,-0.3412925,-0.30614886,-0.2547945,-0.33023566,0.5637017,0.67069614,-0.54839855,-0.57795274,22.93053068972752,72.36293431272814,2225.0,Ahmedabad,5,"{""type"":""MultiPoint"",""coordinates"":[]}",-12.721884073431506,-19.81535472049091,-11.955261066950305,-19.08297808531342
1_1_1_1_1_1_1_2_226_0_1_1_1_1_1_1_1_2_226_0,0.2724,0.2315,0.24615,0.1465,0.0507,0.0438,0.0854,0.0682,0.1288,0.0662,0.202,0.3084,4,4,-0.5226383,-0.5448782,0.14839798,-0.14243378,0.22128174,0.6465563,-0.40570635,-0.637812,23.193377741860896,72.68426168985769,2226.0,Ahmedabad,5,"{""type"":""MultiPoint"",""coordinates"":[]}",-11.006042121952998,-18.521803098583142,-10.464852316910136,-17.220089957186424
1_1_1_1_1_1_1_2_227_0_1_1_1_1_1_1_1_2_227_0,0.30325,0.2985,0.28245,0.2685,0.1601,0.123,0.1953,0.1632,0.2349,0.1952,0.27605,0.2828,6,6,-0.21652792,-0.29304743,0.04695322,0.02700843,0.080536254,0.1832636,-0.17131643,-0.26816145,23.11684127965391,72.55975519147873,2227.0,Ahmedabad,5,"{""type"":""MultiPoint"",""coordinates"":[]}",-7.506398109171575,-14.57102513969705,-8.45193008277331,-15.165472102793009
1_1_1_1_1_1_1_2_228_0_1_1_1_1_1_1_1_2_228_0,0.20145,0.2729,0.1453,0.2171,0.0466,0.0701,0.07145,0.0957,0.07295,0.1222,0.23005,0.217,6,6,-0.47636497,-0.48073792,-0.06628042,0.11410492,0.51848185,0.27948114,-0.5260365,-0.38791174,22.914450846141783,72.53873461383033,2228.0,Ahmedabad,5,"{""type"":""MultiPoint"",""coordinates"":[]}",-9.020344778532865,-15.371546703698383,-10.181555051102862,-17.90389798815707
1_1_1_1_1_1_1_2_229_0_1_1_1_1_1_1_1_2_229_0,0.1544,0.2309,0.10465,0.1689,0.06385,0.07,0.0926,0.1082,0.08675,0.1194,0.2076,0.2598,4,4,-0.25020242,-0.36184016,-0.14696133,-0.058895454,0.41056564,0.37025318,-0.38307795,-0.41195652,22.91498983531225,72.55553310964336,2229.0,Ahmedabad,5,"{""type"":""MultiPoint"",""coordinates"":[]}",-11.746355922690555,-20.633477075449456,-12.190512493216593,-19.945314184997656
1_1_1_1_1_1_1_2_230_0_1_1_1_1_1_1_1_2_230_0,0.1968,0.2615,0.1197,0.181,0.0324,0.054,0.054,0.079,0.0548,0.0872,0.22815,0.2866,4,1,-0.569378,-0.5359765,-0.073773384,-0.04579456,0.6126524,0.53344035,-0.6172249,-0.5678337,23.17298598491138,72.5189716775797,2230.0,Ahmedabad,5,"{""type"":""MultiPoint"",""coordinates"":[]}",-8.778850224816335,-15.344168546284532,-8.659934469879781,-14.034077154154012
1_1_1_1_1_1_1_2_231_0_1_1_1_1_1_1_1_2_231_0,0.21305,0.2137,0.162,0.1572,0.0518,0.0484,0.0779,0.0726,0.0838,0.0832,0.24415,0.25,6,6,-0.4645128,-0.49283966,-0.06802275,-0.07828337,0.4889465,0.5006002,-0.5162242,-0.549907,22.995928042411425,72.46372528760635,2231.0,Ahmedabad,5,"{""type"":""MultiPoint"",""coordinates"":[]}",-9.431087923877001,-16.073865821736014,-8.164854991297076,-16.76362727731702
1_1_1_1_1_1_1_2_232_0_1_1_1_1_1_1_1_2_232_0,0.1936,0.2424,0.1245,0.1954,0.0337,0.0524,0.06155,0.076,0.04435,0.1046,0.33745,0.2136,4,4,-0.5175387,-0.52261305,-0.27087843,0.06315789,0.7676794,0.34255186,-0.69147867,-0.47513813,23.117110774239148,72.69971271274454,2232.0,Ahmedabad,5,"{""type"":""MultiPoint"",""coordinates"":[]}",-12.388441550503124,-18.443476846273313,-10.702082942709511,-18.831499020909
1_1_1_1_1_1_1_2_233_0_1_1_1_1_1_1_1_2_233_0,0.18855,0.2684,0.12575,0.2247,0.03205,0.0792,0.0536,0.1042,0.04605,0.1282,0.2211,0.2187,4,6,-0.5572992,-0.44068706,-0.07945807,0.10203244,0.65524983,0.2608821,-0.6097561,-0.35459894,22.957480148251108,72.69971271274454,2233.0,Ahmedabad,5,"{""type"":""MultiPoint"",""coordinates"":[]}",-10.118516872476633,-15.946530428667117,-7.243444371053119,-17.171207243230697
1_1_1_1_1_1_1_2_234_0_1_1_1_1_1_1_1_2_234_0,0.27705,0.2622,0.25525,0.224,0.1422,0.1452,0.181,0.1762,0.2174,0.2082,0.2717,0.2605,6,6,-0.20969327,-0.19616789,0.00974943,0.0032523435,0.111020245,0.11158524,-0.20035343,-0.1930387,23.083334119556252,72.54071090745539,2234.0,Ahmedabad,5,"{""type"":""MultiPoint"",""coordinates"":[]}",-2.0939010305027894,-12.955361072856919,-0.9178705946683076,-12.17780212271485
1_1_1_1_1_1_1_2_235_0_1_1_1_1_1_1_1_2_235_0,0.27295,0.3124,0.2699,0.2951,0.1379,0.165,0.171,0.1976,0.215,0.2274,0.24735,0.2794,6,6,-0.22964297,-0.22509804,0.049202383,0.055762082,0.06996864,0.102604575,-0.18250269,-0.17148846,22.97086504598449,72.60152685219029,2235.0,Ahmedabad,5,"{""type"":""MultiPoint"",""coordinates"":[]}",-8.87419064984368,-12.95682415365809,-8.302998276921866,-12.823654968146897
1_1_1_1_1_1_1_2_236_0_1_1_1_1_1_1_1_2_236_0,0.24725,0.3188,0.2189,0.273,0.08785,0.1174,0.1109,0.1462,0.13,0.1684,0.1988,0.2866,6,6,-0.3807064,-0.3711828,0.10862011,0.053187974,0.20924574,0.25978023,-0.28382304,-0.32439926,22.946790196370088,72.63296788713447,2236.0,Ahmedabad,5,"{""type"":""MultiPoint"",""coordinates"":[]}",-9.755592298369935,-16.52915903536832,-9.147095868897601,-15.843025271402473
1_1_1_1_1_1_1_2_237_0_1_1_1_1_1_1_1_2_237_0,0.15605,0.1511,0.0963,0.0878,0.0428,0.0385,0.05945,0.0513,0.06445,0.0466,0.24775,0.2333,1,1,-0.44825986,-0.493083,-0.22709262,-0.21383975,0.58712363,0.66702396,-0.61295575,-0.639494,22.90322190509029,72.57799099174635,2237.0,Ahmedabad,5,"{""type"":""MultiPoint"",""coordinates"":[]}",-11.125857232987732,-15.490483689694896,-10.722397774312295,-15.98973900886302
1_1_1_1_1_1_1_2_238_0_1_1_1_1_1_1_1_2_238_0,0.3091,0.2392,0.2361,0.165,0.0819,0.1436,0.1177,0.1842,0.1585,0.174,0.27975,0.3289,6,6,-0.4484536,-0.1299008,0.049842913,-0.15789473,0.27666858,0.30801353,-0.40772423,-0.2820113,23.12232100288704,72.48609333818092,2238.0,Ahmedabad,5,"{""type"":""MultiPoint"",""coordinates"":[]}",-9.279157926286205,-16.11687652578928,-6.105066317726296,-14.013809683560758
1_1_1_1_1_1_1_2_239_0_1_1_1_1_1_1_1_2_239_0,0.33845,0.3263,0.29135,0.2602,0.0729,0.0816,0.1071,0.1146,0.15825,0.1631,0.26565,0.295,4,4,-0.51924586,-0.48015422,0.12050985,0.05037824,0.25336164,0.2879284,-0.42535213,-0.4404297,23.158882434950705,72.46695922262919,2239.0,Ahmedabad,5,"{""type"":""MultiPoint"",""coordinates"":[]}",-12.493225173932347,-21.208643955496466,-12.064270967496528,-20.641796070177804
1_1_1_1_1_1_1_2_240_0_1_1_1_1_1_1_1_2_240_0,0.1107,0.0804,0.0636,0.0454,0.0387,0.0496,0.0563,0.06,0.04825,0.0467,0.231,0.1455,4,4,-0.3257485,-0.14529915,-0.3520632,-0.28818062,0.6544315,0.51404786,-0.6080752,-0.4160584,22.91561865601114,72.45860489048687,2240.0,Ahmedabad,5,"{""type"":""MultiPoint"",""coordinates"":[]}",-11.458086591642122,-19.76431459915475,-11.59101535065675,-18.66672775063663
1_1_1_1_1_1_1_2_241_0_1_1_1_1_1_1_1_2_241_0,0.41865,0.2526,0.3558,0.1715,0.1259,0.0556,0.1773,0.0725,0.2447,0.0911,0.347,0.2148,4,1,-0.40498364,-0.5539834,0.09358062,0.080872916,0.17289166,0.40438053,-0.32366964,-0.49530107,23.16966221836014,72.3858413524732,2241.0,Ahmedabad,5,"{""type"":""MultiPoint"",""coordinates"":[]}",-13.648200350565972,-20.35127805738506,-10.171020930606655,-15.210456046984966
1_1_1_1_1_1_1_2_242_0_1_1_1_1_1_1_1_2_242_0,0.2548,0.2632,0.20095,0.196,0.07505,0.095,0.1076,0.124,0.1288,0.1368,0.30515,0.2964,6,6,-0.406181,-0.35950413,-0.08991874,-0.05932809,0.40638322,0.36842105,-0.478619,-0.41008562,22.97859055742792,72.4595930372994,2242.0,Ahmedabad,5,"{""type"":""MultiPoint"",""coordinates"":[]}",-9.149591965599349,-15.848105154506644,-4.672723369187984,-15.453768457195112
1_1_1_1_1_1_1_2_243_0_1_1_1_1_1_1_1_2_243_0,0.21445,0.2192,0.2025,0.1968,0.09415,0.1004,0.1127,0.1152,0.13545,0.1368,0.1733,0.167,6,6,-0.31101942,-0.3110048,0.10612508,0.13516313,0.12259109,0.0994075,-0.2118881,-0.18355776,23.09285626156792,72.53819562465986,2243.0,Ahmedabad,5,"{""type"":""MultiPoint"",""coordinates"":[]}",-9.344223574788849,-14.560093130759906,-10.381024027836256,-15.754878413435636
1_1_1_1_1_1_1_2_244_0_1_1_1_1_1_1_1_2_244_0,0.20775,0.2014,0.1823,0.1605,0.0589,0.0584,0.0811,0.0814,0.0903,0.0855,0.20975,0.2074,6,6,-0.43846288,-0.42432815,-0.0047904192,-0.014677104,0.39810032,0.416183,-0.44232422,-0.4362881,23.010570581542574,72.52633786290949,2244.0,Ahmedabad,5,"{""type"":""MultiPoint"",""coordinates"":[]}",-3.773277092441501,-10.904372619014906,-3.623644176491579,-10.746675298348807
1_1_1_1_1_1_1_2_245_0_1_1_1_1_1_1_1_2_245_0,0.26355,0.2698,0.2011,0.1943,0.06165,0.062,0.0905,0.0877,0.1076,0.0998,0.2653,0.3156,4,4,-0.48877278,-0.5093706,-0.0033090669,-0.0782371,0.42290157,0.5194993,-0.49128723,-0.56508803,23.103276718863707,72.38808714068348,2245.0,Ahmedabad,5,"{""type"":""MultiPoint"",""coordinates"":[]}",-10.13152076248229,-17.163735463797202,-9.437344101475155,-16.189208195616768
1_1_1_1_1_1_1_2_246_0_1_1_1_1_1_1_1_2_246_0,0.22605,0.2692,0.1625,0.184,0.04115,0.0436,0.0638,0.0722,0.0599,0.0638,0.3108,0.34,4,4,-0.5597723,-0.5770357,-0.15786533,-0.11621799,0.6768276,0.684002,-0.65937,-0.6496846,23.12555493790987,72.46543208664617,2246.0,Ahmedabad,5,"{""type"":""MultiPoint"",""coordinates"":[]}",-12.731381490943075,-21.007750910245463,-8.883277265581896,-14.660495726059128
1_1_1_1_1_1_1_2_247_0_1_1_1_1_1_1_1_2_247_0,0.1666,0.2087,0.0887,0.1714,0.0361,0.0802,0.05785,0.0994,0.03705,0.1132,0.39495,0.2008,4,4,-0.48451772,-0.35475495,-0.40664232,0.01929182,0.8284722,0.27898088,-0.7444788,-0.3377748,22.90654567164153,72.49247137669818,2247.0,Ahmedabad,5,"{""type"":""MultiPoint"",""coordinates"":[]}",-9.838076215617228,-17.378212407425032,-9.877142951933049,-18.500165374576852
1_1_1_1_1_1_1_2_248_0_1_1_1_1_1_1_1_2_248_0,0.21245,0.2349,0.139,0.1634,0.0291,0.049,0.0644,0.0766,0.047,0.0782,0.34755,0.2864,4,4,-0.53476614,-0.5081862,-0.24125,-0.09879148,0.7617539,0.57103676,-0.6873407,-0.57796144,23.126632916250816,72.74831156961541,2248.0,Ahmedabad,5,"{""type"":""MultiPoint"",""coordinates"":[]}",-12.382744310745917,-19.246669998376884,-11.187525175312715,-16.799680072558097
1_1_1_1_1_1_1_2_249_0_1_1_1_1_1_1_1_2_249_0,0.21115,0.2009,0.1824,0.1342,0.0676,0.0559,0.0924,0.076,0.1037,0.06,0.18595,0.3467,4,4,-0.3912041,-0.45106536,0.06346009,-0.26625273,0.2839634,0.7049422,-0.33608767,-0.6404069,22.94984446833609,72.49534598560736,2249.0,Ahmedabad,5,"{""type"":""MultiPoint"",""coordinates"":[]}",-11.12247472191199,-18.7957527144647,-9.573493253853076,-16.76385885011014
1_1_1_1_1_1_1_2_250_0_1_1_1_1_1_1_1_2_250_0,0.3446,0.1961,0.27775,0.1227,0.1021,0.0532,0.1358,0.079,0.1795,0.0773,0.2809,0.2404,4,4,-0.4346378,-0.42566338,0.10183853,-0.10148912,0.22024326,0.5133774,-0.34821215,-0.50532246,23.175052110064858,72.43057745362233,2250.0,Ahmedabad,5,"{""type"":""MultiPoint"",""coordinates"":[]}",-11.272577077824394,-22.772964629266085,-11.538341377306129,-20.107569552773057
1_1_1_1_1_1_1_2_251_0_1_1_1_1_1_1_1_2_251_0,0.2213,0.328,0.15195,0.3095,0.04145,0.1918,0.0691,0.2274,0.0788,0.2554,0.3021,0.2799,4,6,-0.52410465,-0.18113072,-0.15437524,0.07912485,0.5862431,0.045768727,-0.62769395,-0.103489056,23.0122773805824,72.4490827484752,2251.0,Ahmedabad,5,"{""type"":""MultiPoint"",""coordinates"":[]}",-12.326958760820887,-19.931699007908353,3.8736418915694837,-15.971793596214553
1_1_1_1_1_1_1_2_252_0_1_1_1_1_1_1_1_2_252_0,0.25005,0.2516,0.1897,0.1729,0.057,0.056,0.08325,0.0748,0.0982,0.0833,0.2347,0.2382,4,4,-0.5004501,-0.5416667,0.031665806,0.027358105,0.41003305,0.48180404,-0.47633275,-0.5220447,22.970056562228784,72.44018942716242,2252.0,Ahmedabad,5,"{""type"":""MultiPoint"",""coordinates"":[]}",-11.171532563227688,-17.617551721605878,-9.489797422419278,-17.15873522626913
1_1_1_1_1_1_1_2_253_0_1_1_1_1_1_1_1_2_253_0,0.1636,0.1519,0.1433,0.1278,0.073,0.0893,0.1004,0.107,0.1071,0.1118,0.1527,0.1572,6,6,-0.23939393,-0.17342603,0.034460954,-0.017146554,0.17551963,0.16877323,-0.2066377,-0.19000757,22.999700966604728,72.50145452953937,2253.0,Ahmedabad,5,"{""type"":""MultiPoint"",""coordinates"":[]}",-8.15327650581991,-12.288338565462002,-5.35215429147153,-11.629560636618166
1_1_1_1_1_1_1_2_254_0_1_1_1_1_1_1_1_2_254_0,0.21895,0.2559,0.1331,0.1912,0.0454,0.0623,0.0747,0.0889,0.0726,0.112,0.3178,0.2684,4,6,-0.49123105,-0.48433876,-0.18416394,-0.023841312,0.62807375,0.41114616,-0.61936307,-0.50237894,23.14513821110368,72.74426915083687,2254.0,Ahmedabad,5,"{""type"":""MultiPoint"",""coordinates"":[]}",-8.719387619152297,-16.86529523189064,-10.951428823076858,-18.647118159569622
1_1_1_1_1_1_1_2_255_0_1_1_1_1_1_1_1_2_255_0,0.25735,0.2954,0.17905,0.2265,0.045,0.0884,0.0728,0.13,0.07875,0.1494,0.27805,0.2866,4,4,-0.55898833,-0.38881055,-0.038662683,0.015120275,0.5585762,0.3146789,-0.58500785,-0.37590015,23.112259871704904,72.55301782684784,2255.0,Ahmedabad,5,"{""type"":""MultiPoint"",""coordinates"":[]}",-10.228700619469043,-17.610004588435253,-10.723006321143274,-17.89113947534176
1_1_1_1_1_1_1_2_256_0_1_1_1_1_1_1_1_2_256_0,0.21075,0.2854,0.13435,0.229,0.0509,0.0766,0.07585,0.115,0.09215,0.1488,0.27455,0.2986,1,6,-0.47069085,-0.42557442,-0.13146508,-0.022602739,0.4974093,0.33482343,-0.5670662,-0.44390717,22.900796453823165,72.64410699665756,2256.0,Ahmedabad,5,"{""type"":""MultiPoint"",""coordinates"":[]}",-8.928833802265375,-15.89746208567703,-9.8199580066164,-16.31997156427786
1_1_1_1_1_1_1_2_257_0_1_1_1_1_1_1_1_2_257_0,0.2547,0.2574,0.244,0.2378,0.1044,0.1084,0.1306,0.1316,0.1601,0.1606,0.2035,0.2049,6,6,-0.3220867,-0.32339332,0.111741595,0.11356262,0.11936194,0.12120383,-0.21819815,-0.21783061,22.95146143584751,72.55795856091049,2257.0,Ahmedabad,5,"{""type"":""MultiPoint"",""coordinates"":[]}",-6.541033486585354,-16.127071983146486,-7.111162871283223,-17.339728967188826
1_1_1_1_1_1_1_2_258_0_1_1_1_1_1_1_1_2_258_0,0.147,0.3326,0.0791,0.2579,0.0376,0.083,0.0502,0.1122,0.0517,0.1432,0.232,0.269,1,4,-0.4908722,-0.4955036,-0.22427441,0.10571808,0.6355305,0.30519167,-0.6442239,-0.41133264,22.921098379244267,72.62694917473087,2258.0,Ahmedabad,5,"{""type"":""MultiPoint"",""coordinates"":[]}",-10.168706714193899,-15.413432530290386,-14.038125356515957,-20.023548864902573
1_1_1_1_1_1_1_2_259_0_1_1_1_1_1_1_1_2_259_0,0.20865,0.2419,0.13955,0.1584,0.05095,0.0542,0.07475,0.0797,0.0796,0.079,0.2356,0.279,4,4,-0.47247708,-0.5043532,-0.06066404,-0.07122289,0.49492386,0.5586592,-0.5182858,-0.5556175,23.19212010046313,72.69054989684653,2259.0,Ahmedabad,5,"{""type"":""MultiPoint"",""coordinates"":[]}",-10.991097428154582,-18.475543962339803,-9.876435012894982,-16.31868800837927
1_1_1_1_1_1_1_2_260_0_1_1_1_1_1_1_1_2_260_0,0.1591,0.0753,0.09695,0.0395,0.06555,0.0448,0.09205,0.0723,0.0893,0.0463,0.2015,0.1385,4,0,-0.26697192,-0.020325202,-0.11758181,-0.29560336,0.3858322,0.49891776,-0.3728496,-0.31404173,22.919481411732853,72.38700916234254,2260.0,Ahmedabad,5,"{""type"":""MultiPoint"",""coordinates"":[]}",-10.7050258263586,-20.059979927712675,-11.707650840327355,-19.381201378132694
1_1_1_1_1_1_1_2_261_0_1_1_1_1_1_1_1_2_261_0,0.21505,0.2442,0.1485,0.1641,0.03105,0.0374,0.0567,0.0634,0.0528,0.0583,0.24535,0.2842,4,1,-0.58270466,-0.5877763,-0.065812334,-0.07570022,0.64581585,0.65956205,-0.6245655,-0.6352129,23.11585313284138,72.53505152116544,2261.0,Ahmedabad,5,"{""type"":""MultiPoint"",""coordinates"":[]}",-9.053664144961248,-15.577364633923954,-7.939941467626492,-16.554487774364873
1_1_1_1_1_1_1_2_262_0_1_1_1_1_1_1_1_2_262_0,0.32415,0.3433,0.28835,0.3172,0.0641,0.071,0.10025,0.0991,0.1468,0.1498,0.2483,0.2335,4,4,-0.52756834,-0.55198914,0.13250065,0.1903606,0.256897,0.21836682,-0.42475972,-0.404089,23.136694047432957,72.67069712906749,2262.0,Ahmedabad,5,"{""type"":""MultiPoint"",""coordinates"":[]}",-12.49247801673146,-19.979582199859422,-14.42515535791072,-24.94443407991819
1_1_1_1_1_1_1_2_263_0_1_1_1_1_1_1_1_2_263_0,0.2571,0.267,0.2416,0.2128,0.1159,0.096,0.1461,0.1202,0.1749,0.1424,0.22485,0.2318,6,6,-0.2752976,-0.37913224,0.06691565,0.070569366,0.1249531,0.23890968,-0.21229276,-0.31704545,22.93538159226177,72.49992739355636,2263.0,Ahmedabad,5,"{""type"":""MultiPoint"",""coordinates"":[]}",-7.841439402352546,-16.699016148400354,-9.709852803920034,-17.204035765775313
1_1_1_1_1_1_1_2_264_0_1_1_1_1_1_1_1_2_264_0,0.2006,0.233,0.1256,0.1396,0.03425,0.0344,0.0524,0.0584,0.0482,0.048,0.29035,0.307,1,1,-0.5857707,-0.5991764,-0.18280885,-0.13703704,0.7152562,0.7295775,-0.69423777,-0.6803503,23.037250545480923,72.74031656358675,2264.0,Ahmedabad,5,"{""type"":""MultiPoint"",""coordinates"":[]}",-9.18569173411394,-13.338333633136788,-7.443039164506466,-12.455914608375743
1_1_1_1_1_1_1_2_265_0_1_1_1_1_1_1_1_2_265_0,0.17415,0.2119,0.111,0.1353,0.03655,0.0616,0.0609,0.0872,0.04955,0.0698,0.2363,0.3196,4,4,-0.4818124,-0.4169174,-0.15141918,-0.20263405,0.65331465,0.64149976,-0.590175,-0.5712881,23.09698851187487,72.37937348242752,2265.0,Ahmedabad,5,"{""type"":""MultiPoint"",""coordinates"":[]}",-10.378756382721793,-16.865247241138476,-8.55521106294847,-16.76858340744733
1_1_1_1_1_1_1_2_266_0_1_1_1_1_1_1_1_2_266_0,0.2594,0.3165,0.19095,0.2475,0.04745,0.0773,0.0757,0.105,0.08775,0.1468,0.2905,0.2791,4,4,-0.5481946,-0.5017794,-0.056555737,0.06279382,0.5360212,0.3106363,-0.5865647,-0.45326737,23.19804898133832,72.48474586525475,2266.0,Ahmedabad,5,"{""type"":""MultiPoint"",""coordinates"":[]}",-10.561869439413861,-18.57833924226626,-11.8209325754925,-18.95856442517348
1_1_1_1_1_1_1_2_267_0_1_1_1_1_1_1_1_2_267_0,0.0878,0.0856,0.0534,0.0577,0.03445,0.0345,0.06295,0.0638,0.0476,0.0433,0.12395,0.1136,0,0,-0.16484246,-0.145917,-0.17072019,-0.14056225,0.44505975,0.44805607,-0.32637775,-0.28072155,23.137233036603423,72.39329736933138,2267.0,Ahmedabad,5,"{""type"":""MultiPoint"",""coordinates"":[]}",-9.982382655639206,-15.500137225085581,-11.974674163908668,-16.981588246535622
1_1_1_1_1_1_1_2_268_0_1_1_1_1_1_1_1_2_268_0,0.1865,0.2058,0.16325,0.1859,0.07445,0.0876,0.0922,0.109,0.1156,0.1355,0.156,0.1904,6,6,-0.33835664,-0.30749682,0.0890511,0.038869258,0.14874816,0.16845658,-0.25705075,-0.27187708,23.043718415526584,72.57808082327476,2268.0,Ahmedabad,5,"{""type"":""MultiPoint"",""coordinates"":[]}",-7.429194254184344,-14.2490481047411,-6.298678731536064,-13.11072727475983
1_1_1_1_1_1_1_2_269_0_1_1_1_1_1_1_1_2_269_0,0.20395,0.2205,0.14205,0.1278,0.0454,0.046,0.08195,0.0742,0.0655,0.0574,0.3748,0.3576,4,4,-0.42672262,-0.49643704,-0.29520518,-0.2371562,0.7024756,0.7233735,-0.64116037,-0.65632236,23.003653553854853,72.37955314548435,2269.0,Ahmedabad,5,"{""type"":""MultiPoint"",""coordinates"":[]}",-11.446117579578523,-18.252274960566986,-9.694122979605815,-16.69795482947001
1_1_1_1_1_1_1_2_270_0_1_1_1_1_1_1_1_2_270_0,0.2471,0.2876,0.1861,0.2113,0.0578,0.0572,0.09285,0.0836,0.12315,0.1021,0.28395,0.2619,4,4,-0.4537432,-0.54956895,-0.069390826,0.04676979,0.39498895,0.43901098,-0.5071656,-0.5160637,22.96852942624578,72.38727865692778,2270.0,Ahmedabad,5,"{""type"":""MultiPoint"",""coordinates"":[]}",-12.708376405139145,-18.670998059973094,-11.19889395618926,-17.42866740991553
1_1_1_1_1_1_1_2_271_0_1_1_1_1_1_1_1_2_271_0,0.3015,0.3277,0.2377,0.2596,0.08805,0.114,0.1223,0.1448,0.1543,0.1764,0.28405,0.3109,6,6,-0.42284095,-0.38708994,0.02980104,0.026307547,0.29599634,0.27601066,-0.39805585,-0.36449417,23.16346384289972,72.73744195467756,2271.0,Ahmedabad,5,"{""type"":""MultiPoint"",""coordinates"":[]}",-10.840865458388366,-17.49095411350079,-11.82697119605792,-16.454707386500175
1_1_1_1_1_1_1_2_272_0_1_1_1_1_1_1_1_2_272_0,0.32765,0.302,0.25145,0.2249,0.07625,0.0766,0.1064,0.1034,0.14,0.1292,0.2445,0.2543,4,4,-0.5097339,-0.48988652,0.14532903,0.0857451,0.27178153,0.326206,-0.39355943,-0.4218619,22.9799380303541,72.47333726114643,2272.0,Ahmedabad,5,"{""type"":""MultiPoint"",""coordinates"":[]}",-12.221032205280418,-18.719759728385895,-11.224638371502728,-17.400319549558134
1_1_1_1_1_1_1_2_273_0_1_1_1_1_1_1_1_2_273_0,0.2818,0.2925,0.2152,0.2237,0.0616,0.0474,0.0935,0.0814,0.1182,0.0938,0.29155,0.3108,6,6,-0.50173193,-0.56458944,-0.017005319,-0.030333167,0.42306283,0.5363322,-0.5143488,-0.5849057,23.01461300032111,72.48258990857286,2273.0,Ahmedabad,5,"{""type"":""MultiPoint"",""coordinates"":[]}",-10.672499272622002,-16.686934539008828,-9.566608503442826,-16.289085859089646
1_1_1_1_1_1_1_2_274_0_1_1_1_1_1_1_1_2_274_0,0.29005,0.2069,0.2185,0.1491,0.08915,0.0828,0.1234,0.1078,0.1657,0.1289,0.2887,0.2061,6,6,-0.4030717,-0.31490308,0.0023326133,0.001937046,0.27068663,0.23044775,-0.40111622,-0.31315705,23.06950006418081,72.58032661148506,2274.0,Ahmedabad,5,"{""type"":""MultiPoint"",""coordinates"":[]}",-9.131696904191429,-16.315446960782037,2.341963944588727,-5.107275799097465
1_1_1_1_1_1_1_2_275_0_1_1_1_1_1_1_1_2_275_0,0.26055,0.2834,0.1895,0.2064,0.0651,0.0722,0.0951,0.1096,0.1211,0.1274,0.28055,0.285,4,4,-0.46520457,-0.4422392,-0.036961745,-0.002814919,0.39698744,0.38215324,-0.49367762,-0.44450077,22.9792193781268,72.35880206242119,2275.0,Ahmedabad,5,"{""type"":""MultiPoint"",""coordinates"":[]}",-9.360901292790363,-16.921635243993997,-9.00041524471713,-14.246958493960278
1_1_1_1_1_1_1_2_276_0_1_1_1_1_1_1_1_2_276_0,0.16065,0.236,0.10945,0.1889,0.0413,0.0888,0.0621,0.1192,0.06775,0.1428,0.19165,0.206,4,4,-0.44242424,-0.32882884,-0.08799319,0.06787331,0.47764072,0.18119267,-0.51054186,-0.26691267,22.933674793221943,72.4738762503169,2276.0,Ahmedabad,5,"{""type"":""MultiPoint"",""coordinates"":[]}",-10.481721191908598,-15.5390186487946,-12.631596815850369,-20.20915423434737
1_1_1_1_1_1_1_2_277_0_1_1_1_1_1_1_1_2_277_0,0.26725,0.3519,0.20055,0.2798,0.0487,0.0922,0.06745,0.1144,0.08105,0.1534,0.2049,0.2546,4,6,-0.5969525,-0.5093288,0.13205549,0.16042869,0.4331177,0.24803922,-0.50468147,-0.37994578,23.068601748896693,72.48483569678316,2277.0,Ahmedabad,5,"{""type"":""MultiPoint"",""coordinates"":[]}",-10.058032196740498,-15.623832207213447,-11.440471892472967,-17.4668627769
1_1_1_1_1_1_1_2_278_0_1_1_1_1_1_1_1_2_278_0,0.2701,0.2644,0.204,0.2004,0.0551,0.0682,0.0822,0.097,0.09825,0.1112,0.28805,0.2758,4,6,-0.53335226,-0.46319866,-0.032159813,-0.021103295,0.49132797,0.425323,-0.5559757,-0.47961372,23.016768957003,72.691088886017,2278.0,Ahmedabad,5,"{""type"":""MultiPoint"",""coordinates"":[]}",-9.443734803938725,-14.861602732347112,-9.276281196647748,-15.483191525639208
1_1_1_1_1_1_1_2_279_0_1_1_1_1_1_1_1_2_279_0,0.24335,0.2623,0.16695,0.1921,0.0662,0.0961,0.0952,0.1286,0.1119,0.157,0.27655,0.2995,6,6,-0.43760154,-0.3420312,-0.063858435,-0.06621574,0.42386407,0.31215772,-0.48782784,-0.3992058,23.14900096682539,72.42887065458251,2279.0,Ahmedabad,5,"{""type"":""MultiPoint"",""coordinates"":[]}",-5.196846954437122,-16.155486973750236,-5.456573492313069,-15.58955978779442
1_1_1_1_1_1_1_2_280_0_1_1_1_1_1_1_1_2_280_0,0.22895,0.2391,0.16765,0.1816,0.0582,0.0662,0.0859,0.092,0.0969,0.1076,0.25495,0.2434,4,4,-0.45434335,-0.44427666,-0.053730108,-0.008911917,0.4491971,0.38689458,-0.49596596,-0.45140132,22.960893746330765,72.67033780295384,2280.0,Ahmedabad,5,"{""type"":""MultiPoint"",""coordinates"":[]}",-10.531484498717507,-17.68839108278147,-10.773816715728355,-17.577453388466083
1_1_1_1_1_1_1_2_281_0_1_1_1_1_1_1_1_2_281_0,0.19195,0.2108,0.13765,0.1522,0.07535,0.0847,0.0993,0.1066,0.1102,0.1212,0.21515,0.2286,4,4,-0.3181116,-0.32829237,-0.056988455,-0.040509786,0.3225757,0.3070326,-0.36842105,-0.36396182,22.936729065187947,72.41252131641154,2281.0,Ahmedabad,5,"{""type"":""MultiPoint"",""coordinates"":[]}",-11.170416662784415,-18.173006817666945,-10.334535146671087,-17.611189652080682
1_1_1_1_1_1_1_2_282_0_1_1_1_1_1_1_1_2_282_0,0.1932,0.2727,0.1245,0.2109,0.03875,0.0628,0.0687,0.0855,0.06905,0.114,0.33055,0.2678,4,4,-0.47537228,-0.52261305,-0.26224345,0.00906568,0.6544044,0.4028287,-0.6558547,-0.51599205,23.191221785179007,72.518163193824,2282.0,Ahmedabad,5,"{""type"":""MultiPoint"",""coordinates"":[]}",-12.181439739209914,-18.678947255193897,-11.340929043097812,-18.437948962713058
1_1_1_1_1_1_1_2_283_0_1_1_1_1_1_1_1_2_283_0,0.1916,0.2148,0.12455,0.1393,0.0575,0.0678,0.0777,0.0882,0.076,0.0819,0.2888,0.281,4,4,-0.4229484,-0.4178218,-0.2023314,-0.13352159,0.5833333,0.54863596,-0.57598907,-0.5222102,22.94598171261438,72.68821427710782,2283.0,Ahmedabad,5,"{""type"":""MultiPoint"",""coordinates"":[]}",-11.55113179277912,-17.32719619396484,-10.702043059482639,-18.92891988319358
1_1_1_1_1_1_1_2_284_0_1_1_1_1_1_1_1_2_284_0,0.17035,0.1649,0.15635,0.1474,0.0651,0.0576,0.08335,0.0735,0.106,0.0869,0.1497,0.1383,6,6,-0.3429247,-0.38338926,0.06452117,0.08773087,0.1709034,0.22824156,-0.28470287,-0.305949,22.961342903972824,72.64338834443025,2284.0,Ahmedabad,5,"{""type"":""MultiPoint"",""coordinates"":[]}",-5.446188747636403,-11.808247869340953,-3.953452867999908,-9.409589990433041
1_1_1_1_1_1_1_2_285_0_1_1_1_1_1_1_1_2_285_0,0.19155,0.235,0.1059,0.153,0.03005,0.0421,0.05995,0.0814,0.032,0.075,0.3786,0.2895,4,4,-0.5232604,-0.48546144,-0.32807156,-0.10390849,0.8441305,0.5884774,-0.72659904,-0.5610677,23.183765768320814,72.42375025746303,2285.0,Ahmedabad,5,"{""type"":""MultiPoint"",""coordinates"":[]}",-11.617606030289908,-18.523753949381266,-10.601200397712555,-16.72913008560827
1_1_1_1_1_1_1_2_286_0_1_1_1_1_1_1_1_2_286_0,0.3429,0.3047,0.3038,0.2705,0.1115,0.112,0.1488,0.1502,0.1993,0.1852,0.2956,0.2556,6,6,-0.3947529,-0.33963507,0.07407987,0.08763163,0.19458477,0.15970962,-0.33033302,-0.25973386,22.95523436004081,72.606916743895,2286.0,Ahmedabad,5,"{""type"":""MultiPoint"",""coordinates"":[]}",-10.541287400731774,-17.621004840935903,-8.583113252191183,-14.662854294547959
1_1_1_1_1_1_1_2_287_0_1_1_1_1_1_1_1_2_287_0,0.2758,0.2835,0.2206,0.2187,0.0703,0.072,0.0988,0.0979,0.1228,0.1028,0.24185,0.2632,4,4,-0.472504,-0.4866282,0.06558485,0.037131883,0.32647744,0.43825138,-0.41993248,-0.45776793,22.965205659694536,72.5325362383699,2287.0,Ahmedabad,5,"{""type"":""MultiPoint"",""coordinates"":[]}",-11.44315753532958,-17.39878645062945,-10.724755598199254,-15.315994568794716
1_1_1_1_1_1_1_2_288_0_1_1_1_1_1_1_1_2_288_0,0.2128,0.2321,0.14205,0.1812,0.03545,0.0674,0.0605,0.0833,0.0673,0.0866,0.29045,0.2098,6,6,-0.5572631,-0.47178185,-0.15429707,0.050463907,0.6237596,0.4156545,-0.6552215,-0.4315933,23.157894288138174,72.53801596160304,2288.0,Ahmedabad,5,"{""type"":""MultiPoint"",""coordinates"":[]}",-10.291510453237994,-15.466230260841904,-9.733881708559512,-16.399151919864217
1_1_1_1_1_1_1_2_289_0_1_1_1_1_1_1_1_2_289_0,0.31445,0.281,0.2623,0.2387,0.06815,0.0836,0.0951,0.116,0.1298,0.1456,0.2424,0.251,4,6,-0.53558785,-0.41561714,0.12938853,0.05639098,0.30252552,0.26575896,-0.43644443,-0.3678474,23.100312278426117,72.64320868137344,2289.0,Ahmedabad,5,"{""type"":""MultiPoint"",""coordinates"":[]}",-12.44005362434373,-17.992074901939844,-10.21045107312155,-18.169025376225225
1_1_1_1_1_1_1_2_290_0_1_1_1_1_1_1_1_2_290_0,0.1991,0.2075,0.12545,0.1233,0.06775,0.0603,0.0967,0.0828,0.09795,0.0875,0.30635,0.2764,1,1,-0.34617984,-0.42955562,-0.21218716,-0.1423848,0.5154588,0.51909864,-0.52015877,-0.5389755,22.90295241050505,72.50037655119843,2290.0,Ahmedabad,5,"{""type"":""MultiPoint"",""coordinates"":[]}",-13.220505273528865,-19.246826289867215,-11.382440753694176,-17.130644026372277
1_1_1_1_1_1_1_2_291_0_1_1_1_1_1_1_1_2_291_0,0.2239,0.213,0.1628,0.1484,0.05255,0.0494,0.0788,0.085,0.08615,0.0788,0.23095,0.2714,4,4,-0.4793525,-0.4295302,-0.015499615,-0.12056152,0.45663828,0.54997146,-0.4912026,-0.52300787,23.18601155653112,72.36976150888745,2291.0,Ahmedabad,5,"{""type"":""MultiPoint"",""coordinates"":[]}",-11.812326837144335,-21.33531191800185,-9.867489898819247,-17.01874792070646
1_1_1_1_1_1_1_2_292_0_1_1_1_1_1_1_1_2_292_0,0.33815,0.4043,0.2544,0.3064,0.0734,0.1036,0.095,0.1286,0.1366,0.1688,0.2173,0.2621,5,4,-0.5613529,-0.5173578,0.21757133,0.21338536,0.22803052,0.21652356,-0.39161062,-0.34169438,23.099683457727227,72.34999857263682,2292.0,Ahmedabad,5,"{""type"":""MultiPoint"",""coordinates"":[]}",-13.406475956792088,-20.31386358677773,-14.70030441925506,-21.721413052778146
1_1_1_1_1_1_1_2_293_0_1_1_1_1_1_1_1_2_293_0,0.2853,0.297,0.21875,0.234,0.06665,0.0677,0.0951,0.0883,0.13,0.1142,0.2286,0.222,5,4,-0.5,-0.54165584,0.11033275,0.14450867,0.27495816,0.32064247,-0.4124189,-0.43087333,23.07965102689136,72.61024051044625,2293.0,Ahmedabad,5,"{""type"":""MultiPoint"",""coordinates"":[]}",-13.038531573979169,-19.82363611152548,-12.293906963066224,-19.900021094494726
1_1_1_1_1_1_1_2_294_0_1_1_1_1_1_1_1_2_294_0,0.21875,0.2169,0.14595,0.1383,0.03645,0.041,0.05825,0.06,0.0568,0.0512,0.24395,0.2134,1,1,-0.57942235,-0.56663054,-0.054462936,0.00813386,0.6222776,0.61300075,-0.6144937,-0.56108266,23.12789055764858,72.62443389193533,2294.0,Ahmedabad,5,"{""type"":""MultiPoint"",""coordinates"":[]}",-8.463864603202925,-14.9470151638598,-7.910692947874027,-13.326855383978842
1_1_1_1_1_1_1_2_295_0_1_1_1_1_1_1_1_2_295_0,0.2377,0.2547,0.22435,0.2316,0.0881,0.0894,0.1106,0.1158,0.1386,0.1426,0.1816,0.2189,6,6,-0.3649153,-0.3748988,0.13379441,0.075591214,0.13429107,0.21106501,-0.24298425,-0.30803704,22.96897858388784,72.57170278475752,2295.0,Ahmedabad,5,"{""type"":""MultiPoint"",""coordinates"":[]}",-8.257780245706318,-14.579989859478982,-6.699050945417419,-14.147971502460955
1_1_1_1_1_1_1_2_296_0_1_1_1_1_1_1_1_2_296_0,0.2195,0.3189,0.15085,0.2711,0.05,0.1042,0.0793,0.138,0.08315,0.1704,0.2736,0.2762,4,6,-0.46921018,-0.3959291,-0.10971405,0.071752645,0.5338472,0.23690103,-0.5505809,-0.33365524,23.15879260342229,72.55050254405229,2296.0,Ahmedabad,5,"{""type"":""MultiPoint"",""coordinates"":[]}",-10.135381194859622,-16.44449646999451,-11.641016684348479,-18.621624594379558
1_1_1_1_1_1_1_2_297_0_1_1_1_1_1_1_1_2_297_0,0.0216,0.0227,0.02045,0.0224,0.0224,0.0195,0.027,0.0332,0.0209,0.0204,0.01915,0.0147,0,0,0.11111111,0.18783543,0.0601227,0.21390374,-0.04369538,-0.16239317,0.17009751,0.3862213,23.02611143595784,72.57484688825194,2297.0,Ahmedabad,5,"{""type"":""MultiPoint"",""coordinates"":[]}",-21.335483555019085,-25.11846633439089,-20.386061498421043,-25.997929515608675
1_1_1_1_1_1_1_2_298_0_1_1_1_1_1_1_1_2_298_0,0.191,0.2311,0.1206,0.1634,0.0483,0.0674,0.07475,0.0905,0.0732,0.0975,0.271,0.2671,4,4,-0.4374412,-0.43718904,-0.17316018,-0.072260134,0.5746659,0.4651673,-0.5676066,-0.49384788,22.92945271138658,72.51385128046022,2298.0,Ahmedabad,5,"{""type"":""MultiPoint"",""coordinates"":[]}",-12.03819925920179,-17.88855028753938,-10.736092649797211,-16.914165301549687
1_1_1_1_1_1_1_2_299_0_1_1_1_1_1_1_1_2_299_0,0.2383,0.2232,0.2135,0.201,0.1186,0.1154,0.1463,0.1372,0.1745,0.183,0.21045,0.2215,6,6,-0.23920956,-0.23862375,0.06206128,0.0038228019,0.09338875,0.09517923,-0.1798178,-0.23501533,23.038687849935517,72.52517005304013,2299.0,Ahmedabad,5,"{""type"":""MultiPoint"",""coordinates"":[]}",-7.739395732257153,-15.707366337809475,-8.661292631769442,-16.068223494355685
1_1_1_1_1_1_1_2_300_0_1_1_1_1_1_1_1_2_300_0,0.26045,0.2452,0.24025,0.2207,0.0987,0.099,0.1271,0.117,0.1526,0.1384,0.1955,0.1794,6,6,-0.34408462,-0.3539481,0.14244983,0.15496938,0.12324045,0.12901196,-0.21202728,-0.21052632,23.01587064171888,72.53675832020527,2300.0,Ahmedabad,5,"{""type"":""MultiPoint"",""coordinates"":[]}",-11.244402097610374,-16.984261028690945,-11.486021203804544,-17.60554777448764
1_1_1_1_1_1_1_2_301_0_1_1_1_1_1_1_1_2_301_0,0.30255,0.2817,0.24615,0.2238,0.07725,0.0688,0.1115,0.0966,0.1426,0.1088,0.2689,0.2482,6,6,-0.4614177,-0.4892942,0.05888529,0.06321947,0.3069259,0.3904762,-0.41377497,-0.43967518,23.0212605334236,72.40560428872382,2301.0,Ahmedabad,5,"{""type"":""MultiPoint"",""coordinates"":[]}",-11.617988091837011,-17.438671322630285,-11.012943891423795,-17.522127744223212
1_1_1_1_1_1_1_2_302_0_1_1_1_1_1_1_1_2_302_0,0.13675,0.274,0.08195,0.2238,0.03925,0.0881,0.0644,0.1176,0.0585,0.1354,0.24125,0.2393,4,4,-0.35968181,-0.39938712,-0.27645501,0.06760179,0.60967475,0.2772885,-0.57860297,-0.34099188,22.92217635758521,72.58966909043991,2302.0,Ahmedabad,5,"{""type"":""MultiPoint"",""coordinates"":[]}",-11.792267321190572,-19.749258513864255,-12.37264283593145,-18.02927352917779
1_1_1_1_1_1_1_2_303_0_1_1_1_1_1_1_1_2_303_0,0.27075,0.3684,0.2083,0.3261,0.0987,0.2988,0.1392,0.3452,0.1571,0.3897,0.3286,0.4531,6,6,-0.32089278,-0.032511212,-0.09652123,-0.10310408,0.35309863,0.07522544,-0.40487388,-0.13516222,23.10004278384088,72.57107396405863,2303.0,Ahmedabad,5,"{""type"":""MultiPoint"",""coordinates"":[]}",-7.795033128040274,-13.354247262014951,-11.736499467735372,-16.647699513726682
1_1_1_1_1_1_1_2_304_0_1_1_1_1_1_1_1_2_304_0,0.0876,0.2305,0.0539,0.2144,0.0483,0.0994,0.0703,0.1294,0.0609,0.1461,0.165,0.1808,4,6,-0.109563015,-0.28091136,-0.3064133,0.12083637,0.4608234,0.10614867,-0.40246493,-0.16569954,22.94328676676202,72.60197600983234,2304.0,Ahmedabad,5,"{""type"":""MultiPoint"",""coordinates"":[]}",-11.996133193599753,-18.76670034197283,-1.8141461969401067,-16.499520616539535
1_1_1_1_1_1_1_2_305_0_1_1_1_1_1_1_1_2_305_0,0.29775,0.3525,0.20945,0.2528,0.06765,0.0803,0.0948,0.1072,0.1298,0.141,0.2398,0.237,1,5,-0.5170042,-0.53360885,0.107803926,0.19592875,0.29761904,0.25396827,-0.43335325,-0.37710634,23.039226839105982,72.40910771833188,2305.0,Ahmedabad,5,"{""type"":""MultiPoint"",""coordinates"":[]}",-11.986514748195983,-18.098510975164306,-11.120453998924507,-17.044262756770188
1_1_1_1_1_1_1_2_306_0_1_1_1_1_1_1_1_2_306_0,0.1815,0.2097,0.1179,0.1463,0.0453,0.0575,0.0696,0.087,0.0599,0.0788,0.2822,0.2504,4,4,-0.4456392,-0.41354904,-0.21716627,-0.08845903,0.64981,0.52126366,-0.60432065,-0.48429164,22.944903734273435,72.68255489081787,2306.0,Ahmedabad,5,"{""type"":""MultiPoint"",""coordinates"":[]}",-11.248611647802417,-17.294517284468093,-10.467973584221449,-17.754619191922647
1_1_1_1_1_1_1_2_307_0_1_1_1_1_1_1_1_2_307_0,0.3057,0.2766,0.289,0.2588,0.146,0.1396,0.1773,0.1736,0.2145,0.1968,0.25425,0.2366,6,6,-0.2658385,-0.2287872,0.091883205,0.07794232,0.0848,0.09183203,-0.17831074,-0.15358362,22.975805780047143,72.73492667188204,2307.0,Ahmedabad,5,"{""type"":""MultiPoint"",""coordinates"":[]}",-3.5466641172281825,-16.463877224813153,-1.8798082047470288,-14.3771671349465
1_1_1_1_1_1_1_2_308_0_1_1_1_1_1_1_1_2_308_0,0.2098,0.1853,0.1286,0.1047,0.03715,0.0324,0.05825,0.0558,0.0552,0.0434,0.24725,0.2653,1,1,-0.5653796,-0.53712153,-0.08193852,-0.17754106,0.634981,0.71882087,-0.61865795,-0.6524447,23.05198291614048,72.42195362689479,2308.0,Ahmedabad,5,"{""type"":""MultiPoint"",""coordinates"":[]}",-8.927891001709309,-13.81341009733237,-7.337511930715877,-12.92325268941375
1_1_1_1_1_1_1_2_309_0_1_1_1_1_1_1_1_2_309_0,0.3194,0.2867,0.2395,0.2201,0.0578,0.0662,0.08445,0.0916,0.1081,0.1098,0.25945,0.245,5,1,-0.5817754,-0.51572824,0.10356742,0.07842769,0.41178071,0.38105977,-0.5088689,-0.4557338,23.07480012435712,72.72369773083054,2309.0,Ahmedabad,5,"{""type"":""MultiPoint"",""coordinates"":[]}",-11.607449977182473,-16.53763279738564,-11.197738375073927,-16.488047750977515
1_1_1_1_1_1_1_2_310_0_1_1_1_1_1_1_1_2_310_0,0.3134,0.3028,0.27605,0.2754,0.0854,0.0798,0.1242,0.1112,0.1771,0.1522,0.2367,0.2192,4,4,-0.43235832,-0.46280193,0.1394292,0.16015325,0.14403093,0.1803985,-0.3117207,-0.32687652,22.905288030243764,72.65937835648758,2310.0,Ahmedabad,5,"{""type"":""MultiPoint"",""coordinates"":[]}",-10.931992754245428,-19.792792348568153,-14.589409192149388,-22.812278443258748
1_1_1_1_1_1_1_2_311_0_1_1_1_1_1_1_1_2_311_0,0.1976,0.0227,0.17945,0.0191,0.0938,0.022,0.1393,0.028,0.1711,0.0164,0.2431,0.0165,0,0,-0.17304838,0.10453649,-0.10324484,0.15816326,0.17382906,0.0030395137,-0.27144352,0.25842696,23.10929543126731,72.64805958390768,2311.0,Ahmedabad,5,"{""type"":""MultiPoint"",""coordinates"":[]}",-12.351944279331025,-21.380874796225733,-21.08068367401763,-26.612958739021366
1_1_1_1_1_1_1_2_312_0_1_1_1_1_1_1_1_2_312_0,0.1954,0.2413,0.13755,0.184,0.0285,0.0476,0.0456,0.0722,0.0502,0.0764,0.22915,0.2408,6,6,-0.6215768,-0.53939396,-0.07949594,0.0010371292,0.64059424,0.518285,-0.66806185,-0.53865814,23.18628105111635,72.63341704477652,2312.0,Ahmedabad,5,"{""type"":""MultiPoint"",""coordinates"":[]}",-9.235437783565583,-15.89858766790094,-7.912697829352517,-15.2547614620446
1_1_1_1_1_1_1_2_313_0_1_1_1_1_1_1_1_2_313_0,0.18155,0.2366,0.1216,0.163,0.0409,0.0548,0.06535,0.0836,0.064,0.071,0.247,0.289,4,4,-0.4706359,-0.47782636,-0.1527243,-0.099695586,0.58842444,0.60555553,-0.5815591,-0.5512614,22.954605539341927,72.38656000470048,2313.0,Ahmedabad,5,"{""type"":""MultiPoint"",""coordinates"":[]}",-10.576736274146668,-17.842029295665213,-10.382106643259895,-17.737471316322377
1_1_1_1_1_1_1_2_314_0_1_1_1_1_1_1_1_2_314_0,0.18725,0.1666,0.10615,0.0959,0.0351,0.0392,0.05755,0.0565,0.05695,0.0481,0.247,0.222,1,1,-0.52982026,-0.49350068,-0.13759355,-0.14256305,0.6252673,0.6438356,-0.62206537,-0.5942549,23.12860920987588,72.4859136751241,2314.0,Ahmedabad,5,"{""type"":""MultiPoint"",""coordinates"":[]}",-8.7350259005227,-13.098675146146245,-7.1405168521601565,-12.78363857438756
1_1_1_1_1_1_1_2_315_0_1_1_1_1_1_1_1_2_315_0,0.0379,0.0608,0.03065,0.0392,0.02355,0.0292,0.03585,0.0411,0.02275,0.0322,0.0255,0.093,0,0,-0.02779661,-0.19332679,0.1955836,-0.2093628,0.05699482,0.485623,0.16870415,-0.3870246,23.10588183318765,72.6489578991918,2315.0,Ahmedabad,5,"{""type"":""MultiPoint"",""coordinates"":[]}",-12.795426398152014,-22.63703886564346,-12.206004838630001,-20.172653241751245
1_1_1_1_1_1_1_2_316_0_1_1_1_1_1_1_1_2_316_0,0.28925,0.2313,0.2389,0.169,0.09835,0.0792,0.1299,0.1016,0.1599,0.103,0.26605,0.2299,4,4,-0.38017416,-0.38960648,0.04177922,0.0030355593,0.24920766,0.38119555,-0.34385654,-0.38702866,22.91292371015878,72.63593232757206,2316.0,Ahmedabad,5,"{""type"":""MultiPoint"",""coordinates"":[]}",-11.653675322629416,-18.90498031393267,-11.446485509388584,-20.107380874320878
1_1_1_1_1_1_1_2_317_0_1_1_1_1_1_1_1_2_317_0,0.23025,0.2448,0.1604,0.1717,0.0392,0.0514,0.0668,0.0796,0.0793,0.0886,0.24265,0.2732,6,6,-0.5502441,-0.50924784,-0.026221188,-0.054826256,0.5073769,0.51022667,-0.5682663,-0.54875284,23.039137007577573,72.47270844044755,2317.0,Ahmedabad,5,"{""type"":""MultiPoint"",""coordinates"":[]}",-9.668765953428984,-14.421417485715974,-8.429863124789442,-14.188537029812927
1_1_1_1_1_1_1_2_318_0_1_1_1_1_1_1_1_2_318_0,0.2167,0.3338,0.1515,0.271,0.0591,0.0846,0.0841,0.115,0.0995,0.1498,0.2456,0.2819,4,4,-0.44082448,-0.48752227,-0.06251352,0.0842943,0.42335555,0.30599955,-0.48983926,-0.42050895,22.90600668247106,72.68596848889752,2318.0,Ahmedabad,5,"{""type"":""MultiPoint"",""coordinates"":[]}",-11.754205827973031,-17.98091407370186,-10.756458906973197,-18.83987543887247
1_1_1_1_1_1_1_2_319_0_1_1_1_1_1_1_1_2_319_0,0.30565,0.2491,0.2658,0.2289,0.1186,0.1276,0.1554,0.147,0.18445,0.1616,0.2601,0.2069,6,6,-0.32588658,-0.25776318,0.08051259,0.09254386,0.17017208,0.1229308,-0.25198555,-0.16925685,22.90286257897664,72.42967913833822,2319.0,Ahmedabad,5,"{""type"":""MultiPoint"",""coordinates"":[]}",-2.688556902052434,-11.121413330223408,-3.7266223340054516,-12.883627988470193
1_1_1_1_1_1_1_2_320_0_1_1_1_1_1_1_1_2_320_0,0.12735,0.3577,0.07985,0.2831,0.03905,0.105,0.0638,0.1414,0.06775,0.1822,0.1925,0.2758,4,7,-0.33246142,-0.4333801,-0.20368923,0.12928177,0.47934678,0.20436682,-0.50214595,-0.32214764,22.913552530857665,72.36697673150668,2320.0,Ahmedabad,5,"{""type"":""MultiPoint"",""coordinates"":[]}",-10.884689804823315,-18.81729773965158,-12.439431932494795,-20.366154426457463
1_1_1_1_1_1_1_2_321_0_1_1_1_1_1_1_1_2_321_0,0.2043,0.1024,0.14295,0.0617,0.0683,0.0484,0.09055,0.0642,0.1005,0.046,0.1776,0.1632,4,4,-0.3857894,-0.22929172,0.06991359,-0.22891566,0.2772384,0.5602294,-0.32463175,-0.4353562,22.927835743875164,72.38961427666649,2321.0,Ahmedabad,5,"{""type"":""MultiPoint"",""coordinates"":[]}",-11.019097216561326,-20.2609153968081,-10.073954749199512,-18.89362753168013
1_1_1_1_1_1_1_2_322_0_1_1_1_1_1_1_1_2_322_0,0.32165,0.2751,0.26995,0.1956,0.0889,0.0807,0.1221,0.111,0.1541,0.1237,0.22985,0.2635,4,6,-0.44969013,-0.4250194,0.16645512,0.021537319,0.19729131,0.3610537,-0.30615145,-0.4072096,22.954425876285104,72.6504850351748,2322.0,Ahmedabad,5,"{""type"":""MultiPoint"",""coordinates"":[]}",-14.04954282755093,-21.723386062462474,-9.706704700501918,-16.325556108827133
1_1_1_1_1_1_1_2_323_0_1_1_1_1_1_1_1_2_323_0,0.27875,0.2418,0.21715,0.1581,0.07375,0.059,0.1088,0.0802,0.1464,0.0866,0.27505,0.2611,4,4,-0.43852407,-0.50186336,0.006681112,-0.03837741,0.30525565,0.50186944,-0.4331119,-0.5300322,22.97077521445608,72.40605344636587,2323.0,Ahmedabad,5,"{""type"":""MultiPoint"",""coordinates"":[]}",-11.56708371930133,-20.754452174371025,-8.959404463763196,-18.384004564092592
1_1_1_1_1_1_1_2_324_0_1_1_1_1_1_1_1_2_324_0,0.303,0.3665,0.225,0.302,0.06525,0.0963,0.0926,0.1246,0.1207,0.1716,0.2655,0.277,4,4,-0.53185034,-0.49256772,0.06596306,0.13908313,0.37493527,0.2349532,-0.48282602,-0.37948206,23.061235563566918,72.48555434901046,2324.0,Ahmedabad,5,"{""type"":""MultiPoint"",""coordinates"":[]}",-11.15835934238744,-16.26177933577358,-11.258591104194627,-17.88223243385692
1_1_1_1_1_1_1_2_325_0_1_1_1_1_1_1_1_2_325_0,0.24075,0.2387,0.1652,0.1725,0.04385,0.0448,0.0712,0.0714,0.0796,0.0784,0.2577,0.2518,6,6,-0.5435166,-0.5395034,-0.03400542,-0.02670744,0.5280166,0.5251363,-0.56704164,-0.5581683,23.181879306224165,72.74660477057559,2325.0,Ahmedabad,5,"{""type"":""MultiPoint"",""coordinates"":[]}",-7.726664119913791,-13.302046777909766,-7.227023364802982,-13.155253952632272
1_1_1_1_1_1_1_2_326_0_1_1_1_1_1_1_1_2_326_0,0.0369,0.0731,0.0282,0.0413,0.04795,0.042,0.0711,0.0504,0.0572,0.0388,0.064,0.0971,0,0,0.31666666,-0.18380567,-0.26858276,-0.14101058,0.05610561,0.4289919,0.052553665,-0.31661016,22.91561865601114,72.48699165346504,2326.0,Ahmedabad,5,"{""type"":""MultiPoint"",""coordinates"":[]}",-20.274315348495858,-26.62080260402218,-14.190533147162506,-20.736187248780812
1_1_1_1_1_1_1_2_327_0_1_1_1_1_1_1_1_2_327_0,0.2323,0.2626,0.22075,0.25,0.1119,0.1534,0.1342,0.1852,0.1623,0.2084,0.18485,0.2333,6,6,-0.2676671,-0.17284502,0.11374805,0.059084494,0.064957514,0.056373104,-0.15875255,-0.11493429,23.035992904083155,72.5955979713151,2327.0,Ahmedabad,5,"{""type"":""MultiPoint"",""coordinates"":[]}",-5.610693080076799,-15.500912997263669,-6.23993134331354,-13.55371422825079
1_1_1_1_1_1_1_2_328_0_1_1_1_1_1_1_1_2_328_0,0.1985,0.1947,0.17555,0.1581,0.05035,0.0908,0.07115,0.1108,0.0833,0.1202,0.15835,0.1754,6,6,-0.4722789,-0.27463174,0.11251226,0.052148066,0.31057313,0.18673883,-0.37995642,-0.22571628,23.03347762128762,72.57125362711545,2328.0,Ahmedabad,5,"{""type"":""MultiPoint"",""coordinates"":[]}",-4.25622660764439,-12.174693999803452,-6.495035537550907,-13.890217814541717
1_1_1_1_1_1_1_2_329_0_1_1_1_1_1_1_1_2_329_0,0.32395,0.2849,0.2495,0.1956,0.0722,0.059,0.1059,0.0824,0.1368,0.0891,0.2628,0.2645,6,6,-0.50727,-0.55132043,0.10421815,0.037131418,0.3153153,0.49604073,-0.42554924,-0.5249351,23.038687849935517,72.43740464978164,2329.0,Ahmedabad,5,"{""type"":""MultiPoint"",""coordinates"":[]}",-10.736790872896425,-16.908361054238732,-9.411073779573227,-15.563934527611234
1_1_1_1_1_1_1_2_330_0_1_1_1_1_1_1_1_2_330_0,0.22765,0.2125,0.1556,0.1406,0.0461,0.053,0.0642,0.0744,0.073,0.0795,0.22945,0.2217,1,6,-0.560048,-0.4813524,-0.0039378693,-0.021188393,0.5172756,0.47211155,-0.56274474,-0.49746707,22.928823890687696,72.74840140114382,2330.0,Ahmedabad,5,"{""type"":""MultiPoint"",""coordinates"":[]}",-8.297264660728054,-14.633850428883441,-10.922062250734893,-16.105436204371614
1_1_1_1_1_1_1_2_331_0_1_1_1_1_1_1_1_2_331_0,0.2608,0.2874,0.2381,0.2648,0.114,0.1514,0.1436,0.1808,0.16695,0.2008,0.212,0.2492,6,6,-0.28981206,-0.22768047,0.10321489,0.071188964,0.11888112,0.10755555,-0.19235095,-0.15906976,23.066355960686398,72.53442270046655,2331.0,Ahmedabad,5,"{""type"":""MultiPoint"",""coordinates"":[]}",-5.533750983393707,-15.943796966900658,-5.148943596077375,-16.352583825201638
1_1_1_1_1_1_1_2_332_0_1_1_1_1_1_1_1_2_332_0,0.2625,0.2836,0.20925,0.217,0.0692,0.0876,0.0955,0.1122,0.1242,0.147,0.22555,0.2397,6,6,-0.46648043,-0.433047,0.075709455,0.08389069,0.2897784,0.23972072,-0.4050771,-0.36231884,22.94607154414279,72.58490801943407,2332.0,Ahmedabad,5,"{""type"":""MultiPoint"",""coordinates"":[]}",-10.494688454548914,-17.069492117284206,-11.309557848097317,-17.470887765726474
1_1_1_1_1_1_1_2_333_0_1_1_1_1_1_1_1_2_333_0,0.1955,0.2046,0.1659,0.179,0.0655,0.0747,0.086,0.102,0.1067,0.1122,0.17515,0.207,6,6,-0.38898757,-0.33463797,0.05490355,-0.005830904,0.24285968,0.29699248,-0.3413747,-0.3398058,23.049377801816537,72.59281319393432,2333.0,Ahmedabad,5,"{""type"":""MultiPoint"",""coordinates"":[]}",-2.367293983334805,-14.323639688578915,-1.3521144233615727,-14.194266412868352
1_1_1_1_1_1_1_2_334_0_1_1_1_1_1_1_1_2_334_0,0.313,0.2973,0.2697,0.2487,0.3169,0.2182,0.3508,0.2316,0.3878,0.2566,0.43115,0.2765,6,6,0.056944862,-0.12422008,-0.15877175,0.036249563,0.052933633,0.03732883,-0.102755934,-0.08836843,23.04695235054941,72.51537841644323,2334.0,Ahmedabad,5,"{""type"":""MultiPoint"",""coordinates"":[]}",-5.709190220198113,-10.800557753074834,-5.995433155758897,-11.04335773788163
1_1_1_1_1_1_1_2_335_0_1_1_1_1_1_1_1_2_335_0,0.3009,0.3186,0.2773,0.2863,0.169,0.1802,0.2096,0.2184,0.2417,0.2476,0.27845,0.2962,6,6,-0.17884427,-0.18659218,0.038750324,0.036434613,0.07065269,0.08937109,-0.14107162,-0.1511854,23.10435469720465,72.4700134945952,2335.0,Ahmedabad,5,"{""type"":""MultiPoint"",""coordinates"":[]}",-2.7703204424714807,-8.164027050249743,-2.5669056850360388,-11.508764713904359
1_1_1_1_1_1_1_2_336_0_1_1_1_1_1_1_1_2_336_0,0.1811,0.1634,0.11265,0.0946,0.0545,0.0417,0.08205,0.0648,0.07835,0.0485,0.2508,0.2734,1,1,-0.3764013,-0.43207714,-0.16137995,-0.2518315,0.52392524,0.6986642,-0.5069851,-0.6167948,22.982632976206457,72.40111271230322,2336.0,Ahmedabad,5,"{""type"":""MultiPoint"",""coordinates"":[]}",-10.056209538141967,-15.507371311671307,-7.749660516565237,-13.598394346182046
1_1_1_1_1_1_1_2_337_0_1_1_1_1_1_1_1_2_337_0,0.2095,0.175,0.18975,0.1482,0.076,0.0711,0.1005,0.0878,0.1259,0.0978,0.16965,0.1506,6,6,-0.3516129,-0.33181125,0.10510352,0.07493857,0.1480291,0.21256039,-0.2559689,-0.26342282,22.962870039955828,72.65111385587369,2337.0,Ahmedabad,5,"{""type"":""MultiPoint"",""coordinates"":[]}",-1.4908564746104793,-11.366012627550084,-9.096389531727365,-17.24414353533114
1_1_1_1_1_1_1_2_338_0_1_1_1_1_1_1_1_2_338_0,0.19425,0.2115,0.1708,0.1715,0.0744,0.083,0.09485,0.1038,0.1079,0.1162,0.1531,0.1783,6,6,-0.34382567,-0.34157944,0.118468404,0.085171886,0.17318007,0.21086587,-0.2349264,-0.26409075,23.02458429997484,72.56981632266087,2338.0,Ahmedabad,5,"{""type"":""MultiPoint"",""coordinates"":[]}",-7.140865395396411,-16.19930940613485,-6.073398283053235,-15.939133391243145
1_1_1_1_1_1_1_2_339_0_1_1_1_1_1_1_1_2_339_0,0.20855,0.0953,0.12325,0.0555,0.03825,0.0331,0.07045,0.0552,0.0568,0.0418,0.33125,0.1622,4,0,-0.4949821,-0.2664452,-0.22730641,-0.25980583,0.70725423,0.5901961,-0.64924073,-0.49218032,23.0288063818102,72.35916138853484,2339.0,Ahmedabad,5,"{""type"":""MultiPoint"",""coordinates"":[]}",-11.991003553349653,-20.290006783995807,-10.438008487887705,-17.886685488976227
1_1_1_1_1_1_1_2_340_0_1_1_1_1_1_1_1_2_340_0,0.2288,0.2462,0.172,0.1789,0.036,0.0457,0.061,0.0681,0.0602,0.0716,0.25635,0.2344,6,6,-0.57902,-0.56665605,-0.05678656,0.024552643,0.61964935,0.5320262,-0.61556643,-0.54975206,23.087196875277968,72.62084063079885,2340.0,Ahmedabad,5,"{""type"":""MultiPoint"",""coordinates"":[]}",-9.253770450299143,-14.336505974819596,-8.639757509538523,-14.42947402392363
1_1_1_1_1_1_1_2_341_0_1_1_1_1_1_1_1_2_341_0,0.1357,0.1978,0.11995,0.1246,0.0702,0.0458,0.0909,0.0706,0.08905,0.0728,0.1047,0.2646,0,1,-0.19770521,-0.4739195,0.12895174,-0.14446367,0.080774195,0.56846476,-0.07055215,-0.57875896,23.11279886087537,72.62703900625928,2341.0,Ahmedabad,5,"{""type"":""MultiPoint"",""coordinates"":[]}",-9.336673456509125,-16.95646545034807,-8.443677422127145,-13.881247483189119
1_1_1_1_1_1_1_2_342_0_1_1_1_1_1_1_1_2_342_0,0.16995,0.2336,0.1052,0.1734,0.0459,0.0594,0.0642,0.08,0.0653,0.0906,0.2326,0.2368,1,4,-0.45163357,-0.48979592,-0.15563284,-0.006802721,0.5615978,0.44654855,-0.56738544,-0.4949495,22.924242482738688,72.62865597377069,2342.0,Ahmedabad,5,"{""type"":""MultiPoint"",""coordinates"":[]}",-11.412196995789305,-14.703331002344882,-10.45237606778546,-15.389707696577576
1_1_1_1_1_1_1_2_343_0_1_1_1_1_1_1_1_2_343_0,0.2559,0.2482,0.22945,0.2124,0.07,0.0706,0.09755,0.1086,0.1152,0.1082,0.2281,0.26,6,6,-0.44801244,-0.39125562,0.057438016,-0.023219205,0.32886687,0.41227594,-0.40089053,-0.41074336,23.066805118328453,72.55903653925144,2343.0,Ahmedabad,5,"{""type"":""MultiPoint"",""coordinates"":[]}",-8.203375268793916,-12.768224419463746,-8.711176909308278,-13.680269820120355
1_1_1_1_1_1_1_2_344_0_1_1_1_1_1_1_1_2_344_0,0.2406,0.2935,0.23625,0.27,0.1166,0.1632,0.1378,0.1994,0.1554,0.2322,0.1805,0.2728,6,6,-0.2716702,-0.19091094,0.14272144,0.036553062,0.07472462,0.08039604,-0.13415018,-0.15544261,23.12708207389288,72.45680825991863,2344.0,Ahmedabad,5,"{""type"":""MultiPoint"",""coordinates"":[]}",0.04854023928087883,-10.357618882776213,-10.625986524114605,-18.667595370812606
1_1_1_1_1_1_1_2_345_0_1_1_1_1_1_1_1_2_345_0,0.2882,0.2957,0.2063,0.1861,0.07845,0.0693,0.1178,0.1092,0.1351,0.1028,0.29775,0.3343,6,4,-0.41970444,-0.46060756,-0.016298318,-0.061269842,0.37576526,0.5296271,-0.43304056,-0.5075536,22.97302100266638,72.46381511913476,2345.0,Ahmedabad,5,"{""type"":""MultiPoint"",""coordinates"":[]}",-13.679938673041388,-21.134317759330635,-13.699713986068966,-20.851987974778446
1_1_1_1_1_1_1_2_346_0_1_1_1_1_1_1_1_2_346_0,0.26675,0.2927,0.2334,0.2632,0.05925,0.0883,0.08595,0.1148,0.1064,0.1352,0.2403,0.25,4,4,-0.51261693,-0.43656442,0.05216448,0.07868067,0.38621286,0.298027,-0.47310343,-0.37061402,23.095012218249806,72.73950807983104,2346.0,Ahmedabad,5,"{""type"":""MultiPoint"",""coordinates"":[]}",-11.900660264703028,-19.221182493197354,-11.348051726747576,-19.611545069035873
1_1_1_1_1_1_1_2_347_0_1_1_1_1_1_1_1_2_347_0,0.2844,0.3501,0.23545,0.2948,0.0728,0.1038,0.0969,0.1404,0.1197,0.1818,0.2177,0.2732,4,4,-0.4917388,-0.42752293,0.13284206,0.12337558,0.29045644,0.20087913,-0.38397965,-0.32108316,22.95011396292133,72.67851247203933,2347.0,Ahmedabad,5,"{""type"":""MultiPoint"",""coordinates"":[]}",-9.810709568011598,-16.035475380515102,-12.213199739916185,-18.458536954321005
1_1_1_1_1_1_1_2_348_0_1_1_1_1_1_1_1_2_348_0,0.30295,0.2985,0.2419,0.2374,0.0793,0.0986,0.1137,0.1404,0.1546,0.177,0.2579,0.2934,6,6,-0.45421818,-0.36021873,0.08032451,0.008616321,0.25042424,0.24744898,-0.38805166,-0.3526971,23.1821488008094,72.56909767043356,2348.0,Ahmedabad,5,"{""type"":""MultiPoint"",""coordinates"":[]}",-12.241854133311321,-18.19483239877639,-11.9246542382845,-18.675746207788478
1_1_1_1_1_1_1_2_349_0_1_1_1_1_1_1_1_2_349_0,0.2393,0.2399,0.2297,0.2237,0.1121,0.1372,0.1345,0.1586,0.1616,0.183,0.1942,0.2092,6,6,-0.28036383,-0.20401506,0.10403691,0.06835894,0.091624506,0.06680265,-0.18162458,-0.13757476,22.99341275961589,72.62829664765705,2349.0,Ahmedabad,5,"{""type"":""MultiPoint"",""coordinates"":[]}",-1.73322553663517,-12.838130266933774,-0.9709711070648157,-13.015484216351854
1_1_1_1_1_1_1_2_350_0_1_1_1_1_1_1_1_2_350_0,0.2129,0.2302,0.1456,0.1672,0.04475,0.0642,0.0759,0.1004,0.085,0.1218,0.2712,0.3077,6,6,-0.47437674,-0.3926195,-0.120429665,-0.14407882,0.52274,0.43282887,-0.56266207,-0.5079637,23.0949223867214,72.6391662625949,2350.0,Ahmedabad,5,"{""type"":""MultiPoint"",""coordinates"":[]}",-9.768246574012483,-15.753598327306609,-9.602844136187208,-15.631624500798939
1_1_1_1_1_1_1_2_351_0_1_1_1_1_1_1_1_2_351_0,0.3355,0.303,0.278,0.2621,0.085,0.143,0.1241,0.1716,0.15605,0.2078,0.3338,0.2821,4,6,-0.4599652,-0.27686474,0.0025399672,0.03572039,0.3628662,0.1516636,-0.45796025,-0.24355301,23.109834420437775,72.53343455365402,2351.0,Ahmedabad,5,"{""type"":""MultiPoint"",""coordinates"":[]}",-11.336582875554836,-17.563182475666586,-0.822549242588489,-16.199357001720266
1_1_1_1_1_1_1_2_352_0_1_1_1_1_1_1_1_2_352_0,0.32095,0.3517,0.27765,0.2889,0.103,0.103,0.1505,0.1426,0.198,0.1924,0.2693,0.289,6,6,-0.36154416,-0.42302245,0.087505296,0.097861715,0.15257864,0.20066473,-0.2829919,-0.33920297,23.044167573168643,72.53612949950639,2352.0,Ahmedabad,5,"{""type"":""MultiPoint"",""coordinates"":[]}",-6.737083035032203,-14.308931508657746,-6.6599248790120695,-11.951970070845471
1_1_1_1_1_1_1_2_353_0_1_1_1_1_1_1_1_2_353_0,0.1988,0.1812,0.14315,0.1142,0.04095,0.0396,0.0602,0.0601,0.06915,0.0628,0.2003,0.2123,6,6,-0.53513515,-0.5018649,-0.0037584566,-0.079034306,0.48673224,0.54343873,-0.5378119,-0.55873716,23.0716560208627,72.52265477024459,2353.0,Ahmedabad,5,"{""type"":""MultiPoint"",""coordinates"":[]}",-7.3681846969343585,-15.894124022183686,-6.3073285464868345,-15.257346004182443
1_1_1_1_1_1_1_2_354_0_1_1_1_1_1_1_1_2_354_0,0.36895,0.3243,0.3254,0.291,0.09865,0.124,0.1453,0.1656,0.1904,0.2048,0.278,0.2724,4,6,-0.4349052,-0.32394367,0.14058274,0.08697838,0.18701965,0.14165968,-0.31348926,-0.24383561,23.08638839152226,72.50639526360203,2354.0,Ahmedabad,5,"{""type"":""MultiPoint"",""coordinates"":[]}",-12.640974402080708,-21.41927000257563,-11.032136660823554,-18.34947352092823
1_1_1_1_1_1_1_2_355_0_1_1_1_1_1_1_1_2_355_0,0.19715,0.2311,0.11935,0.1481,0.04,0.0503,0.07045,0.0756,0.057,0.0714,0.3234,0.3304,4,4,-0.47346786,-0.5070101,-0.24253194,-0.17684773,0.7003155,0.6445993,-0.6422496,-0.6275862,23.18852683932665,72.7248655406999,2355.0,Ahmedabad,5,"{""type"":""MultiPoint"",""coordinates"":[]}",-12.163000623725285,-18.895387483227584,-9.823254338424352,-16.469684385594128
1_1_1_1_1_1_1_2_356_0_1_1_1_1_1_1_1_2_356_0,0.29745,0.2856,0.22235,0.2202,0.06895,0.0808,0.09715,0.1054,0.1261,0.125,0.25185,0.2718,4,6,-0.50760263,-0.46086955,0.08301475,0.024757804,0.33271596,0.36995968,-0.44326648,-0.44114527,23.087915527505263,72.50109520342572,2356.0,Ahmedabad,5,"{""type"":""MultiPoint"",""coordinates"":[]}",-11.166083735534482,-16.698419174837507,-9.613885299271459,-15.890880631104714
1_1_1_1_1_1_1_2_357_0_1_1_1_1_1_1_1_2_357_0,0.2854,0.2999,0.24965,0.2717,0.09185,0.1524,0.1163,0.1832,0.1492,0.2176,0.2324,0.2625,6,6,-0.4209609,-0.2415649,0.10235612,0.06650071,0.21802935,0.09352218,-0.33295095,-0.17792237,23.123668475813226,72.68390236374404,2357.0,Ahmedabad,5,"{""type"":""MultiPoint"",""coordinates"":[]}",-6.997334832046377,-16.97740096787003,-6.755480509392113,-16.87982922364099
1_1_1_1_1_1_1_2_358_0_1_1_1_1_1_1_1_2_358_0,0.26085,0.1742,0.20745,0.154,0.05185,0.0566,0.08,0.064,0.09585,0.0817,0.21865,0.0988,6,6,-0.5305853,-0.46263644,0.088008344,0.2761905,0.39046106,0.094736844,-0.4642558,-0.21375921,23.08270529885737,72.65156301351574,2358.0,Ahmedabad,5,"{""type"":""MultiPoint"",""coordinates"":[]}",-9.885339785012803,-15.258335124112287,-12.745857234146492,-19.19743468656829
1_1_1_1_1_1_1_2_359_0_1_1_1_1_1_1_1_2_359_0,0.1674,0.1637,0.1513,0.1422,0.0649,0.0702,0.07915,0.0799,0.08915,0.0956,0.12025,0.1376,6,6,-0.35793957,-0.34400657,0.16391449,0.08662463,0.14851958,0.18010291,-0.20611836,-0.26528737,23.005180689837857,72.58930976432626,2359.0,Ahmedabad,5,"{""type"":""MultiPoint"",""coordinates"":[]}",-7.738979525250025,-16.81593652641734,-8.338741140461952,-17.321246687164574
1_1_1_1_1_1_1_2_360_0_1_1_1_1_1_1_1_2_360_0,0.27575,0.2054,0.1951,0.1295,0.0701,0.048,0.0981,0.0713,0.1317,0.0664,0.26185,0.2534,4,1,-0.47519058,-0.48464042,0.025855655,-0.10462075,0.33070767,0.58474046,-0.4549243,-0.56082535,23.15870277189388,72.45240651502644,2360.0,Ahmedabad,5,"{""type"":""MultiPoint"",""coordinates"":[]}",-11.248798008932173,-17.114188817691396,-8.83504132013144,-13.035865636504763
1_1_1_1_1_1_1_2_361_0_1_1_1_1_1_1_1_2_361_0,0.1862,0.2171,0.12045,0.1544,0.04095,0.054,0.0646,0.0769,0.0521,0.0754,0.27385,0.2147,4,4,-0.4848485,-0.47687075,-0.19052278,0.005558129,0.6803191,0.48017925,-0.6182597,-0.47256514,22.903401568147117,72.70177883789802,2361.0,Ahmedabad,5,"{""type"":""MultiPoint"",""coordinates"":[]}",-10.784628428155496,-16.868329176459184,-11.036189840246458,-18.68063251962815
1_1_1_1_1_1_1_2_362_0_1_1_1_1_1_1_1_2_362_0,0.31935,0.3355,0.25595,0.264,0.0785,0.092,0.1076,0.1186,0.1478,0.155,0.2381,0.2588,5,4,-0.49595973,-0.4776481,0.14575298,0.1290594,0.23399845,0.25084582,-0.37749493,-0.37148914,23.0904308103008,72.46983383153837,2362.0,Ahmedabad,5,"{""type"":""MultiPoint"",""coordinates"":[]}",-11.862063516087712,-19.00044200953434,-10.985068154957048,-17.667682863154546
1_1_1_1_1_1_1_2_363_0_1_1_1_1_1_1_1_2_363_0,0.2503,0.2964,0.21415,0.2179,0.043,0.0804,0.0744,0.1102,0.09975,0.1322,0.23245,0.2942,4,6,-0.5417308,-0.45794392,0.03697566,0.0037250253,0.39945817,0.37992495,-0.5150725,-0.45499507,23.14064663468308,72.53469219505179,2363.0,Ahmedabad,5,"{""type"":""MultiPoint"",""coordinates"":[]}",-11.274242930281208,-20.454615504154035,-12.419230089178694,-19.210066226542523
1_1_1_1_1_1_1_2_364_0_1_1_1_1_1_1_1_2_364_0,0.2313,0.2511,0.15595,0.1601,0.0455,0.0586,0.0697,0.0814,0.06715,0.084,0.331,0.3088,4,4,-0.5368771,-0.5103759,-0.17730749,-0.10305411,0.6626899,0.57230145,-0.6521088,-0.58277804,23.10803778986954,72.51474959574433,2364.0,Ahmedabad,5,"{""type"":""MultiPoint"",""coordinates"":[]}",-10.645814610319869,-17.506211101400904,-10.70052517183021,-17.945588586138385
1_1_1_1_1_1_1_2_365_0_1_1_1_1_1_1_1_2_365_0,0.25845,0.339,0.20375,0.2982,0.0417,0.113,0.0742,0.1602,0.0911,0.2018,0.27485,0.304,4,6,-0.55388546,-0.35817307,-0.030751921,0.054432347,0.50211775,0.20205615,-0.574846,-0.30978027,23.128070220705407,72.68740579335211,2365.0,Ahmedabad,5,"{""type"":""MultiPoint"",""coordinates"":[]}",-13.170783389683102,-20.22101530415989,-12.385285460148499,-19.263867726579807
1_1_1_1_1_1_1_2_366_0_1_1_1_1_1_1_1_2_366_0,0.1963,0.1892,0.1742,0.1587,0.0704,0.0709,0.0875,0.0813,0.1029,0.0862,0.1489,0.1628,4,6,-0.38336858,-0.39889094,0.1373117,0.075,0.18268467,0.3076305,-0.25972927,-0.33387956,23.069589895709225,72.48726114805028,2366.0,Ahmedabad,5,"{""type"":""MultiPoint"",""coordinates"":[]}",-12.533208287741559,-20.685843917791956,-10.625626036891939,-18.683901509808777
1_1_1_1_1_1_1_2_367_0_1_1_1_1_1_1_1_2_367_0,0.2952,0.3235,0.23175,0.2472,0.06265,0.078,0.08775,0.097,0.134,0.1284,0.22325,0.2287,4,4,-0.5417156,-0.5386445,0.13877906,0.17167693,0.24982505,0.28087372,-0.43569133,-0.40435985,23.08692738069273,72.64365783901549,2367.0,Ahmedabad,5,"{""type"":""MultiPoint"",""coordinates"":[]}",-14.00606078333426,-19.973522864841765,-13.624592471433697,-20.043566289395578
1_1_1_1_1_1_1_2_368_0_1_1_1_1_1_1_1_2_368_0,0.20645,0.3512,0.1319,0.3263,0.04695,0.2662,0.0741,0.3156,0.0688,0.3516,0.2932,0.3649,6,6,-0.47175193,-0.053389322,-0.17362154,-0.019131407,0.6198895,0.018562457,-0.5965151,-0.07244673,22.965564985808182,72.4979510999313,2368.0,Ahmedabad,5,"{""type"":""MultiPoint"",""coordinates"":[]}",5.525999245209213,-12.264205108154314,-2.2371085691014487,-12.729147117554156
1_1_1_1_1_1_1_2_369_0_1_1_1_1_1_1_1_2_369_0,0.2472,0.2779,0.22375,0.2477,0.0981,0.118,0.1269,0.1536,0.156,0.191,0.20555,0.2502,6,6,-0.32157177,-0.2880649,0.09199338,0.052452188,0.13704881,0.13417952,-0.23657693,-0.23922734,23.084591760954023,72.56505525165502,2369.0,Ahmedabad,5,"{""type"":""MultiPoint"",""coordinates"":[]}",-6.5461691751813955,-13.617568136305763,-9.391739627940332,-12.528220694811715
1_1_1_1_1_1_1_2_370_0_1_1_1_1_1_1_1_2_370_0,0.28045,0.2569,0.2402,0.2328,0.0573,0.0668,0.08785,0.0937,0.1125,0.1244,0.246,0.2099,4,4,-0.52294326,-0.46548775,0.065438315,0.10068552,0.37238494,0.25575832,-0.47371575,-0.38274044,23.140736466211493,72.71175013755175,2370.0,Ahmedabad,5,"{""type"":""MultiPoint"",""coordinates"":[]}",-12.69138154287792,-21.01585600099297,-11.395325170841318,-21.26994936209953
1_1_1_1_1_1_1_2_371_0_1_1_1_1_1_1_1_2_371_0,0.1844,0.1718,0.1661,0.15,0.0776,0.096,0.09925,0.111,0.1173,0.1249,0.14385,0.1477,6,6,-0.3001939,-0.21499293,0.12353389,0.07543036,0.10166571,0.08363903,-0.18346359,-0.14186317,23.059618596055497,72.5362193310348,2371.0,Ahmedabad,5,"{""type"":""MultiPoint"",""coordinates"":[]}",-7.738646141113306,-12.665332178173289,-6.0275307137923875,-15.995232379664326
1_1_1_1_1_1_1_2_372_0_1_1_1_1_1_1_1_2_372_0,0.2478,0.1777,0.177,0.1046,0.0598,0.0454,0.0879,0.0648,0.1098,0.0592,0.233,0.2088,4,1,-0.47631815,-0.46556702,0.030782029,-0.08046572,0.35939324,0.55820894,-0.45216578,-0.5263158,22.90313207356188,72.6633309437377,2372.0,Ahmedabad,5,"{""type"":""MultiPoint"",""coordinates"":[]}",-9.78535306678415,-15.991713809165764,-10.852398337388966,-15.657355563784696
1_1_1_1_1_1_1_2_373_0_1_1_1_1_1_1_1_2_373_0,0.2983,0.3196,0.27125,0.2844,0.1076,0.1086,0.1443,0.1482,0.1775,0.1776,0.2364,0.2542,6,6,-0.34794396,-0.3663959,0.11576585,0.11397699,0.1423049,0.17739694,-0.24192278,-0.26341948,23.18349627373558,72.66162414469788,2373.0,Ahmedabad,5,"{""type"":""MultiPoint"",""coordinates"":[]}",-1.8435812063760082,-16.01785857252811,-3.541117660492189,-17.536547264445453
1_1_1_1_1_1_1_2_374_0_1_1_1_1_1_1_1_2_374_0,0.2841,0.2777,0.24255,0.2324,0.093,0.0964,0.1268,0.1238,0.1648,0.1447,0.2476,0.2352,6,6,-0.3828182,-0.38331258,0.068647735,0.08286215,0.20077595,0.23822059,-0.32264957,-0.3103064,23.079740858419772,72.54726860902946,2374.0,Ahmedabad,5,"{""type"":""MultiPoint"",""coordinates"":[]}",-9.483045058470545,-15.492443806365596,-8.34787989970903,-14.93653104723407
1_1_1_1_1_1_1_2_375_0_1_1_1_1_1_1_1_2_375_0,0.40495,0.2744,0.29065,0.2098,0.1336,0.1324,0.178,0.1472,0.229,0.1642,0.3259,0.2242,6,6,-0.38931298,-0.30170777,0.10816173,0.10068191,0.17462605,0.15447992,-0.29351062,-0.20732364,22.938166369642538,72.37793617797294,2375.0,Ahmedabad,5,"{""type"":""MultiPoint"",""coordinates"":[]}",-6.426635606248916,-17.38434974734099,-3.0857358344436574,-17.447679997642084
1_1_1_1_1_1_1_2_376_0_1_1_1_1_1_1_1_2_376_0,0.23715,0.2836,0.16575,0.2196,0.0577,0.0834,0.08045,0.1142,0.09345,0.1411,0.2688,0.282,4,4,-0.4933879,-0.42584214,-0.06255559,0.0028288544,0.48405796,0.3330182,-0.5392985,-0.4235235,22.92325433592616,72.6294644575264,2376.0,Ahmedabad,5,"{""type"":""MultiPoint"",""coordinates"":[]}",-8.583719968186369,-15.094753250091237,-10.213799393353003,-15.8666654190834
1_1_1_1_1_1_1_2_377_0_1_1_1_1_1_1_1_2_377_0,0.11175,0.0963,0.0603,0.0566,0.04005,0.0431,0.0624,0.0626,0.0534,0.046,0.2124,0.2116,4,3,-0.2833764,-0.21208307,-0.3105044,-0.37447223,0.5981941,0.64285713,-0.5458515,-0.543399,22.91094741653372,72.40785007693411,2377.0,Ahmedabad,5,"{""type"":""MultiPoint"",""coordinates"":[]}",-10.156332792803601,-17.341186891779913,-10.384730855901363,-16.484528177747947
1_1_1_1_1_1_1_2_378_0_1_1_1_1_1_1_1_2_378_0,0.2518,0.2688,0.17945,0.1809,0.04365,0.0504,0.07335,0.0772,0.0786,0.0876,0.3062,0.3185,4,4,-0.5488236,-0.55375725,-0.09749104,-0.08462455,0.5914761,0.5685792,-0.6134897,-0.6098054,23.198318475923557,72.47809833215226,2378.0,Ahmedabad,5,"{""type"":""MultiPoint"",""coordinates"":[]}",-8.09582533161236,-15.29035726639524,-8.37803258788255,-14.357880306884091
1_1_1_1_1_1_1_2_379_0_1_1_1_1_1_1_1_2_379_0,0.30175,0.3308,0.2566,0.2581,0.0586,0.0716,0.08305,0.0952,0.1045,0.118,0.23275,0.2431,4,4,-0.5683472,-0.55305165,0.1290926,0.15281408,0.3802817,0.34644142,-0.4740342,-0.43718594,23.044257404697056,72.71785868148376,2379.0,Ahmedabad,5,"{""type"":""MultiPoint"",""coordinates"":[]}",-12.236449787261446,-17.391330770066475,-11.894749537908922,-18.46873688110597
1_1_1_1_1_1_1_2_380_0_1_1_1_1_1_1_1_2_380_0,0.2293,0.225,0.16825,0.1672,0.045,0.0482,0.0635,0.062,0.07985,0.0729,0.1989,0.2073,4,4,-0.5662568,-0.5679442,0.07099486,0.04094379,0.4270852,0.47965738,-0.5160061,-0.53954697,23.137502531188662,72.49588497477782,2380.0,Ahmedabad,5,"{""type"":""MultiPoint"",""coordinates"":[]}",-10.542713435715761,-14.822500326653213,-8.896728479219501,-13.726307089089204
1_1_1_1_1_1_1_2_381_0_1_1_1_1_1_1_1_2_381_0,0.2711,0.3345,0.19975,0.2967,0.06725,0.1098,0.0961,0.1564,0.1346,0.2014,0.23915,0.2855,5,7,-0.47657952,-0.362803,0.06261636,0.07903226,0.27973244,0.17272541,-0.4266965,-0.29214755,23.02018255508265,72.40111271230322,2381.0,Ahmedabad,5,"{""type"":""MultiPoint"",""coordinates"":[]}",-11.333562881678343,-17.428190609794232,-7.236181968733309,-16.166745413847224
1_1_1_1_1_1_1_2_382_0_1_1_1_1_1_1_1_2_382_0,0.30635,0.3427,0.2247,0.2515,0.0629,0.0778,0.08625,0.1042,0.1091,0.129,0.23925,0.2557,4,4,-0.5606215,-0.53367645,0.12298387,0.1453877,0.37361848,0.32934755,-0.47004607,-0.42095026,23.05377954670872,72.4144976100366,2382.0,Ahmedabad,5,"{""type"":""MultiPoint"",""coordinates"":[]}",-12.239685693006699,-16.452913526708098,-11.161707916236185,-16.153537355662838
1_1_1_1_1_1_1_2_383_0_1_1_1_1_1_1_1_2_383_0,0.2702,0.2776,0.2049,0.2269,0.04625,0.0603,0.0704,0.0862,0.0794,0.0922,0.2371,0.2467,4,4,-0.58661187,-0.5261133,0.06524739,0.058935724,0.49826226,0.4558867,-0.54211384,-0.48212677,23.14136528691037,72.61994231551473,2383.0,Ahmedabad,5,"{""type"":""MultiPoint"",""coordinates"":[]}",-10.248012500145688,-16.633558488819645,-9.573278301004564,-16.113152528854123
1_1_1_1_1_1_1_2_384_0_1_1_1_1_1_1_1_2_384_0,0.33015,0.3023,0.277,0.2723,0.0812,0.1084,0.1122,0.1338,0.1497,0.1622,0.2594,0.2324,4,6,-0.4927094,-0.38637927,0.120006785,0.13072751,0.26814958,0.17790167,-0.39612487,-0.26925176,22.94131047313696,72.52633786290949,2384.0,Ahmedabad,5,"{""type"":""MultiPoint"",""coordinates"":[]}",-13.87351531462148,-20.224852938160282,-11.9937985570572,-20.14633236323437
1_1_1_1_1_1_1_2_385_0_1_1_1_1_1_1_1_2_385_0,0.1947,0.3554,0.12475,0.287,0.0437,0.0918,0.0662,0.1298,0.0606,0.1628,0.2823,0.2857,4,6,-0.49252588,-0.4649629,-0.1836478,0.108719386,0.64654416,0.27402452,-0.6200861,-0.37521058,22.985777079700878,72.73142324227396,2385.0,Ahmedabad,5,"{""type"":""MultiPoint"",""coordinates"":[]}",-11.63875903825478,-19.053760408647413,-12.010207702358732,-20.726033271783812
1_1_1_1_1_1_1_2_386_0_1_1_1_1_1_1_1_2_386_0,0.2241,0.2639,0.16515,0.1994,0.03675,0.0667,0.0649,0.0894,0.0749,0.0976,0.2216,0.2531,1,4,-0.55086505,-0.4939145,0.0056091542,0.020889748,0.49477234,0.44339892,-0.54694587,-0.4779562,23.124836285682576,72.36077835604625,2386.0,Ahmedabad,5,"{""type"":""MultiPoint"",""coordinates"":[]}",-11.848558046499656,-17.06575212135879,-11.308299138333673,-17.380667847438254
1_1_1_1_1_1_1_2_387_0_1_1_1_1_1_1_1_2_387_0,0.1997,0.2592,0.11335,0.1986,0.037,0.0636,0.0656,0.0912,0.05025,0.1124,0.3697,0.2857,4,4,-0.5054655,-0.47945204,-0.29855987,-0.04863278,0.7606858,0.43531775,-0.6985987,-0.516052,23.17343514255344,72.49822059451654,2387.0,Ahmedabad,5,"{""type"":""MultiPoint"",""coordinates"":[]}",-10.808186403182956,-18.064814797291977,-12.798575431767311,-21.092730308533255
1_1_1_1_1_1_1_2_388_0_1_1_1_1_1_1_1_2_388_0,0.29245,0.3072,0.2611,0.24,0.0847,0.091,0.1187,0.121,0.1438,0.158,0.2188,0.281,4,4,-0.42259517,-0.43484354,0.14405867,0.044542674,0.20683949,0.28018224,-0.2965926,-0.39800996,23.03895734452075,72.38476337413225,2388.0,Ahmedabad,5,"{""type"":""MultiPoint"",""coordinates"":[]}",-10.809624763573932,-20.08848125620063,-11.526214648735667,-19.714610591894587
1_1_1_1_1_1_1_2_389_0_1_1_1_1_1_1_1_2_389_0,0.27445,0.2814,0.2468,0.2597,0.1383,0.172,0.1683,0.1874,0.2007,0.2198,0.21475,0.2416,6,6,-0.23975155,-0.20051195,0.12203598,0.076099426,0.03381875,0.047247507,-0.12126354,-0.12634033,23.096808848818046,72.61365410852589,2389.0,Ahmedabad,5,"{""type"":""MultiPoint"",""coordinates"":[]}",-5.90494644733948,-13.998994250007893,-4.106023082389006,-14.780100125918814
1_1_1_1_1_1_1_2_390_0_1_1_1_1_1_1_1_2_390_0,0.2301,0.2679,0.1766,0.2072,0.05705,0.0676,0.08405,0.1036,0.10055,0.1185,0.2529,0.2757,4,6,-0.4649053,-0.4422611,-0.047204968,-0.014348786,0.43103692,0.39878234,-0.50111294,-0.45373055,22.91642713976685,72.7316927368592,2390.0,Ahmedabad,5,"{""type"":""MultiPoint"",""coordinates"":[]}",-10.460221310098756,-16.36842302082486,-10.164469422044826,-16.40626895095636
1_1_1_1_1_1_1_2_391_0_1_1_1_1_1_1_1_2_391_0,0.19505,0.2095,0.17955,0.1853,0.0847,0.0894,0.1029,0.1094,0.1232,0.129,0.1475,0.1814,6,6,-0.30928007,-0.3138915,0.13881186,0.07188539,0.08976727,0.16881444,-0.17811501,-0.24759285,22.924961134965983,72.55697041409796,2391.0,Ahmedabad,5,"{""type"":""MultiPoint"",""coordinates"":[]}",-11.020690962047215,-14.766906937002407,-11.973251781174984,-16.415113133805775
1_1_1_1_1_1_1_2_392_0_1_1_1_1_1_1_1_2_392_0,0.18415,0.2136,0.1146,0.1502,0.0303,0.0553,0.0561,0.0853,0.0427,0.0904,0.3123,0.303,4,4,-0.53298646,-0.42924055,-0.25813276,-0.17305459,0.7594366,0.5404169,-0.69543976,-0.560649,23.162655359144008,72.51385128046022,2392.0,Ahmedabad,5,"{""type"":""MultiPoint"",""coordinates"":[]}",-11.362754477820733,-17.860993534932803,-10.200363258226714,-17.2213187737879
1_1_1_1_1_1_1_2_393_0_1_1_1_1_1_1_1_2_393_0,0.2641,0.2951,0.25555,0.2674,0.1101,0.1838,0.1344,0.2032,0.1682,0.2438,0.21065,0.2811,6,6,-0.3254705,-0.18442705,0.112585574,0.024297118,0.112049624,0.07106116,-0.22098246,-0.16085072,22.987214384155465,72.51430043810228,2393.0,Ahmedabad,5,"{""type"":""MultiPoint"",""coordinates"":[]}",-8.386115369038784,-15.185430927427582,-6.7394971982369185,-14.02801017007833
1_1_1_1_1_1_1_2_394_0_1_1_1_1_1_1_1_2_394_0,0.32185,0.2602,0.2851,0.1872,0.05765,0.05,0.0901,0.0802,0.1332,0.0924,0.2324,0.2967,4,4,-0.56256825,-0.52878964,0.16138926,-0.06554139,0.2713348,0.52505785,-0.4412403,-0.5744229,23.17298598491138,72.64931722530544,2394.0,Ahmedabad,5,"{""type"":""MultiPoint"",""coordinates"":[]}",-12.90932220066166,-19.28882841041665,-11.70161738456213,-17.772714775531888
1_1_1_1_1_1_1_2_395_0_1_1_1_1_1_1_1_2_395_0,0.28965,0.311,0.2816,0.288,0.1716,0.3364,0.2081,0.372,0.2441,0.3852,0.28775,0.4024,6,6,-0.16383727,0.08931186,0.0032906132,-0.12811887,0.08207201,0.021838497,-0.16063325,-0.0392562,23.14819248306968,72.4453098242819,2395.0,Ahmedabad,5,"{""type"":""MultiPoint"",""coordinates"":[]}",-11.591161939465056,-20.950342262615965,-8.311915063561056,-18.08859457829943
1_1_1_1_1_1_1_2_396_0_1_1_1_1_1_1_1_2_396_0,0.3472,0.3234,0.3092,0.2592,0.05995,0.0686,0.0867,0.097,0.1319,0.1376,0.2271,0.2557,4,4,-0.60036874,-0.5385347,0.20912415,0.11690554,0.26518106,0.30027968,-0.44741875,-0.44995746,23.17559109923533,72.5010053718973,2396.0,Ahmedabad,5,"{""type"":""MultiPoint"",""coordinates"":[]}",-12.289507182403906,-21.141539992779748,-9.365647154480754,-18.77951329699848
1_1_1_1_1_1_1_2_397_0_1_1_1_1_1_1_1_2_397_0,0.2935,0.3172,0.23185,0.2529,0.0606,0.0648,0.0934,0.0988,0.1286,0.1328,0.2865,0.3496,4,4,-0.5171879,-0.525,0.0120689655,-0.04859028,0.38039026,0.44941956,-0.50829166,-0.55932206,23.141724613024024,72.48016445730573,2397.0,Ahmedabad,5,"{""type"":""MultiPoint"",""coordinates"":[]}",-10.632256346128417,-17.26731065124529,-8.989832242083505,-16.070634754147527
1_1_1_1_1_1_1_2_398_0_1_1_1_1_1_1_1_2_398_0,0.356,0.2911,0.30825,0.2264,0.0714,0.0964,0.1088,0.1176,0.1537,0.136,0.25375,0.2708,4,6,-0.53184164,-0.42451677,0.16769168,0.036127426,0.2455516,0.33136678,-0.39980692,-0.3944387,23.13606522673407,72.498759583687,2398.0,Ahmedabad,5,"{""type"":""MultiPoint"",""coordinates"":[]}",-10.25865216779102,-19.92819102398531,-10.981735723252447,-17.042432663958632
1_1_1_1_1_1_1_2_399_0_1_1_1_1_1_1_1_2_399_0,0.35225,0.2963,0.2925,0.2328,0.08165,0.0835,0.117,0.1114,0.1608,0.1444,0.27885,0.2492,4,4,-0.5013319,-0.45351973,0.11630487,0.086342804,0.26850903,0.26626018,-0.408867,-0.38214087,23.190413301423305,72.71498407257458,2399.0,Ahmedabad,5,"{""type"":""MultiPoint"",""coordinates"":[]}",-14.649218768242303,-21.805101524877276,-9.907082526522842,-16.365535753319712
1_1_1_1_1_1_1_2_400_0_1_1_1_1_1_1_1_2_400_0,0.202,0.244,0.14375,0.1806,0.039,0.0533,0.062,0.0803,0.05725,0.0844,0.22995,0.2386,4,4,-0.530303,-0.5047795,-0.064706564,0.011189391,0.6013231,0.47739938,-0.57526976,-0.49639386,23.11486498602885,72.36473094329638,2400.0,Ahmedabad,5,"{""type"":""MultiPoint"",""coordinates"":[]}",-10.731933379776464,-17.987072402914123,-10.265034178695231,-18.368993170843936
1_1_1_1_1_1_1_2_401_0_1_1_1_1_1_1_1_2_401_0,0.36135,0.4097,0.32825,0.3679,0.09525,0.1162,0.1342,0.1544,0.1825,0.2056,0.3027,0.3311,6,6,-0.45837957,-0.45257932,0.08832166,0.10610151,0.2477329,0.23383641,-0.38567176,-0.3639547,23.135077079921537,72.58670465000232,2401.0,Ahmedabad,5,"{""type"":""MultiPoint"",""coordinates"":[]}",-10.002950389665557,-17.593367246030525,-11.237017623318545,-17.597895005235024
1_1_1_1_1_1_1_2_402_0_1_1_1_1_1_1_1_2_402_0,0.1511,0.1327,0.09435,0.0779,0.04115,0.0312,0.05945,0.0567,0.05615,0.0428,0.225,0.2382,4,4,-0.43528852,-0.40126717,-0.19649029,-0.28444326,0.60056907,0.69537365,-0.5820004,-0.61546284,22.97553628546191,72.44971156917408,2402.0,Ahmedabad,5,"{""type"":""MultiPoint"",""coordinates"":[]}",-11.224897567969984,-18.473031102415483,-11.453327820190676,-18.015264742062108
1_1_1_1_1_1_1_2_403_0_1_1_1_1_1_1_1_2_403_0,0.31995,0.2397,0.2559,0.1636,0.1056,0.0696,0.1382,0.0946,0.1778,0.1044,0.30605,0.2631,4,6,-0.39670414,-0.4340413,0.022204474,-0.04653938,0.2650615,0.43183672,-0.3778278,-0.47106513,22.974188812535733,72.37946331395594,2403.0,Ahmedabad,5,"{""type"":""MultiPoint"",""coordinates"":[]}",-12.225562786122023,-17.656798728728837,-9.825143829569917,-14.959809250276207
1_1_1_1_1_1_1_2_404_0_1_1_1_1_1_1_1_2_404_0,0.15545,0.19,0.09475,0.1236,0.03645,0.0493,0.0496,0.0695,0.0562,0.0723,0.2012,0.2116,1,1,-0.51621556,-0.46435452,-0.12827702,-0.053784862,0.5633256,0.49066573,-0.6044657,-0.505514,22.92118821077268,72.53154809155737,2404.0,Ahmedabad,5,"{""type"":""MultiPoint"",""coordinates"":[]}",-11.239459853511256,-15.131604086923051,-10.619427198689625,-16.364785586461263
1_1_1_1_1_1_1_2_405_0_1_1_1_1_1_1_1_2_405_0,0.31945,0.3378,0.2766,0.2774,0.0726,0.0866,0.1126,0.1194,0.157,0.1584,0.25775,0.2764,4,4,-0.47876403,-0.47769028,0.10689536,0.099967435,0.24291742,0.27138916,-0.39192656,-0.39666498,23.156097657569934,72.37578022129105,2405.0,Ahmedabad,5,"{""type"":""MultiPoint"",""coordinates"":[]}",-14.353705596973427,-20.376839688873417,-12.799757793705693,-20.91390156802684
1_1_1_1_1_1_1_2_406_0_1_1_1_1_1_1_1_2_406_0,0.21435,0.3886,0.15575,0.2985,0.0511,0.1078,0.0815,0.1334,0.0663,0.1726,0.28355,0.2917,4,4,-0.44904512,-0.4888889,-0.13898373,0.14243716,0.62098044,0.25651518,-0.5534858,-0.37238297,23.060876237453265,72.70447378375039,2406.0,Ahmedabad,5,"{""type"":""MultiPoint"",""coordinates"":[]}",-9.633609365153173,-17.344419351844465,-13.602037839963447,-20.941205636284543
1_1_1_1_1_1_1_2_407_0_1_1_1_1_1_1_1_2_407_0,0.31405,0.3271,0.2304,0.268,0.06935,0.0947,0.0923,0.1318,0.1147,0.1698,0.27135,0.2664,4,6,-0.5457118,-0.42558292,0.07294158,0.10227464,0.40577644,0.22145805,-0.49236903,-0.3380211,23.083962940255137,72.41952817562768,2407.0,Ahmedabad,5,"{""type"":""MultiPoint"",""coordinates"":[]}",-12.35952021608614,-17.349924877377596,-10.017950628992187,-16.76991599956063
1_1_1_1_1_1_1_2_408_0_1_1_1_1_1_1_1_2_408_0,0.25025,0.2397,0.1781,0.1554,0.0499,0.0787,0.07915,0.098,0.07345,0.0954,0.3002,0.3164,4,4,-0.51942927,-0.4196032,-0.09074394,-0.13792484,0.60685134,0.5366683,-0.5827073,-0.527027,23.196611676883727,72.40138220688846,2408.0,Ahmedabad,5,"{""type"":""MultiPoint"",""coordinates"":[]}",-11.058094353320143,-18.947247405089165,-11.640852320360505,-19.93800433493165
1_1_1_1_1_1_1_2_409_0_1_1_1_1_1_1_1_2_409_0,0.07625,0.0282,0.0548,0.0244,0.03295,0.0238,0.0561,0.0313,0.04135,0.0221,0.05015,0.0246,0,0,-0.15224783,0.05210084,0.20648734,0.06818182,0.096174866,0.05353319,0.056,0.11985689,23.09052064182921,72.62641018556039,2409.0,Ahmedabad,5,"{""type"":""MultiPoint"",""coordinates"":[]}",-12.52296568440298,-18.91520428542011,-20.17136464697341,-26.625713531945085
1_1_1_1_1_1_1_2_410_0_1_1_1_1_1_1_1_2_410_0,0.2653,0.2775,0.20425,0.2123,0.0763,0.083,0.1085,0.1106,0.1462,0.131,0.2705,0.3,4,4,-0.41947564,-0.43004382,-0.009705114,-0.038961038,0.29829612,0.39211136,-0.42744064,-0.46127617,23.083873108726724,72.4866323273514,2410.0,Ahmedabad,5,"{""type"":""MultiPoint"",""coordinates"":[]}",-11.641854890781488,-16.898806863325948,-9.673926260052719,-16.136032797782608
1_1_1_1_1_1_1_2_411_0_1_1_1_1_1_1_1_2_411_0,0.21975,0.224,0.1942,0.1927,0.096,0.1478,0.1197,0.1736,0.1444,0.1926,0.1808,0.2279,6,6,-0.29474148,-0.12676056,0.09724129,-0.008630228,0.11193112,0.08394768,-0.20332779,-0.13524283,22.968888752359423,72.62838647918545,2411.0,Ahmedabad,5,"{""type"":""MultiPoint"",""coordinates"":[]}",-7.142282394763599,-12.338535028117157,-6.074195402893052,-12.560347606760516
1_1_1_1_1_1_1_2_412_0_1_1_1_1_1_1_1_2_412_0,0.11285,0.2299,0.0622,0.1505,0.0404,0.061,0.0617,0.0918,0.04125,0.0984,0.24185,0.283,4,4,-0.29303923,-0.42928195,-0.36368763,-0.103528954,0.70858353,0.4840063,-0.5934772,-0.51013875,22.94184946230743,72.42518756191762,2412.0,Ahmedabad,5,"{""type"":""MultiPoint"",""coordinates"":[]}",-11.200907358742704,-18.943918187354207,-10.562208357583538,-19.11190148121913
1_1_1_1_1_1_1_2_413_0_1_1_1_1_1_1_1_2_413_0,0.21085,0.1944,0.14025,0.152,0.0325,0.0429,0.0553,0.0737,0.0605,0.0734,0.2022,0.2298,6,6,-0.5844449,-0.45020515,0.020941775,-0.083451204,0.53939855,0.5158311,-0.5704854,-0.5143328,23.095012218249806,72.51430043810228,2413.0,Ahmedabad,5,"{""type"":""MultiPoint"",""coordinates"":[]}",-9.443670148514412,-16.82472659588019,-9.638128349801693,-15.37191437285579
1_1_1_1_1_1_1_2_414_0_1_1_1_1_1_1_1_2_414_0,0.2081,0.1787,0.1406,0.1092,0.03595,0.0347,0.0615,0.0556,0.05685,0.0455,0.20115,0.2248,4,4,-0.5437685,-0.5253948,0.016982285,-0.11425031,0.55930233,0.66333705,-0.5316962,-0.60342366,23.044616730810706,72.72136211109184,2414.0,Ahmedabad,5,"{""type"":""MultiPoint"",""coordinates"":[]}",-11.120232737093978,-19.445293795334038,-10.395665989581058,-16.600061067003125
1_1_1_1_1_1_1_2_415_0_1_1_1_1_1_1_1_2_415_0,0.2366,0.2064,0.16025,0.1114,0.05155,0.0475,0.0736,0.078,0.0937,0.0603,0.2318,0.3453,4,4,-0.52546746,-0.45147678,0.0102476515,-0.25176728,0.42427036,0.7026627,-0.5180092,-0.63146704,23.19005397530965,72.69989237580137,2415.0,Ahmedabad,5,"{""type"":""MultiPoint"",""coordinates"":[]}",-11.136571434929731,-16.34723916053435,-11.353160418481433,-18.6658563592625
1_1_1_1_1_1_1_2_416_0_1_1_1_1_1_1_1_2_416_0,0.26755,0.2217,0.2205,0.1249,0.06565,0.0491,0.10035,0.0654,0.1354,0.0598,0.2614,0.3317,4,4,-0.45447132,-0.54440963,0.011626808,-0.19877124,0.31754032,0.6945083,-0.44519696,-0.6706119,23.15403153241646,72.60907270057689,2416.0,Ahmedabad,5,"{""type"":""MultiPoint"",""coordinates"":[]}",-11.07781987776168,-17.55588150283234,-9.961269956065408,-17.844858979639074
1_1_1_1_1_1_1_2_417_0_1_1_1_1_1_1_1_2_417_0,0.3985,0.3921,0.3232,0.3023,0.1049,0.0974,0.143,0.132,0.1908,0.1694,0.31555,0.2999,4,5,-0.4718375,-0.49627933,0.116168335,0.13323699,0.24637109,0.27807373,-0.37629485,-0.3887474,23.194365888673428,72.3588918939496,2417.0,Ahmedabad,5,"{""type"":""MultiPoint"",""coordinates"":[]}",-13.076734603752321,-17.485046724944407,-12.322245423047464,-17.203558000932166
1_1_1_1_1_1_1_2_418_0_1_1_1_1_1_1_1_2_418_0,0.33125,0.3231,0.293,0.2763,0.0811,0.0746,0.1148,0.1042,0.1671,0.1428,0.2584,0.2521,4,6,-0.4852595,-0.5122864,0.12354787,0.123435326,0.21457109,0.27677894,-0.3847803,-0.41509962,23.096629185761223,72.44477083511143,2418.0,Ahmedabad,5,"{""type"":""MultiPoint"",""coordinates"":[]}",-13.31679266789877,-19.3817840055685,-10.637942609819154,-17.643311971805637
1_1_1_1_1_1_1_2_419_0_1_1_1_1_1_1_1_2_419_0,0.2096,0.3611,0.13505,0.3142,0.0423,0.093,0.07125,0.1302,0.06415,0.1744,0.3284,0.3161,4,6,-0.4926117,-0.46997762,-0.22081785,0.06645009,0.67316264,0.2888889,-0.643438,-0.41653597,23.153402711717572,72.47621187005561,2419.0,Ahmedabad,5,"{""type"":""MultiPoint"",""coordinates"":[]}",-10.086533232297297,-17.47564374343596,-11.250737282383323,-19.666046113720817
1_1_1_1_1_1_1_2_420_0_1_1_1_1_1_1_1_2_420_0,0.27535,0.2323,0.223,0.1644,0.0569,0.048,0.0817,0.074,0.1037,0.0736,0.26845,0.3091,4,4,-0.542361,-0.5168136,0.012688489,-0.14185445,0.44269782,0.6153645,-0.53334284,-0.6136779,22.98910084625212,72.68947191850559,2420.0,Ahmedabad,5,"{""type"":""MultiPoint"",""coordinates"":[]}",-10.024263135617357,-17.145252158154157,-8.515134843670285,-15.076638531562349
1_1_1_1_1_1_1_2_421_0_1_1_1_1_1_1_1_2_421_0,0.2739,0.2385,0.23055,0.2139,0.0564,0.0862,0.07835,0.1112,0.09755,0.1334,0.19115,0.1873,6,6,-0.5551455,-0.3640263,0.17793785,0.12024425,0.32421198,0.16806985,-0.41855288,-0.25494137,22.94535289191549,72.63781878966871,2421.0,Ahmedabad,5,"{""type"":""MultiPoint"",""coordinates"":[]}",-11.638376073682247,-18.830307979821775,-11.678438562099156,-17.21864178015898
1_1_1_1_1_1_1_2_422_0_1_1_1_1_1_1_1_2_422_0,0.16465,0.2108,0.0957,0.1306,0.0442,0.0483,0.0654,0.0692,0.0561,0.0522,0.23225,0.2542,4,4,-0.43142796,-0.5057143,-0.17031997,-0.093333334,0.61088955,0.6592689,-0.5605577,-0.572047,22.93133917348323,72.4302181275087,2422.0,Ahmedabad,5,"{""type"":""MultiPoint"",""coordinates"":[]}",-11.061899745564244,-18.21593224872268,-10.498176141252475,-17.028467449588785
1_1_1_1_1_1_1_2_423_0_1_1_1_1_1_1_1_2_423_0,0.30175,0.0898,0.2367,0.0533,0.07855,0.0457,0.1064,0.0594,0.1358,0.044,0.2482,0.1648,4,0,-0.47862306,-0.20375335,0.09737249,-0.29457974,0.29270834,0.5785441,-0.3998872,-0.47011596,22.9401426632676,72.4949866594937,2423.0,Ahmedabad,5,"{""type"":""MultiPoint"",""coordinates"":[]}",-11.522311139846916,-18.861159315767672,-12.020762441716114,-18.933124851549167
1_1_1_1_1_1_1_2_424_0_1_1_1_1_1_1_1_2_424_0,0.1586,0.2448,0.11415,0.1702,0.0505,0.071,0.0836,0.0988,0.08425,0.1238,0.1519,0.264,4,4,-0.30966145,-0.4249127,0.0215781,-0.03773585,0.28647047,0.36152655,-0.29002124,-0.4553473,23.175052110064858,72.59586746590033,2424.0,Ahmedabad,5,"{""type"":""MultiPoint"",""coordinates"":[]}",-12.87053740011042,-18.23906310262751,-11.204636715811365,-16.509785740631358
1_1_1_1_1_1_1_2_425_0_1_1_1_1_1_1_1_2_425_0,0.2612,0.2265,0.2487,0.1576,0.06115,0.0547,0.08525,0.0846,0.1152,0.0736,0.1791,0.2785,4,4,-0.5078655,-0.45612344,0.18646377,-0.102970295,0.21712539,0.58193696,-0.35502174,-0.5340127,23.05503718810649,72.68363286915881,2425.0,Ahmedabad,5,"{""type"":""MultiPoint"",""coordinates"":[]}",-11.066343803961692,-19.02323242691379,-12.268754930152461,-20.619370551187746
1_1_1_1_1_1_1_2_426_0_1_1_1_1_1_1_1_2_426_0,0.2044,0.2801,0.13315,0.2017,0.04835,0.057,0.07525,0.0914,0.0831,0.1026,0.28415,0.2867,4,4,-0.46182728,-0.50794077,-0.16323815,-0.011644319,0.54744726,0.47290006,-0.5812465,-0.51653004,23.05279139989619,72.70034153344344,2426.0,Ahmedabad,5,"{""type"":""MultiPoint"",""coordinates"":[]}",-5.012828143074014,-14.800102739766135,-6.15936326120808,-15.56382302085214
1_1_1_1_1_1_1_2_427_0_1_1_1_1_1_1_1_2_427_0,0.23505,0.2567,0.2074,0.2076,0.09235,0.0942,0.1204,0.1192,0.1557,0.1472,0.23715,0.2702,6,6,-0.3225489,-0.3657888,-0.0044472683,-0.02562156,0.20733105,0.29468137,-0.32652774,-0.38777608,22.94643087025644,72.63287805560606,2427.0,Ahmedabad,5,"{""type"":""MultiPoint"",""coordinates"":[]}",-10.347674637325492,-18.58621437294012,-9.927404612168406,-16.889645089396197
1_1_1_1_1_1_1_2_428_0_1_1_1_1_1_1_1_2_428_0,0.22975,0.2677,0.14125,0.2121,0.04005,0.0754,0.0752,0.1018,0.05435,0.1268,0.34515,0.2497,6,6,-0.5068044,-0.44898513,-0.20073056,0.03478933,0.72790986,0.3264276,-0.6422029,-0.42076814,23.1234888127564,72.44288437301478,2428.0,Ahmedabad,5,"{""type"":""MultiPoint"",""coordinates"":[]}",-10.57812825377732,-17.746742557156963,-10.866355542434786,-18.128723127413068
1_1_1_1_1_1_1_2_429_0_1_1_1_1_1_1_1_2_429_0,0.2021,0.2773,0.12775,0.233,0.04705,0.078,0.07115,0.1134,0.06735,0.139,0.27155,0.2569,1,4,-0.47923148,-0.41950345,-0.14662726,0.038187943,0.60253763,0.29780248,-0.584768,-0.38752362,22.937357885886836,72.74831156961541,2429.0,Ahmedabad,5,"{""type"":""MultiPoint"",""coordinates"":[]}",-11.531002989687828,-18.926968453622173,-11.840511460392284,-21.95589838416949
1_1_1_1_1_1_1_2_430_0_1_1_1_1_1_1_1_2_430_0,0.12305,0.2239,0.0658,0.1526,0.03495,0.0761,0.0526,0.1098,0.0393,0.1004,0.26165,0.2604,4,4,-0.4010817,-0.3419239,-0.36028075,-0.07536651,0.73882705,0.44345897,-0.6652347,-0.40680712,22.92325433592616,72.57727233951906,2430.0,Ahmedabad,5,"{""type"":""MultiPoint"",""coordinates"":[]}",-12.834932792700993,-20.110751826648972,-11.897304706957385,-19.242212537536442
1_1_1_1_1_1_1_2_431_0_1_1_1_1_1_1_1_2_431_0,0.24535,0.2782,0.23565,0.2677,0.1317,0.1798,0.1639,0.2054,0.1949,0.231,0.24225,0.273,6,6,-0.1990226,-0.15053764,0.0063576703,0.009433962,0.10831522,0.083333336,-0.19290902,-0.14130434,23.04506588845276,72.64240019761772,2431.0,Ahmedabad,5,"{""type"":""MultiPoint"",""coordinates"":[]}",-7.1033132257054845,-14.26770876933168,-5.304135366644868,-14.59697566182508
1_1_1_1_1_1_1_2_432_0_1_1_1_1_1_1_1_2_432_0,0.35895,0.2599,0.2989,0.1942,0.0839,0.0624,0.1213,0.0984,0.1653,0.1032,0.27605,0.3284,4,6,-0.49484643,-0.4507396,0.13055117,-0.11643719,0.25093463,0.5217794,-0.38945514,-0.5388941,23.11037340960825,72.55867721313778,2432.0,Ahmedabad,5,"{""type"":""MultiPoint"",""coordinates"":[]}",-13.619756144531065,-19.917976520725816,-9.917234610662975,-16.151140092862818
1_1_1_1_1_1_1_2_433_0_1_1_1_1_1_1_1_2_433_0,0.25835,0.2453,0.24635,0.2238,0.1368,0.1288,0.1658,0.1514,0.1944,0.1722,0.2301,0.1926,6,6,-0.2182011,-0.2367028,0.05783601,0.12034711,0.08409894,0.05592105,-0.16241474,-0.11976744,22.97814139978586,72.59757426494016,2433.0,Ahmedabad,5,"{""type"":""MultiPoint"",""coordinates"":[]}",-6.969770525211944,-15.07179591344923,-5.786727383226691,-13.520354007735174
1_1_1_1_1_1_1_2_434_0_1_1_1_1_1_1_1_2_434_0,0.1738,0.1678,0.1297,0.1229,0.0528,0.054,0.072,0.0735,0.0792,0.0796,0.18225,0.1912,6,6,-0.41415784,-0.39079982,-0.023732621,-0.06518106,0.39414802,0.41211227,-0.43362832,-0.44465432,23.040933638145813,72.51501909032957,2434.0,Ahmedabad,5,"{""type"":""MultiPoint"",""coordinates"":[]}",-5.975117328905919,-14.33287988664793,-7.529841167144649,-14.152089803843449
1_1_1_1_1_1_1_2_435_0_1_1_1_1_1_1_1_2_435_0,0.28835,0.2597,0.2146,0.1879,0.06415,0.0652,0.0972,0.0885,0.1195,0.1052,0.2706,0.2503,4,4,-0.49578524,-0.49167144,0.031755973,0.018431373,0.38733658,0.40815753,-0.47145188,-0.47756788,23.152324733376638,72.52786499889248,2435.0,Ahmedabad,5,"{""type"":""MultiPoint"",""coordinates"":[]}",-9.502807927113324,-15.92857943551499,-9.245212150445482,-15.731096109905469
1_1_1_1_1_1_1_2_436_0_1_1_1_1_1_1_1_2_436_0,0.1679,0.2169,0.1274,0.1995,0.06645,0.2078,0.09295,0.2188,0.1014,0.2612,0.15655,0.2857,4,6,-0.28732988,0.0043607987,0.03498228,-0.13688818,0.21380113,0.044797953,-0.2549098,-0.13260654,22.94373592440408,72.6001793792641,2436.0,Ahmedabad,5,"{""type"":""MultiPoint"",""coordinates"":[]}",-11.7559450107937,-19.043953242992117,-10.124208794395,-19.15154316275019
1_1_1_1_1_1_1_2_437_0_1_1_1_1_1_1_1_2_437_0,0.2359,0.2582,0.1694,0.1967,0.0482,0.0461,0.0726,0.0708,0.0723,0.0684,0.25375,0.2475,6,6,-0.5293355,-0.5696049,-0.03645461,0.02115879,0.55650973,0.5669516,-0.5550789,-0.5551367,22.9814651663371,72.35296301307442,2437.0,Ahmedabad,5,"{""type"":""MultiPoint"",""coordinates"":[]}",-11.348941632265262,-18.5042182431613,-10.154797015917032,-16.15525076459797
1_1_1_1_1_1_1_2_438_0_1_1_1_1_1_1_1_2_438_0,0.31895,0.2986,0.26815,0.2517,0.07805,0.0844,0.116,0.1136,0.1562,0.1372,0.2643,0.244,6,6,-0.46660537,-0.44881126,0.0936991,0.10062661,0.25707492,0.28016788,-0.3899553,-0.36465323,23.17783688744563,72.66243262845359,2438.0,Ahmedabad,5,"{""type"":""MultiPoint"",""coordinates"":[]}",-8.349563407996001,-15.987354198984546,-7.86254226014441,-13.985209366590945
1_1_1_1_1_1_1_2_439_0_1_1_1_1_1_1_1_2_439_0,0.0598,0.0622,0.04335,0.0506,0.0365,0.0327,0.0696,0.0632,0.04165,0.0437,0.0711,0.0573,0,0,0.07573416,0.007974481,-0.08632544,0.041004185,0.26119733,0.13465346,-0.010660981,0.048962656,23.16283502220083,72.59092673183767,2439.0,Ahmedabad,5,"{""type"":""MultiPoint"",""coordinates"":[]}",-19.213566183502373,-24.98612837774059,-18.772925037236185,-26.437364090384065
1_1_1_1_1_1_1_2_440_0_1_1_1_1_1_1_1_2_440_0,0.222,0.2756,0.1528,0.1766,0.0569,0.071,0.08325,0.1012,0.08715,0.0991,0.24915,0.2695,4,4,-0.45454547,-0.462845,-0.05762496,0.011190607,0.48171276,0.46228975,-0.49909747,-0.45400593,22.911755900289425,72.50379014927807,2440.0,Ahmedabad,5,"{""type"":""MultiPoint"",""coordinates"":[]}",-12.405837645297812,-18.000245769331443,-13.102422328318992,-20.685367385006153
1_1_1_1_1_1_1_2_441_0_1_1_1_1_1_1_1_2_441_0,0.1535,0.1666,0.0932,0.0974,0.0429,0.0521,0.0672,0.072,0.0599,0.0557,0.29025,0.2423,4,4,-0.39102855,-0.39647946,-0.308169,-0.18513083,0.65786093,0.6261745,-0.62400335,-0.541839,22.955593686154455,72.41126367501377,2441.0,Ahmedabad,5,"{""type"":""MultiPoint"",""coordinates"":[]}",-10.647734896649162,-20.644418608483488,-12.299826488079727,-20.021655249886855
1_1_1_1_1_1_1_2_442_0_1_1_1_1_1_1_1_2_442_0,0.2611,0.2788,0.2131,0.1788,0.06855,0.0474,0.09965,0.0819,0.1348,0.0714,0.2188,0.3672,4,4,-0.44753984,-0.545883,0.08814336,-0.1368421,0.23755656,0.6744186,-0.37415606,-0.63527054,23.121063361489277,72.49462733338007,2442.0,Ahmedabad,5,"{""type"":""MultiPoint"",""coordinates"":[]}",-10.87887284022426,-19.242199130568217,-14.230641882122534,-20.58987805823584
1_1_1_1_1_1_1_2_443_0_1_1_1_1_1_1_1_2_443_0,0.29085,0.2942,0.2868,0.2828,0.1062,0.1214,0.133,0.145,0.1597,0.1672,0.1975,0.1983,6,6,-0.37241948,-0.33970857,0.19115388,0.19472082,0.10582307,0.085088916,-0.19515885,-0.15525779,23.100402109954526,72.6730327488062,2443.0,Ahmedabad,5,"{""type"":""MultiPoint"",""coordinates"":[]}",-6.544934622483151,-11.318250086187884,-7.972718123279796,-11.301528491064204
1_1_1_1_1_1_1_2_444_0_1_1_1_1_1_1_1_2_444_0,0.3147,0.1818,0.2397,0.1089,0.0735,0.0414,0.1043,0.0608,0.1358,0.0525,0.2596,0.2564,4,1,-0.502148,-0.49876338,0.095942885,-0.17024189,0.31310067,0.6600842,-0.4267656,-0.61664563,23.155558668399465,72.38979393972332,2444.0,Ahmedabad,5,"{""type"":""MultiPoint"",""coordinates"":[]}",-11.573581153051803,-16.554248217913724,-8.204822036726075,-11.94581080445051
1_1_1_1_1_1_1_2_445_0_1_1_1_1_1_1_1_2_445_0,0.17595,0.2348,0.12565,0.2141,0.05035,0.1116,0.0754,0.1394,0.0725,0.1722,0.25115,0.2057,6,6,-0.4000398,-0.25494388,-0.17607118,0.066061296,0.55198514,0.08864779,-0.5382024,-0.19211823,22.954605539341927,72.48025428883415,2445.0,Ahmedabad,5,"{""type"":""MultiPoint"",""coordinates"":[]}",-11.267854173413422,-18.9336091552591,-4.79237244087645,-12.152219969096752
1_1_1_1_1_1_1_2_446_0_1_1_1_1_1_1_1_2_446_0,0.2799,0.3123,0.23685,0.266,0.0601,0.0764,0.0818,0.1076,0.1098,0.148,0.2108,0.2524,4,4,-0.54769146,-0.48749703,0.14081924,0.10607402,0.3150343,0.26073927,-0.4408749,-0.40222222,23.04353875246976,72.71031283309716,2446.0,Ahmedabad,5,"{""type"":""MultiPoint"",""coordinates"":[]}",-12.85233667350223,-18.53498302052741,-11.80759396395619,-18.220078443396915
1_1_1_1_1_1_1_2_447_0_1_1_1_1_1_1_1_2_447_0,0.1984,0.1766,0.1771,0.1516,0.0708,0.0681,0.0912,0.0947,0.1107,0.1007,0.1732,0.1635,6,6,-0.37016574,-0.30187982,0.06781486,0.038518082,0.22014794,0.23769872,-0.31013617,-0.26646012,23.02377581621913,72.58014694842824,2447.0,Ahmedabad,5,"{""type"":""MultiPoint"",""coordinates"":[]}",-7.479539140547398,-15.38167802443921,-8.56011847920043,-14.82564780529812
1_1_1_1_1_1_1_2_448_0_1_1_1_1_1_1_1_2_448_0,0.19745,0.1998,0.2007,0.197,0.0835,0.0877,0.1046,0.11,0.1292,0.1362,0.15875,0.1641,6,6,-0.30739945,-0.28986442,0.108646825,0.09810387,0.10262198,0.09290709,-0.2056199,-0.19737323,23.02575210984419,72.65443762242492,2448.0,Ahmedabad,5,"{""type"":""MultiPoint"",""coordinates"":[]}",-7.061378096361202,-13.482511141588002,-8.590549381400532,-14.5250622784543
1_1_1_1_1_1_1_2_449_0_1_1_1_1_1_1_1_2_449_0,0.2203,0.2699,0.1855,0.2437,0.0843,0.1156,0.1056,0.1418,0.1232,0.1694,0.2141,0.2746,6,6,-0.35194844,-0.31114888,0.014272559,-0.008631772,0.26949304,0.23693694,-0.33938068,-0.3189241,22.943646092875667,72.58625549236025,2449.0,Ahmedabad,5,"{""type"":""MultiPoint"",""coordinates"":[]}",-10.38844409872173,-16.23618218669288,-11.554921856644938,-17.988035588016473
1_1_1_1_1_1_1_2_450_0_1_1_1_1_1_1_1_2_450_0,0.2375,0.2279,0.2147,0.1971,0.1067,0.1004,0.1314,0.118,0.1492,0.1344,0.1898,0.161,6,6,-0.2876118,-0.31772187,0.11163117,0.17202365,0.119764015,0.0900474,-0.18181819,-0.15412186,23.066894949856867,72.5671213768085,2450.0,Ahmedabad,5,"{""type"":""MultiPoint"",""coordinates"":[]}",-2.672986900228996,-14.809566694465925,-1.6563732361056558,-13.563477533625663
1_1_1_1_1_1_1_2_451_0_1_1_1_1_1_1_1_2_451_0,0.25115,0.2196,0.19565,0.1579,0.04705,0.0508,0.0725,0.0728,0.08655,0.0766,0.1664,0.2309,6,6,-0.55198514,-0.502052,0.2029697,-0.02508324,0.31567502,0.5017886,-0.39305148,-0.5205795,23.11854807869374,72.50756307347139,2451.0,Ahmedabad,5,"{""type"":""MultiPoint"",""coordinates"":[]}",-10.438701243440175,-15.774958195548864,-8.885069258276964,-14.546584739732918
1_1_1_1_1_1_1_2_452_0_1_1_1_1_1_1_1_2_452_0,0.2968,0.3026,0.2708,0.2831,0.1254,0.199,0.158,0.2286,0.171,0.2525,0.23375,0.2875,6,6,-0.3051891,-0.13930723,0.11883894,0.025588883,0.15503398,0.06481481,-0.19336312,-0.11412517,23.1129785239322,72.74319117249593,2452.0,Ahmedabad,5,"{""type"":""MultiPoint"",""coordinates"":[]}",-1.017921188131368,-10.903981012095079,-0.5659338916194732,-10.680083116835622
1_1_1_1_1_1_1_2_453_0_1_1_1_1_1_1_1_2_453_0,0.36015,0.3457,0.28475,0.2653,0.1007,0.0883,0.1389,0.1116,0.1796,0.1426,0.301,0.2754,4,4,-0.44334236,-0.51191777,0.08946533,0.113186285,0.2526009,0.31770334,-0.36849284,-0.4232558,23.176848740633098,72.39742961963833,2453.0,Ahmedabad,5,"{""type"":""MultiPoint"",""coordinates"":[]}",-10.98033101920025,-19.776475935065555,-11.308225620384727,-17.70946501330883
1_1_1_1_1_1_1_2_454_0_1_1_1_1_1_1_1_2_454_0,0.2025,0.195,0.1158,0.1168,0.03795,0.0448,0.0678,0.0702,0.05065,0.053,0.3382,0.3347,4,4,-0.49833518,-0.47058824,-0.25097096,-0.2637342,0.73948824,0.7265927,-0.66600984,-0.6532477,23.09887497397152,72.38269724897877,2454.0,Ahmedabad,5,"{""type"":""MultiPoint"",""coordinates"":[]}",-11.320428099208561,-18.10369009186516,-12.328925979702023,-18.748753105066683
1_1_1_1_1_1_1_2_455_0_1_1_1_1_1_1_1_2_455_0,0.301,0.256,0.2649,0.2159,0.1697,0.1418,0.2109,0.1812,0.2442,0.1968,0.30555,0.2602,6,6,-0.17601094,-0.17108874,-0.0075014425,-0.008136381,0.11159618,0.13873085,-0.18327041,-0.17897598,23.10076143606817,72.55777889785367,2455.0,Ahmedabad,5,"{""type"":""MultiPoint"",""coordinates"":[]}",-7.077474107335352,-14.570150818310129,-3.050137385246135,-12.228959811443733
1_1_1_1_1_1_1_2_456_0_1_1_1_1_1_1_1_2_456_0,0.2462,0.2638,0.1785,0.219,0.0462,0.0672,0.07295,0.0972,0.0956,0.1252,0.2587,0.2316,4,4,-0.54284817,-0.46149585,-0.024757378,0.06499798,0.46034434,0.29820627,-0.5600784,-0.40875912,22.961432735501237,72.74453864542211,2456.0,Ahmedabad,5,"{""type"":""MultiPoint"",""coordinates"":[]}",-12.408280772975218,-18.078551420752788,-13.081214441235414,-20.01644006369174
1_1_1_1_1_1_1_2_457_0_1_1_1_1_1_1_1_2_457_0,0.26745,0.289,0.1983,0.2109,0.0504,0.0696,0.07425,0.105,0.09065,0.1224,0.25595,0.3043,4,4,-0.56540823,-0.46700507,0.021971723,-0.025787966,0.47691864,0.42629483,-0.5502726,-0.4869289,23.06967972723764,72.43192492654852,2457.0,Ahmedabad,5,"{""type"":""MultiPoint"",""coordinates"":[]}",-10.520373067462915,-17.183728678421183,-9.202204337288189,-16.12181994665498
1_1_1_1_1_1_1_2_458_0_1_1_1_1_1_1_1_2_458_0,0.31475,0.2654,0.2795,0.1812,0.0935,0.052,0.1263,0.077,0.1648,0.0683,0.23705,0.3047,4,4,-0.4272758,-0.55023366,0.14081189,-0.068935275,0.17979346,0.6337802,-0.30480254,-0.59654176,23.09132912558492,72.51268347059086,2458.0,Ahmedabad,5,"{""type"":""MultiPoint"",""coordinates"":[]}",-12.58230752860834,-21.74231091236235,-8.615571309768294,-14.32099259560685
1_1_1_1_1_1_1_2_459_0_1_1_1_1_1_1_1_2_459_0,0.2478,0.2908,0.14085,0.1615,0.06625,0.0704,0.1076,0.1032,0.0827,0.0872,0.36085,0.3776,2,2,-0.3944851,-0.47614214,-0.18573894,-0.12986235,0.6270995,0.6247848,-0.54061264,-0.5707155,23.142263602194493,72.41063485431489,2459.0,Ahmedabad,5,"{""type"":""MultiPoint"",""coordinates"":[]}",-13.676298338408827,-21.650785935078638,-14.521018777249854,-21.7071570627908
1_1_1_1_1_1_1_2_460_0_1_1_1_1_1_1_1_2_460_0,0.24285,0.2094,0.23025,0.1996,0.08595,0.0806,0.1033,0.1026,0.1229,0.1258,0.1637,0.1419,6,6,-0.40314892,-0.3423077,0.194687,0.19214347,0.14235869,0.06014195,-0.22621723,-0.1607362,23.065727139987512,72.57224177392798,2460.0,Ahmedabad,5,"{""type"":""MultiPoint"",""coordinates"":[]}",0.385606071762989,-13.157017683693688,-5.914034237082046,-14.821232456896292
1_1_1_1_1_1_1_2_461_0_1_1_1_1_1_1_1_2_461_0,0.2484,0.2591,0.15525,0.1728,0.04675,0.0576,0.0776,0.0918,0.06665,0.0944,0.3844,0.3208,4,4,-0.5239264,-0.476774,-0.21491782,-0.10639765,0.70446736,0.5452794,-0.66406924,-0.555017,23.00455186913897,72.41153316959901,2461.0,Ahmedabad,5,"{""type"":""MultiPoint"",""coordinates"":[]}",-10.328264572590758,-17.407340951854934,-9.985913135478919,-17.116463667467762
1_1_1_1_1_1_1_2_462_0_1_1_1_1_1_1_1_2_462_0,0.3,0.2546,0.2202,0.1979,0.07895,0.0882,0.1067,0.118,0.1351,0.1418,0.27395,0.2763,4,4,-0.4752889,-0.366613,0.045387227,-0.040873986,0.33944505,0.32169336,-0.43938002,-0.40147096,22.924332314267097,72.71929598593836,2462.0,Ahmedabad,5,"{""type"":""MultiPoint"",""coordinates"":[]}",-12.033388855987752,-16.515371707296207,-12.739820145765451,-17.906775661901175
1_1_1_1_1_1_1_2_463_0_1_1_1_1_1_1_1_2_463_0,0.2369,0.2488,0.154,0.1636,0.0441,0.0504,0.0724,0.0764,0.0838,0.0744,0.29745,0.3135,4,4,-0.5318461,-0.5301353,-0.11331524,-0.11506313,0.56039345,0.61639595,-0.60848993,-0.60810465,23.011558728355105,72.39985507090545,2463.0,Ahmedabad,5,"{""type"":""MultiPoint"",""coordinates"":[]}",-11.278601497796766,-19.01351555507245,-9.157758328456191,-17.031716422416594
1_1_1_1_1_1_1_2_464_0_1_1_1_1_1_1_1_2_464_0,0.1912,0.1683,0.1233,0.1,0.032,0.0465,0.0556,0.067,0.0548,0.0666,0.2329,0.2683,4,4,-0.54943275,-0.43051425,-0.09832586,-0.2290426,0.61904764,0.60226935,-0.61455804,-0.6003579,23.13606522673407,72.69674827230695,2464.0,Ahmedabad,5,"{""type"":""MultiPoint"",""coordinates"":[]}",-11.130302511920696,-17.268432160970534,-11.997169209195636,-19.723669109443115
1_1_1_1_1_1_1_2_465_0_1_1_1_1_1_1_1_2_465_0,0.26715,0.276,0.2256,0.2174,0.08645,0.0906,0.1102,0.1144,0.1405,0.139,0.18855,0.2018,6,6,-0.41592684,-0.41393444,0.1724819,0.1552951,0.14602643,0.1842723,-0.26225942,-0.27640733,23.17568093076374,72.57772149716112,2465.0,Ahmedabad,5,"{""type"":""MultiPoint"",""coordinates"":[]}",-13.221552891451825,-19.402171979037035,-13.59339527345226,-20.99553940581542
1_1_1_1_1_1_1_2_466_0_1_1_1_1_1_1_1_2_466_0,0.25065,0.216,0.1485,0.1347,0.0561,0.0551,0.09,0.0766,0.0782,0.069,0.3309,0.2893,1,1,-0.47159842,-0.47641832,-0.13799329,-0.14506234,0.61769736,0.6148479,-0.57234496,-0.58130634,23.14513821110368,72.41575525143436,2466.0,Ahmedabad,5,"{""type"":""MultiPoint"",""coordinates"":[]}",-10.080090130998174,-14.948482877151385,-8.890527129023466,-13.697973807940727
1_1_1_1_1_1_1_2_467_0_1_1_1_1_1_1_1_2_467_0,0.2204,0.2095,0.16735,0.1544,0.03975,0.0382,0.0591,0.0624,0.06775,0.0525,0.2305,0.2634,4,6,-0.57710195,-0.5410077,-0.022399645,-0.11397759,0.54568315,0.6676163,-0.5918508,-0.6169429,23.10426486567624,72.70474327833561,2467.0,Ahmedabad,5,"{""type"":""MultiPoint"",""coordinates"":[]}",-8.488578910480793,-15.215411921931924,-8.611566306120446,-14.582322056429192
1_1_1_1_1_1_1_2_468_0_1_1_1_1_1_1_1_2_468_0,0.2527,0.3005,0.18395,0.2537,0.0784,0.1484,0.1115,0.1868,0.1351,0.2272,0.259,0.3129,4,0,-0.38769907,-0.2333265,-0.012311902,-0.020215195,0.3143872,0.15867431,-0.39811066,-0.2523514,23.14837214612651,72.51052751390898,2468.0,Ahmedabad,5,"{""type"":""MultiPoint"",""coordinates"":[]}",-9.681770704388498,-14.857122769197334,-12.404547943241155,-19.399991037710894
1_1_1_1_1_1_1_2_469_0_1_1_1_1_1_1_1_2_469_0,0.35585,0.3324,0.31565,0.2553,0.0949,0.0896,0.1262,0.1152,0.17605,0.13,0.2577,0.2995,4,4,-0.47640285,-0.4852547,0.15997066,0.0520652,0.18824208,0.39464495,-0.3425371,-0.44441766,23.14432972734797,72.38611084705842,2469.0,Ahmedabad,5,"{""type"":""MultiPoint"",""coordinates"":[]}",-13.091891924982207,-21.00440465292075,-11.971771777638077,-18.72789942555404
1_1_1_1_1_1_1_2_470_0_1_1_1_1_1_1_1_2_470_0,0.1593,0.2291,0.09065,0.2125,0.0294,0.1076,0.05255,0.1308,0.0384,0.1644,0.3312,0.1832,4,6,-0.50389427,-0.27313143,-0.3504587,0.1113267,0.7922078,0.054085154,-0.72612375,-0.16687898,23.04183195342993,72.70905519169939,2470.0,Ahmedabad,5,"{""type"":""MultiPoint"",""coordinates"":[]}",-13.665649731992032,-20.14401800533618,-10.291429814301413,-20.07800352160603
1_1_1_1_1_1_1_2_471_0_1_1_1_1_1_1_1_2_471_0,0.3546,0.2672,0.2902,0.2073,0.09365,0.0556,0.1285,0.0862,0.1716,0.0878,0.28635,0.294,4,4,-0.46801904,-0.5121675,0.106482565,-0.04775481,0.25057322,0.54007334,-0.38049898,-0.54655445,23.146306020973032,72.52804466194931,2471.0,Ahmedabad,5,"{""type"":""MultiPoint"",""coordinates"":[]}",-12.492736465084338,-20.203297279960655,-9.745664294681172,-17.82122706464304
1_1_1_1_1_1_1_2_472_0_1_1_1_1_1_1_1_2_472_0,0.2205,0.2254,0.1566,0.127,0.04435,0.053,0.078,0.08,0.0731,0.0698,0.30815,0.3212,4,4,-0.47738692,-0.47609693,-0.16579968,-0.17526528,0.6165246,0.64296675,-0.59601194,-0.6011964,23.177747055917216,72.70025170191502,2472.0,Ahmedabad,5,"{""type"":""MultiPoint"",""coordinates"":[]}",-10.92242265043404,-16.657905332651577,-11.016623670589746,-17.89129794956734
1_1_1_1_1_1_1_2_473_0_1_1_1_1_1_1_1_2_473_0,0.1774,0.1747,0.15215,0.1504,0.09195,0.1021,0.1115,0.12,0.1434,0.1422,0.178,0.1793,6,6,-0.22810662,-0.18561248,-0.0016882386,-0.01299435,0.10765401,0.11539658,-0.22970639,-0.19812897,23.06375084636245,72.52543954762537,2473.0,Ahmedabad,5,"{""type"":""MultiPoint"",""coordinates"":[]}",-8.458464844257232,-14.162622006356024,-6.566466521869588,-15.213605762212215
1_1_1_1_1_1_1_2_474_0_1_1_1_1_1_1_1_2_474_0,0.376,0.3355,0.2825,0.2171,0.0762,0.0754,0.1138,0.1078,0.1548,0.136,0.2658,0.2708,4,5,-0.5353205,-0.5136476,0.17170458,0.10671285,0.2639087,0.33136678,-0.4004215,-0.43053356,22.994939895598893,72.42258244759367,2474.0,Ahmedabad,5,"{""type"":""MultiPoint"",""coordinates"":[]}",-14.29600944523698,-21.360213078953926,-12.370506897931806,-17.711490818372106
1_1_1_1_1_1_1_2_475_0_1_1_1_1_1_1_1_2_475_0,0.25825,0.2585,0.1629,0.152,0.0541,0.0566,0.0818,0.0782,0.08635,0.0828,0.28385,0.2823,1,1,-0.51889426,-0.5354915,-0.047223758,-0.044008877,0.5334954,0.54642564,-0.5525776,-0.5661581,23.07677641798218,72.41395862086613,2475.0,Ahmedabad,5,"{""type"":""MultiPoint"",""coordinates"":[]}",-10.43256207526462,-16.706976715334193,-9.395391525607103,-14.199421157028688
1_1_1_1_1_1_1_2_476_0_1_1_1_1_1_1_1_2_476_0,0.15105,0.2205,0.0878,0.1434,0.04375,0.0634,0.065,0.0942,0.0533,0.095,0.23665,0.2985,4,6,-0.39828745,-0.4013346,-0.22078927,-0.15028901,0.6323504,0.51715374,-0.56903696,-0.5202445,22.912294889459897,72.72405705694419,2476.0,Ahmedabad,5,"{""type"":""MultiPoint"",""coordinates"":[]}",-9.705613735796721,-16.069264815115954,-10.144674500874721,-17.39128748021249
1_1_1_1_1_1_1_2_477_0_1_1_1_1_1_1_1_2_477_0,0.1691,0.1826,0.10275,0.1142,0.04225,0.0482,0.068,0.0772,0.06925,0.073,0.31015,0.2644,4,4,-0.42640236,-0.4056967,-0.29431403,-0.18299776,0.6349499,0.5672792,-0.64035434,-0.5480094,22.962241219256946,72.40039406007593,2477.0,Ahmedabad,5,"{""type"":""MultiPoint"",""coordinates"":[]}",-11.78599651991891,-21.116519372123285,-12.481598045035785,-19.33367120971083
1_1_1_1_1_1_1_2_478_0_1_1_1_1_1_1_1_2_478_0,0.2588,0.2291,0.202,0.169,0.08115,0.0798,0.1056,0.1136,0.1339,0.1224,0.2405,0.2764,6,6,-0.42041713,-0.33702946,0.036651313,-0.093570724,0.2847222,0.38615847,-0.38977173,-0.41743588,22.956312338381757,72.47755934298179,2478.0,Ahmedabad,5,"{""type"":""MultiPoint"",""coordinates"":[]}",-11.983611808034667,-18.72269542565693,-9.999582026266456,-15.412980943178933
1_1_1_1_1_1_1_2_479_0_1_1_1_1_1_1_1_2_479_0,0.1791,0.215,0.10745,0.1614,0.02915,0.0422,0.0513,0.0686,0.0507,0.0664,0.2676,0.2036,4,6,-0.5546875,-0.51622003,-0.19811954,0.027233636,0.6814326,0.50814813,-0.678269,-0.49595886,23.16687744097937,72.5715231217007,2479.0,Ahmedabad,5,"{""type"":""MultiPoint"",""coordinates"":[]}",-10.182229349528782,-15.082325857943065,-10.190896100109665,-16.361439954133917
1_1_1_1_1_1_1_2_480_0_1_1_1_1_1_1_1_2_480_0,0.3266,0.2271,0.2404,0.138,0.07525,0.0497,0.1042,0.0753,0.1359,0.0686,0.2632,0.2888,4,1,-0.5162488,-0.5019841,0.10749406,-0.119596824,0.31896767,0.6161164,-0.43277082,-0.5863774,22.97877022048474,72.47549321782832,2480.0,Ahmedabad,5,"{""type"":""MultiPoint"",""coordinates"":[]}",-12.067064257993206,-17.849536089596135,-9.246902344591046,-14.676687214382985
1_1_1_1_1_1_1_2_481_0_1_1_1_1_1_1_1_2_481_0,0.2539,0.3503,0.18035,0.2944,0.04475,0.0842,0.0821,0.119,0.0768,0.164,0.3221,0.2928,4,6,-0.5113095,-0.49286172,-0.11840278,0.08941067,0.61494106,0.28196147,-0.59376544,-0.42204955,23.16535030499637,72.65677324216364,2481.0,Ahmedabad,5,"{""type"":""MultiPoint"",""coordinates"":[]}",-11.264375792323444,-17.524727730290813,-11.370925180256336,-17.031991889397332
1_1_1_1_1_1_1_2_482_0_1_1_1_1_1_1_1_2_482_0,0.30315,0.2882,0.2674,0.2485,0.1142,0.1404,0.1557,0.1808,0.2004,0.2282,0.27515,0.3077,6,6,-0.32134685,-0.22899787,0.048417777,-0.032723613,0.15718642,0.14834857,-0.27724266,-0.25977483,22.99215511821812,72.5520296800353,2482.0,Ahmedabad,5,"{""type"":""MultiPoint"",""coordinates"":[]}",-9.727569563411759,-15.92319855666669,-9.596223079945958,-15.78978478848418
1_1_1_1_1_1_1_2_483_0_1_1_1_1_1_1_1_2_483_0,0.2473,0.215,0.20945,0.1317,0.06805,0.059,0.0915,0.0844,0.1001,0.085,0.24905,0.294,6,6,-0.45985833,-0.43620574,-0.003525738,-0.1552063,0.4266075,0.5514512,-0.46263397,-0.5539112,22.95577334921128,72.49777143687447,2483.0,Ahmedabad,5,"{""type"":""MultiPoint"",""coordinates"":[]}",-8.688559496793648,-15.662993596536298,-8.202870251507665,-14.681665467736824
1_1_1_1_1_1_1_2_484_0_1_1_1_1_1_1_1_2_484_0,0.19625,0.2623,0.1454,0.1984,0.04375,0.0662,0.06985,0.0971,0.0776,0.1018,0.2499,0.2808,4,4,-0.47500938,-0.459655,-0.12025104,-0.034063708,0.5261069,0.46785155,-0.56309617,-0.48610744,23.08090866828913,72.7452572976494,2484.0,Ahmedabad,5,"{""type"":""MultiPoint"",""coordinates"":[]}",-14.521586056590346,-21.321734401739455,-12.724530042621094,-18.9434518986361
1_1_1_1_1_1_1_2_485_0_1_1_1_1_1_1_1_2_485_0,0.32745,0.3499,0.2889,0.289,0.07785,0.1494,0.1071,0.1824,0.1494,0.2212,0.2378,0.3301,4,6,-0.50707626,-0.31467217,0.15860239,0.029117648,0.22830579,0.1975331,-0.37895042,-0.28819513,23.124836285682576,72.53487185810862,2485.0,Ahmedabad,5,"{""type"":""MultiPoint"",""coordinates"":[]}",-12.675175605592418,-21.389877475475302,-11.298288942256963,-19.045691494253255
1_1_1_1_1_1_1_2_486_0_1_1_1_1_1_1_1_2_486_0,0.2392,0.3156,0.19305,0.2644,0.04545,0.0692,0.06765,0.0951,0.08405,0.1274,0.18225,0.2016,4,4,-0.55906796,-0.53688824,0.13512872,0.22041763,0.36875704,0.22553192,-0.45858344,-0.35894844,23.167775756263488,72.55571277270019,2486.0,Ahmedabad,5,"{""type"":""MultiPoint"",""coordinates"":[]}",-12.598721407933002,-19.965728123920485,-11.593021582370977,-21.091771296103257
1_1_1_1_1_1_1_2_487_0_1_1_1_1_1_1_1_2_487_0,0.2117,0.319,0.12495,0.282,0.03825,0.0738,0.0658,0.1016,0.0538,0.135,0.3268,0.2229,1,6,-0.5257658,-0.51688063,-0.21374187,0.17733899,0.7172885,0.24559933,-0.6647988,-0.37380585,23.069949221822878,72.49597480630624,2487.0,Ahmedabad,5,"{""type"":""MultiPoint"",""coordinates"":[]}",-9.593752092345749,-14.456543984519081,-9.211105665190342,-17.382321719496744
1_1_1_1_1_1_1_2_488_0_1_1_1_1_1_1_1_2_488_0,0.25615,0.2483,0.194,0.197,0.0488,0.0574,0.08035,0.0814,0.09785,0.0897,0.26975,0.2554,4,4,-0.52243686,-0.5062178,-0.025860429,-0.014095692,0.46762785,0.48015067,-0.54098827,-0.5166271,23.1964320138269,72.74660477057559,2488.0,Ahmedabad,5,"{""type"":""MultiPoint"",""coordinates"":[]}",-8.640590076459425,-16.548159017614687,-9.778376321016534,-16.586478677110456
1_1_1_1_1_1_1_2_489_0_1_1_1_1_1_1_1_2_489_0,0.18505,0.3144,0.1063,0.2611,0.03665,0.0946,0.0631,0.1348,0.0416,0.1876,0.3247,0.2652,6,6,-0.49143663,-0.3998219,-0.27395782,0.084886126,0.77286375,0.17137809,-0.6745745,-0.326,23.100402109954526,72.70195850095485,2489.0,Ahmedabad,5,"{""type"":""MultiPoint"",""coordinates"":[]}",-13.395539925719378,-21.32176181514994,-11.93845018515442,-20.17328744953617
1_1_1_1_1_1_1_2_490_0_1_1_1_1_1_1_1_2_490_0,0.2321,0.2725,0.1648,0.2184,0.04345,0.0516,0.0721,0.0833,0.07535,0.1022,0.3065,0.2642,4,4,-0.52596974,-0.53175944,-0.13813591,0.015464878,0.6053424,0.44213974,-0.6191231,-0.5205755,23.15492984770058,72.7452572976494,2490.0,Ahmedabad,5,"{""type"":""MultiPoint"",""coordinates"":[]}",-13.151079454809288,-19.75829949591344,-11.627792325932779,-16.91827453267015
1_1_1_1_1_1_1_2_491_0_1_1_1_1_1_1_1_2_491_0,0.20315,0.1952,0.1425,0.1335,0.043,0.045,0.0695,0.0629,0.07215,0.0619,0.2451,0.2222,4,4,-0.4901889,-0.512592,-0.09358617,-0.06468615,0.5451537,0.56423795,-0.5581691,-0.55875134,22.90825247068136,72.35017823569365,2491.0,Ahmedabad,5,"{""type"":""MultiPoint"",""coordinates"":[]}",-12.158568966578894,-18.680956020210928,-10.712425943252438,-16.70788985364088
1_1_1_1_1_1_1_2_492_0_1_1_1_1_1_1_1_2_492_0,0.25195,0.2312,0.18755,0.1455,0.04745,0.045,0.0792,0.0726,0.0909,0.0674,0.29815,0.376,4,4,-0.52166694,-0.52205396,-0.08398473,-0.23847167,0.53270787,0.69598556,-0.58023053,-0.67632633,23.161936706916716,72.62658984861721,2492.0,Ahmedabad,5,"{""type"":""MultiPoint"",""coordinates"":[]}",-11.813204377831989,-19.052968806227167,-10.819511849138992,-17.47985522131448
1_1_1_1_1_1_1_2_493_0_1_1_1_1_1_1_1_2_493_0,0.24255,0.221,0.17095,0.153,0.0538,0.0534,0.08245,0.0806,0.0994,0.0816,0.2892,0.3329,4,4,-0.49261537,-0.46551725,-0.08772919,-0.20202203,0.48841998,0.60627264,-0.55630296,-0.6101572,23.19858797050879,72.48753064263552,2493.0,Ahmedabad,5,"{""type"":""MultiPoint"",""coordinates"":[]}",-11.619951057056749,-19.389907476940884,-10.217058232031835,-16.531277828765624
1_1_1_1_1_1_1_2_494_0_1_1_1_1_1_1_1_2_494_0,0.2853,0.2986,0.22055,0.2079,0.0729,0.0617,0.1042,0.0925,0.1217,0.1028,0.2588,0.2722,4,4,-0.46495506,-0.5269752,0.04870428,0.046250876,0.36031538,0.45173332,-0.4258953,-0.49273375,22.951191941262277,72.46354562454952,2494.0,Ahmedabad,5,"{""type"":""MultiPoint"",""coordinates"":[]}",-13.209971035788694,-20.341788876757075,-12.856651172984833,-20.469866123739017
1_1_1_1_1_1_1_2_495_0_1_1_1_1_1_1_1_2_495_0,0.33415,0.2418,0.27255,0.1611,0.084,0.0598,0.123,0.089,0.171,0.1082,0.2949,0.3324,5,1,-0.4618834,-0.46191052,0.062395677,-0.15778475,0.2659369,0.5088516,-0.4113424,-0.57759845,23.072195010033173,72.45321499878216,2495.0,Ahmedabad,5,"{""type"":""MultiPoint"",""coordinates"":[]}",-11.219717778194461,-18.43338306232251,-8.279830227786338,-14.791186775060087
1_1_1_1_1_1_1_2_496_0_1_1_1_1_1_1_1_2_496_0,0.3306,0.3077,0.2785,0.2671,0.1099,0.1186,0.1484,0.1474,0.1789,0.1821,0.2818,0.2354,6,6,-0.38037577,-0.35223028,0.07968648,0.13312465,0.22335577,0.12766467,-0.31008834,-0.22988506,22.908521965266598,72.59766409646858,2496.0,Ahmedabad,5,"{""type"":""MultiPoint"",""coordinates"":[]}",-12.99593594077873,-19.699212199596122,-8.297379026910518,-17.756710716821246
1_1_1_1_1_1_1_2_497_0_1_1_1_1_1_1_1_2_497_0,0.24845,0.2817,0.1983,0.2455,0.05525,0.1114,0.0816,0.1408,0.1036,0.1698,0.23225,0.2473,6,6,-0.50552946,-0.33349112,0.033700854,0.065028355,0.38305792,0.18580677,-0.48000637,-0.27441382,23.01263670669605,72.7324113890865,2497.0,Ahmedabad,5,"{""type"":""MultiPoint"",""coordinates"":[]}",-8.984817152969226,-14.604610484109898,-0.6244583957923944,-14.624352470196019
1_1_1_1_1_1_1_2_498_0_1_1_1_1_1_1_1_2_498_0,0.30215,0.2724,0.22755,0.1907,0.0798,0.0697,0.1135,0.0929,0.1394,0.1106,0.2897,0.2823,6,6,-0.45386744,-0.49137694,0.021035735,-0.017847486,0.350268,0.43700686,-0.43700397,-0.50479746,23.166248620280484,72.45842522743004,2498.0,Ahmedabad,5,"{""type"":""MultiPoint"",""coordinates"":[]}",-10.920364246159249,-16.451362383036688,-9.17890326301357,-15.402064368748889
1_1_1_1_1_1_1_2_499_0_1_1_1_1_1_1_1_2_499_0,0.34805,0.3363,0.2653,0.2718,0.08285,0.0704,0.1114,0.1024,0.1475,0.1214,0.26595,0.2526,4,4,-0.51507235,-0.53316617,0.13371335,0.14212939,0.28649172,0.35080215,-0.4095667,-0.4230986,23.107408969170656,72.35080705639253,2499.0,Ahmedabad,5,"{""type"":""MultiPoint"",""coordinates"":[]}",-11.494856601208319,-18.999727000193538,-10.62760176410335,-18.558506746612533
1_1_1_1_1_1_2_0_0_1_1_1_1_1_1_2_0_0,0.3952,0.32,0.3584,0.26785,0.0927,0.05615,0.1422,0.0922,0.2096,0.1215,0.32715,0.271,4,4,-0.47078526,-0.5526444,0.09420641,0.08291032,0.21900326,0.3808917,-0.3940556,-0.49229074,27.009421068800624,75.90274568980111,2500.0,Jaipur,6,"{""type"":""MultiPoint"",""coordinates"":[]}",-12.773445480476763,-20.03407392690677,-10.85171022449303,-15.946346587700482
1_1_1_1_1_1_2_1_0_1_1_1_1_1_1_2_1_0,0.251,0.238,0.1808,0.1782,0.0642,0.0526,0.0884,0.07,0.1322,0.0998,0.2414,0.191,1,1,-0.47908074,-0.54545456,0.019496344,0.10955711,0.29229122,0.31361762,-0.46391752,-0.46360153,27.03915530470498,76.07656969727825,2501.0,Jaipur,6,"{""type"":""MultiPoint"",""coordinates"":[]}",-4.377555147275123,-9.040741219614867,-11.92474242289264,-18.95878892230441
1_1_1_1_1_1_2_2_0_1_1_1_1_1_1_2_2_0,0.3475,0.17975,0.3095,0.1125,0.0946,0.02915,0.1542,0.06565,0.1824,0.0447,0.3444,0.367,4,4,-0.38529003,-0.46495518,0.0044804164,-0.34247828,0.30751708,0.7828516,-0.38146812,-0.69652146,27.07607606288229,75.70556548493688,2502.0,Jaipur,6,"{""type"":""MultiPoint"",""coordinates"":[]}",-12.677864111303117,-19.547167592007433,-14.57278630706697,-20.082172654907584
1_1_1_1_1_1_2_3_0_1_1_1_1_1_1_2_3_0,0.2252,0.27625,0.1764,0.2277,0.0814,0.0547,0.0889,0.08555,0.1062,0.0964,0.2994,0.3082,4,6,-0.43393824,-0.5270868,-0.14144109,-0.05466678,0.47633135,0.52348,-0.5421066,-0.5654603,26.81547479895922,75.91451362002309,2503.0,Jaipur,6,"{""type"":""MultiPoint"",""coordinates"":[]}",-9.710135508945708,-16.306106133937718,-9.311374593408685,-17.636784704584368
1_1_1_1_1_1_2_4_0_1_1_1_1_1_1_2_4_0,0.21575,0.1848,0.14285,0.104,0.0539,0.0268,0.0829,0.0532,0.08915,0.0343,0.27165,0.4047,6,4,-0.4448351,-0.5529412,-0.11469019,-0.37302798,0.5058204,0.84373575,-0.53236496,-0.76763487,26.92408111680927,76.06228648426074,2504.0,Jaipur,6,"{""type"":""MultiPoint"",""coordinates"":[]}",-10.8628237795333,-17.14706331755695,-12.215307480116442,-19.101973802556735
1_1_1_1_1_1_2_5_0_1_1_1_1_1_1_2_5_0,0.1984,0.2805,0.1328,0.2251,0.041,0.061,0.0683,0.09945,0.07,0.1288,0.2454,0.2456,1,4,-0.487814,-0.47651008,-0.10590356,0.0663372,0.5561192,0.31196582,-0.5645521,-0.4235618,26.83793268106221,75.96993967305325,2505.0,Jaipur,6,"{""type"":""MultiPoint"",""coordinates"":[]}",-10.919430682374276,-17.428375072045018,-11.315009142360546,-17.916621225683045
1_1_1_1_1_1_2_6_0_1_1_1_1_1_1_2_6_0,0.4141,0.41485,0.3654,0.36655,0.0938,0.0733,0.145,0.1264,0.2172,0.20925,0.3332,0.3146,4,5,-0.48130924,-0.532933,0.10825639,0.1374323,0.21075581,0.20110719,-0.3935592,-0.42675737,27.092874558695325,75.86663341537951,2506.0,Jaipur,6,"{""type"":""MultiPoint"",""coordinates"":[]}",-16.751014565142953,-20.741381227652703,-14.803998191599321,-20.753997772832907
1_1_1_1_1_1_2_7_0_1_1_1_1_1_1_2_7_0,0.2466,0.2807,0.2291,0.2676,0.0982,0.10365,0.1172,0.1315,0.142,0.16325,0.1912,0.22555,6,6,-0.35568994,-0.3619602,0.1265418,0.10893827,0.14765906,0.16023663,-0.23994812,-0.26340848,26.83541739826667,75.81767523239499,2507.0,Jaipur,6,"{""type"":""MultiPoint"",""coordinates"":[]}",-7.664792113801945,-16.970571745311467,-7.589661562720997,-15.948718273007685
1_1_1_1_1_1_2_8_0_1_1_1_1_1_1_2_8_0,0.3653,0.3602,0.3198,0.32895,0.1052,0.0841,0.1404,0.1237,0.182,0.1559,0.2912,0.2789,5,6,-0.44473007,-0.48873734,0.11287129,0.12721014,0.23076923,0.28288868,-0.3493976,-0.3854943,26.846736170846576,75.6148356412408,2508.0,Jaipur,6,"{""type"":""MultiPoint"",""coordinates"":[]}",-14.287231125037867,-22.82175820154051,-11.190399011631891,-20.324862884197206
1_1_1_1_1_1_2_9_0_1_1_1_1_1_1_2_9_0,0.2472,0.31105,0.1906,0.2897,0.0589,0.07,0.0844,0.1199,0.1034,0.1822,0.2476,0.2495,6,6,-0.49095297,-0.44355494,-0.00080840744,0.10980287,0.4108262,0.1558953,-0.49156627,-0.3508392,26.840627626914564,75.96607691733153,2509.0,Jaipur,6,"{""type"":""MultiPoint"",""coordinates"":[]}",-9.92618725048395,-15.683694174284096,-11.611428074053904,-18.780669804169868
1_1_1_1_1_1_2_10_0_1_1_1_1_1_1_2_10_0,0.3804,0.29725,0.3607,0.2576,0.1134,0.0824,0.1666,0.1274,0.2202,0.1501,0.2961,0.2892,6,6,-0.39085925,-0.39997646,0.124611974,0.01372666,0.14700755,0.3166401,-0.27987897,-0.38838214,26.788166014321984,75.8605248714475,2510.0,Jaipur,6,"{""type"":""MultiPoint"",""coordinates"":[]}",-11.269656971541187,-18.170974047102256,-8.92805177547961,-14.241330138454932
1_1_1_1_1_1_2_11_0_1_1_1_1_1_1_2_11_0,0.3592,0.3581,0.2966,0.3075,0.0829,0.0656,0.1233,0.0993,0.1892,0.1396,0.2958,0.2298,5,5,-0.48891193,-0.56580675,0.09679389,0.21823439,0.21979381,0.24417976,-0.41159627,-0.396536,27.076345557467526,76.07019165876099,2511.0,Jaipur,6,"{""type"":""MultiPoint"",""coordinates"":[]}",-15.264528500989286,-22.10367822026558,-14.778784601671218,-20.31794394440026
1_1_1_1_1_1_2_12_0_1_1_1_1_1_1_2_12_0,0.3579,0.36485,0.286,0.326,0.0819,0.0928,0.119,0.1343,0.178,0.1934,0.2786,0.27365,4,6,-0.5009436,-0.4618852,0.12458759,0.14283477,0.22032413,0.17182314,-0.40140846,-0.34158596,27.04750963684729,75.78344942007004,2512.0,Jaipur,6,"{""type"":""MultiPoint"",""coordinates"":[]}",-13.992366763509756,-20.242219856649406,-14.224209480821488,-20.50402502250765
1_1_1_1_1_1_2_13_0_1_1_1_1_1_1_2_13_0,0.266,0.33845,0.2196,0.29525,0.0514,0.0985,0.0767,0.097,0.1014,0.12355,0.2197,0.274,4,6,-0.5523782,-0.5544839,0.095326334,0.10523308,0.36842105,0.37844297,-0.48245615,-0.47708896,26.994329372027416,75.70260104449929,2513.0,Jaipur,6,"{""type"":""MultiPoint"",""coordinates"":[]}",-10.874676090559742,-16.18308310688053,-10.679841122832274,-17.17421327245573
1_1_1_1_1_1_2_14_0_1_1_1_1_1_1_2_14_0,0.3133,0.2709,0.2564,0.2307,0.08735,0.0612,0.1314,0.0942,0.1906,0.1272,0.2726,0.2218,5,5,-0.4090398,-0.483977,0.06946578,0.099654965,0.17702936,0.27106017,-0.34950495,-0.40379748,26.93755584607106,76.03156410154385,2514.0,Jaipur,6,"{""type"":""MultiPoint"",""coordinates"":[]}",-14.997895041402646,-19.31185201958923,-12.809373782867743,-16.558351356268854
1_1_1_1_1_1_2_15_0_1_1_1_1_1_1_2_15_0,0.4107,0.35735,0.384,0.3288,0.1148,0.1218,0.1704,0.1826,0.251,0.244,0.3428,0.3355,6,6,-0.41352606,-0.3236411,0.090112805,0.031536408,0.1545975,0.15789473,-0.33593142,-0.29511678,27.04508418558017,75.60540333075755,2515.0,Jaipur,6,"{""type"":""MultiPoint"",""coordinates"":[]}",-13.14541482490759,-19.269648498893133,-10.811296463500195,-17.20705401282948
1_1_1_1_1_1_2_16_0_1_1_1_1_1_1_2_16_0,0.3066,0.3078,0.21895,0.26905,0.0682,0.06125,0.1056,0.0909,0.14195,0.11995,0.28395,0.2306,4,4,-0.48762736,-0.54401803,0.038354076,0.14338781,0.3334116,0.31564683,-0.45783597,-0.43452567,27.030172151863784,75.88711500385743,2516.0,Jaipur,6,"{""type"":""MultiPoint"",""coordinates"":[]}",-13.122208025232203,-19.023585024516002,-12.439403201537926,-18.885752086261824
1_1_1_1_1_1_2_17_0_1_1_1_1_1_1_2_17_0,0.3226,0.2831,0.2421,0.22215,0.0813,0.06505,0.1122,0.08775,0.1495,0.1137,0.2464,0.1855,1,1,-0.48390064,-0.52676284,0.13391915,0.20827998,0.24475878,0.23997326,-0.37423313,-0.357731,27.04427570182446,75.8529790230609,2517.0,Jaipur,6,"{""type"":""MultiPoint"",""coordinates"":[]}",-9.090989316991928,-15.610778829899589,-9.608059145672968,-15.274067055901474
1_1_1_1_1_1_2_18_0_1_1_1_1_1_1_2_18_0,0.3192,0.29315,0.24975,0.24265,0.0723,0.061,0.1083,0.0917,0.16575,0.1303,0.26005,0.1992,1,5,-0.49333334,-0.5234507,0.102114804,0.19081953,0.22146548,0.2091047,-0.4119723,-0.3695428,27.016966917187226,75.9980569414462,2518.0,Jaipur,6,"{""type"":""MultiPoint"",""coordinates"":[]}",-14.305837055918541,-18.447113548113613,-11.959461823411942,-15.869044739026005
1_1_1_1_1_1_2_19_0_1_1_1_1_1_1_2_19_0,0.3771,0.32995,0.3166,0.28025,0.118,0.099,0.1638,0.1454,0.2122,0.17605,0.3236,0.30865,5,6,-0.39434275,-0.38824025,0.07635222,0.03335421,0.2079134,0.27357128,-0.3278621,-0.3595419,26.80721029834532,75.7568592876601,2519.0,Jaipur,6,"{""type"":""MultiPoint"",""coordinates"":[]}",-9.297263332865398,-17.568717277476356,-10.93714415607402,-17.178003000807877
1_1_1_1_1_1_2_20_0_1_1_1_1_1_1_2_20_0,0.1526,0.194,0.13185,0.1745,0.05525,0.09685,0.0733,0.1237,0.08695,0.15195,0.15395,0.2246,6,6,-0.35104027,-0.22127794,-0.004403849,-0.07310081,0.2781237,0.19293587,-0.3548955,-0.2896928,26.99783280163548,75.79656482321819,2520.0,Jaipur,6,"{""type"":""MultiPoint"",""coordinates"":[]}",-7.551478109179499,-14.814457919992606,-5.5535321850386845,-13.137078868432875
1_1_1_1_1_1_2_21_0_1_1_1_1_1_1_2_21_0,0.1575,0.41675,0.0883,0.39685,0.0275,0.1007,0.0525,0.1594,0.0349,0.2427,0.444,0.3335,4,4,-0.5,-0.44667187,-0.47630924,0.11096301,0.8542493,0.15758418,-0.7885196,-0.35321566,27.000078589845774,75.65175639941812,2521.0,Jaipur,6,"{""type"":""MultiPoint"",""coordinates"":[]}",-12.40198608843711,-19.48784724261204,-14.375910251938889,-23.796393056037083
1_1_1_1_1_1_2_22_0_1_1_1_1_1_1_2_22_0,0.2416,0.2046,0.1667,0.14765,0.0626,0.04595,0.0862,0.0654,0.1078,0.0677,0.1928,0.163,5,1,-0.47406957,-0.51555556,0.112338856,0.11316649,0.2827678,0.4130906,-0.38207886,-0.42732048,26.89093328282526,75.86259099660097,2522.0,Jaipur,6,"{""type"":""MultiPoint"",""coordinates"":[]}",-5.043490805889199,-11.373082204327478,-11.590383878640512,-15.690248676976095
1_1_1_1_1_1_2_23_0_1_1_1_1_1_1_2_23_0,0.31675,0.3119,0.217,0.2512,0.08725,0.0722,0.1228,0.0982,0.1792,0.1316,0.3149,0.2258,4,6,-0.44124672,-0.5210924,0.0029288372,0.16012646,0.27464077,0.26357022,-0.4388851,-0.39382717,26.80208990122584,76.02078431813442,2523.0,Jaipur,6,"{""type"":""MultiPoint"",""coordinates"":[]}",-11.79688452007332,-18.675084335039397,-13.947218875346065,-20.64796028092414
1_1_1_1_1_1_2_24_0_1_1_1_1_1_1_2_24_0,0.32125,0.1488,0.27435,0.0742,0.07775,0.0278,0.1205,0.0534,0.1577,0.0249,0.2794,0.4637,4,4,-0.45444256,-0.4718101,0.06967452,-0.5141224,0.278426,0.8980761,-0.39734933,-0.7934635,26.756545316320977,76.01647240477064,2524.0,Jaipur,6,"{""type"":""MultiPoint"",""coordinates"":[]}",-11.687457265362136,-19.734679754845413,-13.872641966094978,-22.2172405269955
1_1_1_1_1_1_2_25_0_1_1_1_1_1_1_2_25_0,0.3468,0.2136,0.3077,0.163,0.0828,0.0473,0.1208,0.07285,0.1684,0.0829,0.2942,0.3216,4,4,-0.48331907,-0.49135974,0.08205928,-0.20179372,0.2719412,0.59011126,-0.41783133,-0.63062495,26.860929552335666,75.65436151374206,2525.0,Jaipur,6,"{""type"":""MultiPoint"",""coordinates"":[]}",-11.061208537668413,-19.425147271489667,-11.35420084766282,-19.162937556834123
1_1_1_1_1_1_2_26_0_1_1_1_1_1_1_2_26_0,0.1295,0.1588,0.0642,0.09415,0.0397,0.0497,0.0724,0.08445,0.0455,0.068,0.438,0.35745,4,4,-0.28281328,-0.30565262,-0.54361236,-0.38479418,0.81178904,0.68033844,-0.71630096,-0.6177868,26.79634068340747,76.00272818092361,2526.0,Jaipur,6,"{""type"":""MultiPoint"",""coordinates"":[]}",-12.809777902324768,-20.838345231972582,-12.686293896367742,-22.357309401761434
1_1_1_1_1_1_2_27_0_1_1_1_1_1_1_2_27_0,0.2497,0.2251,0.1752,0.167,0.0523,0.0424,0.0605,0.053,0.0898,0.0718,0.1802,0.15,1,1,-0.6099291,-0.6188421,0.1616655,0.20021328,0.33481482,0.35256988,-0.49729955,-0.47783253,27.08191511222907,76.09273937239239,2527.0,Jaipur,6,"{""type"":""MultiPoint"",""coordinates"":[]}",-7.320186154773928,-14.08452655082481,-7.737580794852771,-12.881226034717805
1_1_1_1_1_1_2_28_0_1_1_1_1_1_1_2_28_0,0.3511,0.329,0.284,0.2781,0.0842,0.0569,0.1212,0.08715,0.1646,0.1104,0.3188,0.24,5,5,-0.48676687,-0.58116066,0.048216153,0.15641476,0.3189905,0.369863,-0.4490909,-0.46721688,26.826434245425475,75.62444761478089,2528.0,Jaipur,6,"{""type"":""MultiPoint"",""coordinates"":[]}",-11.854117853130717,-16.627412277681724,-11.062671292966774,-16.224577672172718
1_1_1_1_1_1_2_29_0_1_1_1_1_1_1_2_29_0,0.1979,0.185,0.12335,0.1019,0.0379,0.016,0.0629,0.0421,0.05775,0.0187,0.3214,0.4456,1,4,-0.517638,-0.62923825,-0.23782015,-0.4132572,0.6953712,0.9194486,-0.6726516,-0.8273529,27.07922016637671,76.06641873456769,2529.0,Jaipur,6,"{""type"":""MultiPoint"",""coordinates"":[]}",-10.23806734006992,-16.696387325435467,-11.473714539722302,-18.674595940071402
1_1_1_1_1_1_2_30_0_1_1_1_1_1_1_2_30_0,0.3378,0.3274,0.2756,0.28245,0.0876,0.08715,0.1222,0.1232,0.1816,0.1665,0.291,0.24375,6,6,-0.46869564,-0.45317355,0.07442748,0.1464589,0.2314854,0.18829982,-0.40851888,-0.32851887,26.76454032234964,75.73404207944347,2530.0,Jaipur,6,"{""type"":""MultiPoint"",""coordinates"":[]}",-9.326347508734317,-17.78754222928321,-10.883589196910936,-18.346564034733774
1_1_1_1_1_1_2_31_0_1_1_1_1_1_1_2_31_0,0.2518,0.18055,0.1852,0.11975,0.0493,0.02585,0.0912,0.0557,0.1038,0.04265,0.3413,0.3548,4,4,-0.46822158,-0.5284656,-0.15090203,-0.325488,0.53358793,0.7853818,-0.5782659,-0.7286236,27.087933824632668,75.81578877029834,2531.0,Jaipur,6,"{""type"":""MultiPoint"",""coordinates"":[]}",-9.090346502496622,-18.77675527423402,-10.419162790370379,-16.848778287158666
1_1_1_1_1_1_2_32_0_1_1_1_1_1_1_2_32_0,0.2778,0.2637,0.237,0.1985,0.056,0.0461,0.0878,0.0806,0.0896,0.07655,0.3072,0.294,4,6,-0.5196937,-0.53180367,-0.05025641,-0.054330286,0.5483871,0.5868304,-0.55544305,-0.5696743,26.840986953028214,75.94811061164916,2532.0,Jaipur,6,"{""type"":""MultiPoint"",""coordinates"":[]}",-10.13634946381708,-17.377754578498504,-10.907674072939077,-15.958015452401678
1_1_1_1_1_1_2_33_0_1_1_1_1_1_1_2_33_0,0.2084,0.1834,0.1464,0.132,0.055,0.0361,0.0679,0.0488,0.0913,0.06365,0.1649,0.13355,5,1,-0.5085052,-0.5796727,0.11652826,0.15728033,0.28727555,0.35446247,-0.41666666,-0.46476555,26.867217759324504,75.83411440209439,2533.0,Jaipur,6,"{""type"":""MultiPoint"",""coordinates"":[]}",-1.7223465013981691,-8.296039725922421,-9.028490037262358,-13.37502476829086
1_1_1_1_1_1_2_34_0_1_1_1_1_1_1_2_34_0,0.1825,0.1838,0.11245,0.1169,0.0439,0.0326,0.0694,0.0584,0.05315,0.0518,0.38205,0.3916,4,6,-0.4489877,-0.5177539,-0.35346738,-0.36114007,0.75574446,0.7663509,-0.69254625,-0.7404444,26.774511622003367,76.03246241682797,2534.0,Jaipur,6,"{""type"":""MultiPoint"",""coordinates"":[]}",-11.765904752564165,-17.286887676177734,-11.495285446532126,-17.41076265569365
1_1_1_1_1_1_2_35_0_1_1_1_1_1_1_2_35_0,0.3734,0.02535,0.3232,0.0234,0.1196,0.01695,0.1686,0.022,0.2309,0.0179,0.3252,0.01775,5,0,-0.37785977,-0.07074974,0.06899513,0.17633411,0.16957381,-0.004207574,-0.31713244,0.10691824,26.94168809637801,75.92915615915423,2535.0,Jaipur,6,"{""type"":""MultiPoint"",""coordinates"":[]}",-13.862037622693668,-21.578438697062104,-22.508857694599662,-28.961827013779903
1_1_1_1_1_1_2_36_0_1_1_1_1_1_1_2_36_0,0.3785,0.3351,0.3479,0.2966,0.0946,0.1085,0.1388,0.1469,0.1882,0.1831,0.2964,0.2716,6,6,-0.4633675,-0.39045644,0.12164765,0.10466458,0.22327693,0.19463383,-0.36213234,-0.29796892,27.04202991361416,75.74248624311419,2536.0,Jaipur,6,"{""type"":""MultiPoint"",""coordinates"":[]}",-10.666563505936033,-18.551676537068012,-9.252950839749056,-17.24575781991068
1_1_1_1_1_1_2_37_0_1_1_1_1_1_1_2_37_0,0.26305,0.2182,0.20365,0.1621,0.061,0.0426,0.0838,0.0602,0.11845,0.0757,0.2084,0.1668,4,5,-0.516794,-0.5675287,0.11591897,0.13350649,0.2752027,0.3756701,-0.42642027,-0.46960354,26.97178165839601,76.07387475142588,2537.0,Jaipur,6,"{""type"":""MultiPoint"",""coordinates"":[]}",-4.469758397921515,-10.632285765250227,-10.069061119044754,-14.992413964589185
1_1_1_1_1_1_2_38_0_1_1_1_1_1_1_2_38_0,0.30975,0.2806,0.24575,0.22385,0.06735,0.0522,0.09795,0.08755,0.1349,0.1147,0.2676,0.2528,6,4,-0.51949966,-0.52437866,0.073005974,0.052118484,0.32968944,0.3757823,-0.4640952,-0.4855296,27.027028048369367,75.95439881863798,2538.0,Jaipur,6,"{""type"":""MultiPoint"",""coordinates"":[]}",-10.007258567563749,-17.253869989118993,-10.330456433013918,-16.228911940671924
1_1_1_1_1_1_2_39_0_1_1_1_1_1_1_2_39_0,0.32115,0.30065,0.2763,0.25055,0.1163,0.0792,0.1563,0.11,0.1969,0.13505,0.2654,0.23875,6,6,-0.34527177,-0.46426398,0.09504731,0.114757136,0.14817218,0.2774211,-0.25871474,-0.3691756,27.00079724207308,75.88567769940285,2539.0,Jaipur,6,"{""type"":""MultiPoint"",""coordinates"":[]}",-12.084152899220943,-15.661034696997621,-9.999780880805975,-14.219137707481128
1_1_1_1_1_1_2_40_0_1_1_1_1_1_1_2_40_0,0.3252,0.3339,0.2643,0.295,0.075,0.0573,0.1098,0.07905,0.1535,0.10725,0.2416,0.1874,6,6,-0.4951724,-0.61714494,0.1474947,0.2810282,0.22298153,0.27201766,-0.37507114,-0.40664288,26.850419263511466,75.70960790371542,2540.0,Jaipur,6,"{""type"":""MultiPoint"",""coordinates"":[]}",-13.872422942621958,-19.96088550861664,-12.240510277570383,-18.77647972132091
1_1_1_1_1_1_2_41_0_1_1_1_1_1_1_2_41_0,0.1602,0.23775,0.089,0.171,0.0552,0.0603,0.0742,0.09835,0.058,0.09855,0.4228,0.32005,4,4,-0.3668942,-0.41475752,-0.4504288,-0.14754392,0.7587354,0.52914476,-0.70140845,-0.5298757,26.938454161355185,75.90912372831836,2541.0,Jaipur,6,"{""type"":""MultiPoint"",""coordinates"":[]}",-10.857863596458383,-17.808388899023022,-11.027684441838314,-18.710263725271133
1_1_1_1_1_1_2_42_0_1_1_1_1_1_1_2_42_0,0.1774,0.3533,0.1186,0.3144,0.0452,0.1102,0.0745,0.1626,0.0726,0.2249,0.2662,0.3095,4,4,-0.40849543,-0.36964527,-0.20018034,0.06608328,0.5714286,0.15830839,-0.5626651,-0.3111629,26.84413105652263,75.98745682109359,2542.0,Jaipur,6,"{""type"":""MultiPoint"",""coordinates"":[]}",-10.777509578885528,-17.066324814025595,-12.987884611033047,-19.725039889751702
1_1_1_1_1_1_2_43_0_1_1_1_1_1_1_2_43_0,0.2302,0.3561,0.1675,0.3352,0.0345,0.0889,0.0677,0.1401,0.0648,0.2046,0.3604,0.2978,4,6,-0.5454851,-0.43530834,-0.22045377,0.089157365,0.69520223,0.18550955,-0.68371874,-0.3601279,26.910606387547475,75.60010327058124,2543.0,Jaipur,6,"{""type"":""MultiPoint"",""coordinates"":[]}",-11.118237936966858,-18.260855788942806,-13.122350564719536,-21.25654111479313
1_1_1_1_1_1_2_44_0_1_1_1_1_1_1_2_44_0,0.2508,0.23295,0.172,0.16215,0.0605,0.0496,0.0702,0.0577,0.10025,0.07975,0.19725,0.1893,1,1,-0.5626168,-0.60295886,0.11951791,0.10337478,0.32605043,0.4071734,-0.47504207,-0.5327935,26.993790382856943,75.84462469091858,2544.0,Jaipur,6,"{""type"":""MultiPoint"",""coordinates"":[]}",-10.95314872067506,-16.520598067674896,-9.475090343873717,-15.024046140124367
1_1_1_1_1_1_2_45_0_1_1_1_1_1_1_2_45_0,0.1671,0.2115,0.0975,0.142,0.0468,0.03285,0.0702,0.06055,0.0644,0.05535,0.2434,0.2609,4,4,-0.40834388,-0.55486125,-0.18587089,-0.10457239,0.5815465,0.64996046,-0.5522959,-0.62326956,26.92138617095691,75.91738822893227,2545.0,Jaipur,6,"{""type"":""MultiPoint"",""coordinates"":[]}",-10.115384934738595,-15.80392089766249,-9.002941059491897,-15.044135260283152
1_1_1_1_1_1_2_46_0_1_1_1_1_1_1_2_46_0,0.3322,0.34405,0.2556,0.30605,0.0764,0.07425,0.1166,0.1053,0.1632,0.14855,0.2984,0.22415,5,5,-0.48039216,-0.531323,0.053599745,0.21101725,0.29289427,0.20284411,-0.4380723,-0.36075276,26.94438304223037,75.65894292169108,2546.0,Jaipur,6,"{""type"":""MultiPoint"",""coordinates"":[]}",-12.942139240991926,-16.76012398258252,-14.210406111637786,-19.921416139510313
1_1_1_1_1_1_2_47_0_1_1_1_1_1_1_2_47_0,0.3736,0.3196,0.317,0.27085,0.1046,0.0742,0.1488,0.1106,0.2076,0.1422,0.3252,0.2594,6,6,-0.4303216,-0.48582056,0.06926159,0.10397237,0.22072072,0.29183266,-0.3721519,-0.40216216,27.04661132156317,75.9634718030076,2547.0,Jaipur,6,"{""type"":""MultiPoint"",""coordinates"":[]}",-12.173204669879821,-21.57425487160349,-11.790422903341033,-17.502236805011513
1_1_1_1_1_1_2_48_0_1_1_1_1_1_1_2_48_0,0.3603,0.36635,0.3076,0.35355,0.083,0.0742,0.119,0.1172,0.167,0.1713,0.2637,0.25615,5,6,-0.5034425,-0.51525176,0.15480769,0.17702812,0.22451822,0.19850275,-0.37810296,-0.3721709,26.85185656796606,75.66424298186737,2548.0,Jaipur,6,"{""type"":""MultiPoint"",""coordinates"":[]}",-13.75997324905963,-21.443357439022858,-11.376520663085676,-18.593765732153177
1_1_1_1_1_1_2_49_0_1_1_1_1_1_1_2_49_0,0.25765,0.3077,0.20085,0.2515,0.05135,0.0554,0.0739,0.0831,0.09565,0.101,0.20835,0.2554,6,6,-0.5542151,-0.57471853,0.10579399,0.09287871,0.3707237,0.4332211,-0.47635075,-0.5090103,26.80451535249296,76.0860020077615,2549.0,Jaipur,6,"{""type"":""MultiPoint"",""coordinates"":[]}",-7.619288896509748,-15.22292590859797,-7.732755444585107,-15.835101422451016
1_1_1_1_1_1_2_50_0_1_1_1_1_1_1_2_50_0,0.428,0.3498,0.371,0.30385,0.1366,0.0822,0.1902,0.1116,0.2536,0.1496,0.3505,0.2298,5,5,-0.38466516,-0.5162549,0.09955042,0.20703934,0.1604039,0.2113864,-0.29646754,-0.34622145,26.809366255027204,75.67071085191304,2550.0,Jaipur,6,"{""type"":""MultiPoint"",""coordinates"":[]}",-16.598222499919363,-22.036314592525056,-14.656473953517263,-20.003590832443994
1_1_1_1_1_1_2_51_0_1_1_1_1_1_1_2_51_0,0.3547,0.38385,0.2945,0.355,0.0977,0.1007,0.1372,0.14285,0.1871,0.1846,0.29,0.29315,4,5,-0.44216305,-0.45756596,0.10035676,0.1339734,0.21567805,0.22721088,-0.3576779,-0.34472477,26.76013857745745,75.68634153785672,2551.0,Jaipur,6,"{""type"":""MultiPoint"",""coordinates"":[]}",-13.938061493004819,-18.499901040417324,-13.659981473907028,-19.559895250732165
1_1_1_1_1_1_2_52_0_1_1_1_1_1_1_2_52_0,0.4129,0.33865,0.3598,0.3004,0.105,0.0756,0.1564,0.1025,0.2264,0.1442,0.3168,0.21605,5,6,-0.4505533,-0.53530544,0.13169795,0.22102037,0.1664212,0.19944483,-0.33896872,-0.35645896,26.79625085187906,75.6652311286799,2552.0,Jaipur,6,"{""type"":""MultiPoint"",""coordinates"":[]}",-14.205129299233178,-22.213027873666476,-13.988244793139952,-21.19777032773794
1_1_1_1_1_1_2_53_0_1_1_1_1_1_1_2_53_0,0.1695,0.19345,0.1506,0.18085,0.0844,0.0912,0.1052,0.1107,0.1238,0.12965,0.1355,0.14685,6,6,-0.23407353,-0.2720697,0.11147541,0.13693799,0.04512148,0.06220615,-0.12588285,-0.1403611,26.877638216620287,75.79620549710454,2553.0,Jaipur,6,"{""type"":""MultiPoint"",""coordinates"":[]}",0.4403957123928831,-14.820401205368261,-5.282437650416726,-13.896716912720532
1_1_1_1_1_1_2_54_0_1_1_1_1_1_1_2_54_0,0.4323,0.46685,0.3721,0.4011,0.173,0.1691,0.2214,0.2045,0.2849,0.30175,0.4175,0.46145,6,6,-0.32262507,-0.39077976,0.017415863,0.005817085,0.18878132,0.20925052,-0.3069338,-0.3858398,26.80388653179408,75.79117493151347,2554.0,Jaipur,6,"{""type"":""MultiPoint"",""coordinates"":[]}",-14.559739743069253,-22.509962347724738,-14.217655229071083,-22.65328651237227
1_1_1_1_1_1_2_55_0_1_1_1_1_1_1_2_55_0,0.15255,0.17935,0.08845,0.1048,0.0351,0.0241,0.053,0.05015,0.0437,0.0315,0.29965,0.38695,4,4,-0.4843104,-0.56296295,-0.32529855,-0.36659014,0.74544924,0.8494444,-0.69941866,-0.7705331,26.97537491953249,75.90005074394875,2555.0,Jaipur,6,"{""type"":""MultiPoint"",""coordinates"":[]}",-9.65040563897802,-17.03472742360705,-11.464942888492933,-19.00040665721787
1_1_1_1_1_1_2_56_0_1_1_1_1_1_1_2_56_0,0.2068,0.18845,0.1235,0.1171,0.039,0.03905,0.0678,0.06675,0.0449,0.05435,0.468,0.4276,4,4,-0.50619084,-0.47688088,-0.38707766,-0.388199,0.82491714,0.77445793,-0.74692047,-0.7299484,27.05029441422806,75.61753058709317,2556.0,Jaipur,6,"{""type"":""MultiPoint"",""coordinates"":[]}",-13.542097283993542,-20.87674176477463,-15.63218732059003,-22.556159389528112
1_1_1_1_1_1_2_57_0_1_1_1_1_1_1_2_57_0,0.2789,0.2784,0.2098,0.2145,0.0484,0.0474,0.096,0.0828,0.0999,0.1158,0.3116,0.2494,4,4,-0.48786342,-0.5415282,-0.055376798,0.054945055,0.5144593,0.36582693,-0.52895,-0.50150514,27.032148445488847,76.03102511237338,2557.0,Jaipur,6,"{""type"":""MultiPoint"",""coordinates"":[]}",-11.27682260645054,-18.22945917968638,-9.55780084764085,-15.682352371728129
1_1_1_1_1_1_2_58_0_1_1_1_1_1_1_2_58_0,0.38,0.3322,0.3521,0.32135,0.0912,0.0716,0.1398,0.1169,0.2126,0.17845,0.2964,0.2577,4,6,-0.4621008,-0.47940326,0.123595506,0.12629259,0.16463654,0.18170354,-0.35900962,-0.3758676,26.94743731419637,75.67834653182805,2558.0,Jaipur,6,"{""type"":""MultiPoint"",""coordinates"":[]}",-14.425365398725143,-22.054136608317314,-12.130298739548152,-21.023728272834504
1_1_1_1_1_1_2_59_0_1_1_1_1_1_1_2_59_0,0.1715,0.1892,0.104,0.1338,0.0461,0.03895,0.083,0.07655,0.0604,0.07755,0.4373,0.29505,4,4,-0.34774068,-0.42389464,-0.43659657,-0.21858545,0.7572835,0.5837359,-0.6809533,-0.58799785,26.79490337895288,76.0018298656395,2559.0,Jaipur,6,"{""type"":""MultiPoint"",""coordinates"":[]}",-10.671176317910046,-19.469244061014283,-12.73156362365286,-19.930507183193097
1_1_1_1_1_1_2_60_0_1_1_1_1_1_1_2_60_0,0.4298,0.4542,0.3624,0.4482,0.1158,0.1092,0.1658,0.17495,0.2417,0.2635,0.3452,0.343,4,4,-0.4432505,-0.4438528,0.10916129,0.1394882,0.17635031,0.13107997,-0.35107633,-0.32445216,26.90809110475194,75.62696289757642,2560.0,Jaipur,6,"{""type"":""MultiPoint"",""coordinates"":[]}",-17.404583671328965,-24.38387191007822,-18.62572985079304,-27.093469267792003
1_1_1_1_1_1_2_61_0_1_1_1_1_1_1_2_61_0,0.2563,0.28555,0.2318,0.25295,0.1418,0.138,0.1686,0.1654,0.1715,0.1811,0.2635,0.26485,6,6,-0.20640151,-0.26643753,-0.0138514815,0.03760901,0.21149425,0.18780132,-0.21962509,-0.23114468,26.92488960056497,75.79422920347947,2561.0,Jaipur,6,"{""type"":""MultiPoint"",""coordinates"":[]}",-5.672639877205233,-13.592267193372624,-8.282144268192084,-13.941864397242018
1_1_1_1_1_1_2_62_0_1_1_1_1_1_1_2_62_0,0.3773,0.35145,0.3119,0.31045,0.1009,0.1153,0.1436,0.1475,0.2004,0.1837,0.3045,0.24075,4,6,-0.44864658,-0.4087584,0.10677618,0.18693009,0.20617944,0.13440923,-0.35907164,-0.2401803,26.97330879437902,75.62112384822964,2562.0,Jaipur,6,"{""type"":""MultiPoint"",""coordinates"":[]}",-12.06696300611529,-19.19552559166938,-12.1004600039255,-20.194684058765024
1_1_1_1_1_1_2_63_0_1_1_1_1_1_1_2_63_0,0.34565,0.3028,0.29765,0.24365,0.07525,0.05175,0.1128,0.0833,0.16805,0.1247,0.29685,0.2551,5,5,-0.5079071,-0.5685056,0.075953305,0.08549919,0.27704883,0.3433386,-0.44928598,-0.5076832,26.97214098450966,75.92951548526787,2563.0,Jaipur,6,"{""type"":""MultiPoint"",""coordinates"":[]}",-11.064074747701987,-21.543380234895487,-10.27443301626861,-16.084954408377094
1_1_1_1_1_1_2_64_0_1_1_1_1_1_1_2_64_0,0.2182,0.2333,0.15435,0.1817,0.064,0.0564,0.08885,0.0782,0.109,0.0932,0.21725,0.1988,1,1,-0.42126688,-0.49791333,0.002181651,0.07984263,0.33180076,0.36164382,-0.41947076,-0.43537906,27.008612585044915,76.07432390906794,2564.0,Jaipur,6,"{""type"":""MultiPoint"",""coordinates"":[]}",-11.363723192970953,-15.998629860330809,-9.899427398865884,-15.397159930303523
1_1_1_1_1_1_2_65_0_1_1_1_1_1_1_2_65_0,0.2664,0.2148,0.2294,0.17155,0.0418,0.0335,0.07435,0.07,0.08075,0.05015,0.3564,0.37875,6,6,-0.56360966,-0.50842696,-0.14450867,-0.27621937,0.6305616,0.76614594,-0.65478814,-0.68802226,27.028555184352367,75.6117813692748,2565.0,Jaipur,6,"{""type"":""MultiPoint"",""coordinates"":[]}",-15.339317680976215,-20.370479923992914,-12.466916199580602,-20.466836047849462
1_1_1_1_1_1_2_66_0_1_1_1_1_1_1_2_66_0,0.3411,0.3012,0.2564,0.2229,0.0778,0.0669,0.105,0.0843,0.1595,0.125,0.259,0.2102,5,5,-0.52925354,-0.5626459,0.13681053,0.1779429,0.23775388,0.25417662,-0.42307693,-0.42750424,26.944652536815607,75.82261596645765,2566.0,Jaipur,6,"{""type"":""MultiPoint"",""coordinates"":[]}",-1.533688198436697,-8.133516092597059,-13.526703517818802,-18.25154058556882
1_1_1_1_1_1_2_67_0_1_1_1_1_1_1_2_67_0,0.37435,0.32695,0.3355,0.3005,0.1017,0.0989,0.1518,0.1358,0.21585,0.1839,0.312,0.2518,6,6,-0.42297825,-0.41307402,0.090842865,0.12984881,0.18215401,0.15584117,-0.34540752,-0.2992776,27.02469242863065,75.7200283610112,2567.0,Jaipur,6,"{""type"":""MultiPoint"",""coordinates"":[]}",-13.883622621946579,-19.57785877937077,-6.582308453801895,-16.436653494226977
1_1_1_1_1_1_2_68_0_1_1_1_1_1_1_2_68_0,0.34,0.26105,0.3267,0.2294,0.0974,0.07795,0.147,0.1209,0.2081,0.17355,0.2876,0.27705,4,4,-0.3963039,-0.36693284,0.083492674,-0.02973425,0.16037926,0.22969374,-0.32351586,-0.392386,26.84493954027834,75.62840020203102,2568.0,Jaipur,6,"{""type"":""MultiPoint"",""coordinates"":[]}",-12.569725433592232,-21.08064606899333,-13.031414548883255,-20.163017615024575
1_1_1_1_1_1_2_69_0_1_1_1_1_1_1_2_69_0,0.2301,0.3158,0.1559,0.2679,0.0408,0.0455,0.073,0.0747,0.0727,0.1152,0.2698,0.2034,4,4,-0.5183108,-0.6174136,-0.07941588,0.2164869,0.57547444,0.27683616,-0.57409567,-0.46278316,27.057480936501012,76.09633263352887,2569.0,Jaipur,6,"{""type"":""MultiPoint"",""coordinates"":[]}",-10.135575898963332,-18.27073814065065,-10.474214348122327,-17.53717199428723
1_1_1_1_1_1_2_70_0_1_1_1_1_1_1_2_70_0,0.2216,0.3677,0.193,0.3514,0.0625,0.1251,0.0878,0.1649,0.091,0.2189,0.226,0.2787,6,6,-0.4324499,-0.38077357,-0.009830206,0.13768564,0.4258675,0.12017685,-0.4404079,-0.2565374,26.932165954366344,75.76314749464893,2570.0,Jaipur,6,"{""type"":""MultiPoint"",""coordinates"":[]}",-3.3565406536463493,-10.980077200147278,-13.100536508291396,-19.640232803588333
1_1_1_1_1_1_2_71_0_1_1_1_1_1_1_2_71_0,0.3143,0.2561,0.2256,0.18495,0.0726,0.0475,0.1114,0.06755,0.1666,0.08915,0.2774,0.1919,1,1,-0.47662672,-0.5825738,0.062362682,0.14330357,0.24954955,0.3655933,-0.42695475,-0.4792831,27.032507771602493,76.00748925192946,2571.0,Jaipur,6,"{""type"":""MultiPoint"",""coordinates"":[]}",-10.795050330467845,-15.249782880850233,-9.866656969301662,-15.141046052564832
1_1_1_1_1_1_2_72_0_1_1_1_1_1_1_2_72_0,0.3462,0.3438,0.3089,0.3052,0.0918,0.0812,0.1351,0.123,0.1988,0.1802,0.29725,0.2688,5,5,-0.4386038,-0.4730077,0.07607429,0.12242899,0.1984679,0.19732739,-0.37504336,-0.37212864,26.864073655830083,76.08330706190914,2572.0,Jaipur,6,"{""type"":""MultiPoint"",""coordinates"":[]}",-12.359522023787083,-21.228022160392005,-13.479675654517676,-19.743489603904596
1_1_1_1_1_1_2_73_0_1_1_1_1_1_1_2_73_0,0.3286,0.32685,0.2739,0.27765,0.0808,0.06385,0.111,0.0921,0.1509,0.1278,0.2604,0.2193,5,5,-0.49499545,-0.5603294,0.11578947,0.19692393,0.26622903,0.26361278,-0.4022617,-0.40847784,26.809456086555617,75.91424412543785,2573.0,Jaipur,6,"{""type"":""MultiPoint"",""coordinates"":[]}",-13.538406925272744,-18.86992964616905,-11.632712339064746,-16.19162112502393
1_1_1_1_1_1_2_74_0_1_1_1_1_1_1_2_74_0,0.1901,0.341,0.1157,0.3069,0.0247,0.06165,0.0505,0.09725,0.0311,0.13785,0.3453,0.2465,4,6,-0.5802161,-0.5561894,-0.28987673,0.16085106,0.8347503,0.28268504,-0.7448206,-0.4341818,26.941867759434835,75.67906518405535,2574.0,Jaipur,6,"{""type"":""MultiPoint"",""coordinates"":[]}",-14.017833064247064,-18.82253592625343,-12.457734177764916,-20.143459388664702
1_1_1_1_1_1_2_75_0_1_1_1_1_1_1_2_75_0,0.28925,0.2484,0.21905,0.18,0.0644,0.0435,0.0841,0.0579,0.1234,0.0807,0.2026,0.1704,4,4,-0.5494844,-0.6219393,0.1761716,0.18624642,0.24294479,0.3572282,-0.41332403,-0.49277267,26.97214098450966,76.06704755526657,2575.0,Jaipur,6,"{""type"":""MultiPoint"",""coordinates"":[]}",-3.20933363174961,-9.899922865619887,-9.884289157317797,-15.69137035184462
1_1_1_1_1_1_2_76_0_1_1_1_1_1_1_2_76_0,0.2171,0.27325,0.1589,0.2277,0.065,0.0638,0.0894,0.092,0.1008,0.11475,0.1948,0.1951,6,6,-0.41663948,-0.49623546,0.054139353,0.16686238,0.3179973,0.25931904,-0.37086558,-0.35910833,26.8822196245693,75.81480062348581,2576.0,Jaipur,6,"{""type"":""MultiPoint"",""coordinates"":[]}",-8.65181883897392,-14.782400721460167,-9.174211805760521,-16.122000062805267
1_1_1_1_1_1_2_77_0_1_1_1_1_1_1_2_77_0,0.3942,0.3872,0.3545,0.37505,0.0904,0.1035,0.1402,0.1618,0.2011,0.2317,0.3148,0.3414,6,6,-0.4752994,-0.41056466,0.111988716,0.06286028,0.22039154,0.19141512,-0.38373625,-0.35691574,26.933154101178875,75.67879568947012,2577.0,Jaipur,6,"{""type"":""MultiPoint"",""coordinates"":[]}",-13.730157674999706,-22.305345863833473,-13.04259332882479,-20.64646784266656
1_1_1_1_1_1_2_78_0_1_1_1_1_1_1_2_78_0,0.2489,0.29985,0.2108,0.2586,0.0562,0.07855,0.0772,0.1122,0.0835,0.14675,0.2278,0.268,6,6,-0.5265256,-0.4554059,0.04426264,0.056088757,0.46354,0.29234478,-0.49377048,-0.40978432,26.76220470261093,75.83007198331585,2578.0,Jaipur,6,"{""type"":""MultiPoint"",""coordinates"":[]}",-7.1468997747529315,-14.50635935044139,-8.42359247944175,-15.956167558532407
1_1_1_1_1_1_2_79_0_1_1_1_1_1_1_2_79_0,0.3188,0.257,0.2348,0.1892,0.0654,0.04395,0.0905,0.05535,0.1314,0.08005,0.2366,0.18745,1,1,-0.5577816,-0.6455899,0.14800145,0.15648554,0.28586957,0.40149534,-0.4466524,-0.5440692,27.032597603130903,76.00398582232138,2579.0,Jaipur,6,"{""type"":""MultiPoint"",""coordinates"":[]}",-9.604445010614697,-14.806147317465063,-9.778743136567458,-14.024867835490603
1_1_1_1_1_1_2_80_0_1_1_1_1_1_1_2_80_0,0.2464,0.3901,0.1766,0.3733,0.0374,0.0827,0.076,0.1206,0.0711,0.17595,0.3848,0.26205,4,5,-0.52853596,-0.52770704,-0.2192649,0.19635053,0.6880895,0.19657534,-0.6701389,-0.36965895,26.761486050383635,75.65651747042395,2580.0,Jaipur,6,"{""type"":""MultiPoint"",""coordinates"":[]}",-14.802111885554577,-21.0402065019421,-15.37190238022163,-21.45774805158855
1_1_1_1_1_1_2_81_0_1_1_1_1_1_1_2_81_0,0.4278,0.40335,0.404,0.3859,0.0933,0.0821,0.151,0.13385,0.2398,0.20795,0.3256,0.27615,4,5,-0.47823083,-0.50167537,0.13565171,0.18719646,0.15175097,0.14087999,-0.36634493,-0.34707317,26.95183905908856,75.61806957626364,2581.0,Jaipur,6,"{""type"":""MultiPoint"",""coordinates"":[]}",-16.063825521250692,-24.901239825823183,-15.464557548587143,-24.728548549519218
1_1_1_1_1_1_2_82_0_1_1_1_1_1_1_2_82_0,0.4109,0.3877,0.3576,0.3681,0.1078,0.1029,0.1528,0.1445,0.2228,0.2026,0.3176,0.2672,5,6,-0.45786765,-0.45697105,0.12807138,0.18399756,0.1754256,0.13750532,-0.35034013,-0.29803255,26.829039359749423,75.71032655594271,2582.0,Jaipur,6,"{""type"":""MultiPoint"",""coordinates"":[]}",-14.159111665304337,-21.192694041478127,-14.685175857013705,-22.604253063810607
1_1_1_1_1_1_2_83_0_1_1_1_1_1_1_2_83_0,0.2018,0.23985,0.1347,0.17795,0.0536,0.0481,0.0816,0.0788,0.0813,0.08115,0.2752,0.2734,6,6,-0.4241355,-0.5054135,-0.1538784,-0.06536775,0.543899,0.5422366,-0.54260087,-0.55252695,26.76454032234964,75.99769761533254,2583.0,Jaipur,6,"{""type"":""MultiPoint"",""coordinates"":[]}",-11.940210220568117,-18.49095798855901,-11.429729132766116,-19.47349272515664
1_1_1_1_1_1_2_84_0_1_1_1_1_1_1_2_84_0,0.2227,0.21635,0.1569,0.1752,0.0359,0.02955,0.0486,0.0461,0.0617,0.0505,0.1422,0.13925,1,1,-0.641725,-0.648695,0.22060838,0.21681665,0.39480138,0.4677207,-0.49056605,-0.5025627,27.09592883066133,75.9033745105,2584.0,Jaipur,6,"{""type"":""MultiPoint"",""coordinates"":[]}",-10.315290312486905,-16.603074382872556,-10.087612570087458,-14.424247703651753
1_1_1_1_1_1_2_85_0_1_1_1_1_1_1_2_85_0,0.3494,0.3113,0.2802,0.25735,0.0915,0.06955,0.1308,0.09805,0.1996,0.14025,0.3216,0.2486,6,6,-0.455227,-0.5209479,0.0414307,0.11198428,0.23407522,0.27864215,-0.42175066,-0.43429974,26.788705003492456,75.72505892660227,2585.0,Jaipur,6,"{""type"":""MultiPoint"",""coordinates"":[]}",-10.357114826415824,-17.132276177819612,-9.938785624567899,-16.272096809784273
1_1_1_1_1_1_2_86_0_1_1_1_1_1_1_2_86_0,0.26555,0.274,0.20645,0.2247,0.0551,0.0566,0.09075,0.0869,0.11885,0.1199,0.2566,0.2311,1,1,-0.4905978,-0.5184262,0.017140668,0.084933676,0.36689305,0.31680912,-0.47747228,-0.4534591,26.980046159009916,76.02419791621408,2586.0,Jaipur,6,"{""type"":""MultiPoint"",""coordinates"":[]}",-9.027875728416479,-13.519733294922839,-8.916416261760528,-13.68444752555192
1_1_1_1_1_1_2_87_0_1_1_1_1_1_1_2_87_0,0.2742,0.25055,0.2245,0.22375,0.0924,0.092,0.1268,0.1201,0.1701,0.1546,0.2764,0.22595,6,6,-0.36758104,-0.35194927,-0.003995641,0.051626444,0.23807392,0.18749179,-0.37103173,-0.30588067,26.85733629119919,75.66307517199803,2587.0,Jaipur,6,"{""type"":""MultiPoint"",""coordinates"":[]}",-4.488511322911972,-14.191025364088603,-3.557396115784645,-14.93048852227938
1_1_1_1_1_1_2_88_0_1_1_1_1_1_1_2_88_0,0.3072,0.33805,0.25,0.28165,0.088,0.09415,0.1378,0.1443,0.1649,0.18285,0.3111,0.3505,6,6,-0.38067415,-0.40167928,-0.0063076178,-0.018081475,0.30714285,0.31433392,-0.3860548,-0.41673404,26.85616848132983,75.74302523228467,2588.0,Jaipur,6,"{""type"":""MultiPoint"",""coordinates"":[]}",-11.45303606375739,-20.318814850849378,-11.152405276360417,-19.46089529238617
1_1_1_1_1_1_2_89_0_1_1_1_1_1_1_2_89_0,0.2326,0.24535,0.1921,0.1992,0.0987,0.0825,0.1228,0.10425,0.13365,0.11155,0.229,0.2129,1,1,-0.30894765,-0.40360412,0.00779896,0.07081287,0.26292568,0.3123748,-0.30187607,-0.34258237,27.010409215613155,75.739611634205,2589.0,Jaipur,6,"{""type"":""MultiPoint"",""coordinates"":[]}",-9.18845649457501,-14.638123211058701,-8.060364858818948,-14.23811910917408
1_1_1_1_1_1_2_90_0_1_1_1_1_1_1_2_90_0,0.3371,0.38475,0.2784,0.3255,0.0684,0.0774,0.0958,0.1105,0.1298,0.1454,0.2459,0.26585,6,6,-0.55740356,-0.5537607,0.15643224,0.18275438,0.30902317,0.29288754,-0.43927422,-0.41278064,26.932165954366344,76.00623161053169,2590.0,Jaipur,6,"{""type"":""MultiPoint"",""coordinates"":[]}",-9.728187828729745,-16.6239943455773,-13.694693423820908,-19.606893178086175
1_1_1_1_1_1_2_91_0_1_1_1_1_1_1_2_91_0,0.2142,0.2541,0.16195,0.2048,0.0592,0.0594,0.0848,0.0836,0.0974,0.1124,0.26,0.208,6,6,-0.4327759,-0.504886,-0.09658372,0.099761955,0.45495245,0.29837704,-0.50812066,-0.4266118,26.83155464254496,76.06390345177216,2591.0,Jaipur,6,"{""type"":""MultiPoint"",""coordinates"":[]}",-9.625660317656475,-15.394797043709783,-9.040307694268398,-13.816745529207681
1_1_1_1_1_1_2_92_0_1_1_1_1_1_1_2_92_0,0.2476,0.1853,0.16385,0.1179,0.04705,0.0329,0.074,0.0616,0.0458,0.0412,0.48495,0.4697,6,6,-0.539801,-0.50101256,-0.3240052,-0.43419847,0.82741404,0.838716,-0.7352178,-0.76811594,26.757982620775568,76.06004069605044,2592.0,Jaipur,6,"{""type"":""MultiPoint"",""coordinates"":[]}",-12.010460561139894,-19.340268603776074,-12.596992082667889,-19.686201921597174
1_1_1_1_1_1_2_93_0_1_1_1_1_1_1_2_93_0,0.3159,0.31375,0.2424,0.27355,0.0842,0.06035,0.12,0.0817,0.163,0.1122,0.2567,0.2015,5,5,-0.449415,-0.58679986,0.103388056,0.21785541,0.22325471,0.28466687,-0.36288825,-0.4230226,26.77639808410002,75.6854432225726,2593.0,Jaipur,6,"{""type"":""MultiPoint"",""coordinates"":[]}",-13.273351700997322,-18.357009648330703,-13.505056083231835,-19.12867469162698
1_1_1_1_1_1_2_94_0_1_1_1_1_1_1_2_94_0,0.1983,0.2856,0.1226,0.23,0.0352,0.0849,0.0662,0.1254,0.0579,0.1562,0.402,0.28755,1,4,-0.4994329,-0.38978103,-0.33933035,-0.0034022508,0.74820614,0.296,-0.7172149,-0.39266255,27.042209576670984,75.88980994970979,2594.0,Jaipur,6,"{""type"":""MultiPoint"",""coordinates"":[]}",-11.673027620776203,-16.72920532112156,-11.69870800994855,-16.96465541817159
1_1_1_1_1_1_2_95_0_1_1_1_1_1_1_2_95_0,0.4174,0.41025,0.3618,0.35665,0.1062,0.1053,0.1482,0.1524,0.2036,0.2083,0.3245,0.2926,4,5,-0.47595474,-0.4582778,0.12521903,0.16738991,0.22893392,0.16829707,-0.37296382,-0.31505617,27.05307919160883,75.8890912974825,2595.0,Jaipur,6,"{""type"":""MultiPoint"",""coordinates"":[]}",-13.329979220190472,-18.234724425610914,-14.082353265711,-22.327227184865357
1_1_1_1_1_1_2_96_0_1_1_1_1_1_1_2_96_0,0.2754,0.3337,0.2318,0.28495,0.0805,0.08715,0.1332,0.1437,0.1956,0.21835,0.3585,0.3342,4,4,-0.34801763,-0.3979891,-0.13109323,-0.0007486151,0.29399025,0.20966429,-0.45820624,-0.39861897,27.07320145397311,75.79692414933183,2596.0,Jaipur,6,"{""type"":""MultiPoint"",""coordinates"":[]}",-11.427877169943782,-18.458304055114585,-14.013174437720068,-21.020407783613035
1_1_1_1_1_1_2_97_0_1_1_1_1_1_1_2_97_0,0.18035,0.1968,0.11615,0.1227,0.0373,0.0345,0.0582,0.066,0.0408,0.051,0.34025,0.3139,4,1,-0.512052,-0.4977169,-0.3071456,-0.22929312,0.7858549,0.7204714,-0.707868,-0.65254015,26.75025710933214,76.07854599090331,2597.0,Jaipur,6,"{""type"":""MultiPoint"",""coordinates"":[]}",-12.257274870452123,-19.36219296237748,-12.5245088246248,-19.240881748021003
1_1_1_1_1_1_2_98_0_1_1_1_1_1_1_2_98_0,0.3525,0.2742,0.3304,0.2789,0.1538,0.1184,0.2014,0.1408,0.2481,0.1602,0.324,0.1806,6,6,-0.27279294,-0.3214458,0.042128604,0.20580475,0.13266912,0.059859157,-0.23334602,-0.12383323,26.986154702941928,75.7763527293255,2598.0,Jaipur,6,"{""type"":""MultiPoint"",""coordinates"":[]}",-4.773264261035974,-15.015417387994912,-5.6318547507575,-14.805239062960068
1_1_1_1_1_1_2_99_0_1_1_1_1_1_1_2_99_0,0.4113,0.3292,0.3302,0.2801,0.1182,0.0646,0.1582,0.087,0.2277,0.1228,0.3198,0.2018,4,5,-0.44442493,-0.58193177,0.12515388,0.23992467,0.16821918,0.24337646,-0.3380753,-0.39750692,26.901263908592632,76.02581488372549,2599.0,Jaipur,6,"{""type"":""MultiPoint"",""coordinates"":[]}",-18.418119979794042,-27.11317579976901,-15.643330099726658,-23.535773089502698
1_1_1_1_1_1_2_100_0_1_1_1_1_1_1_2_100_0,0.3485,0.36245,0.2964,0.3307,0.063,0.0764,0.105,0.1131,0.1278,0.1683,0.3717,0.2357,4,4,-0.536935,-0.5243402,-0.032213274,0.21190336,0.48828828,0.16683169,-0.55947137,-0.35149083,27.05119272951218,75.80078690505354,2600.0,Jaipur,6,"{""type"":""MultiPoint"",""coordinates"":[]}",-15.719684432054951,-21.701621243064952,-15.023406202816696,-22.09196092773515
1_1_1_1_1_1_2_101_0_1_1_1_1_1_1_2_101_0,0.1904,0.2225,0.1736,0.20855,0.0883,0.1104,0.105,0.1313,0.1306,0.14585,0.1603,0.18125,6,6,-0.2890995,-0.25777274,0.08582834,0.10216718,0.10209694,0.10822379,-0.20844327,-0.15981443,26.89380789173444,75.86438762716921,2601.0,Jaipur,6,"{""type"":""MultiPoint"",""coordinates"":[]}",-5.880318489930529,-15.800687043992765,-4.789345287644895,-11.08872334163976
1_1_1_1_1_1_2_102_0_1_1_1_1_1_1_2_102_0,0.1798,0.3509,0.1142,0.2971,0.0341,0.0642,0.0642,0.0928,0.0539,0.1338,0.3716,0.2106,4,4,-0.4737705,-0.5816994,-0.34784186,0.24986643,0.746651,0.22299652,-0.7053694,-0.38826632,27.098803439570517,76.08869695361385,2602.0,Jaipur,6,"{""type"":""MultiPoint"",""coordinates"":[]}",-12.435664575208252,-18.763443197280914,-15.214379883512624,-22.779374803964302
1_1_1_1_1_1_2_103_0_1_1_1_1_1_1_2_103_0,0.2338,0.1972,0.1574,0.1552,0.0614,0.04295,0.0878,0.0535,0.117,0.07255,0.2361,0.1438,1,1,-0.4539801,-0.57319504,-0.0048946585,0.15659824,0.3372982,0.32932746,-0.45785737,-0.45767868,26.867217759324504,75.84785862594141,2603.0,Jaipur,6,"{""type"":""MultiPoint"",""coordinates"":[]}",-8.647341907573653,-12.555534133874463,-8.639673901045645,-12.884664814278842
1_1_1_1_1_1_2_104_0_1_1_1_1_1_1_2_104_0,0.4281,0.20785,0.3892,0.15975,0.0991,0.0523,0.1532,0.0817,0.2385,0.0792,0.3344,0.1739,4,4,-0.47290555,-0.43567604,0.12288525,0.088932544,0.16739397,0.3741604,-0.37161607,-0.3607199,27.03969429387545,75.61357799984305,2604.0,Jaipur,6,"{""type"":""MultiPoint"",""coordinates"":[]}",-14.569466375152366,-22.97675900306215,-11.80514216080265,-19.655846586988194
1_1_1_1_1_1_2_105_0_1_1_1_1_1_1_2_105_0,0.3533,0.38425,0.2865,0.3689,0.0958,0.0996,0.1328,0.151,0.1824,0.2024,0.2853,0.2865,5,4,-0.45361036,-0.43577766,0.10648293,0.14573239,0.22001283,0.17201881,-0.3647453,-0.3097143,26.825086772499297,75.72200465463627,2605.0,Jaipur,6,"{""type"":""MultiPoint"",""coordinates"":[]}",-14.897465431854425,-19.842009120441734,-13.165209488092708,-21.446878594533906
1_1_1_1_1_1_2_106_0_1_1_1_1_1_1_2_106_0,0.2682,0.1446,0.2219,0.0832,0.052,0.0346,0.0955,0.0527,0.0935,0.0387,0.3914,0.3668,4,4,-0.4748419,-0.46578813,-0.18677987,-0.43449354,0.6143535,0.8091245,-0.60772234,-0.7487485,26.81879856551046,76.01476560573082,2606.0,Jaipur,6,"{""type"":""MultiPoint"",""coordinates"":[]}",-11.031346529929966,-19.416818754277386,-14.005009623870261,-21.116881348243727
1_1_1_1_1_1_2_107_0_1_1_1_1_1_1_2_107_0,0.2969,0.3184,0.2614,0.28115,0.1316,0.1577,0.1572,0.1844,0.1896,0.2083,0.2513,0.23795,6,6,-0.30764148,-0.26650757,0.08318132,0.14460322,0.13994104,0.06644258,-0.23035495,-0.12679058,26.881500972342003,75.92313744675063,2607.0,Jaipur,6,"{""type"":""MultiPoint"",""coordinates"":[]}",-2.874943734679701,-15.273888318250872,-13.36957726018146,-18.97601358973466
1_1_1_1_1_1_2_108_0_1_1_1_1_1_1_2_108_0,0.4099,0.35725,0.32915,0.3007,0.0978,0.0669,0.1412,0.09865,0.21305,0.1435,0.3331,0.22715,4,4,-0.48757032,-0.5672296,0.103364736,0.22262149,0.21981141,0.22568461,-0.40459624,-0.39441374,27.02648905919889,75.97982114117858,2608.0,Jaipur,6,"{""type"":""MultiPoint"",""coordinates"":[]}",-16.266673181064874,-22.28319726975228,-15.397822901595998,-21.22189639288562
1_1_1_1_1_1_2_109_0_1_1_1_1_1_1_2_109_0,0.2548,0.21595,0.1817,0.15605,0.0677,0.04855,0.1011,0.0745,0.1076,0.0751,0.3364,0.2922,6,6,-0.4318629,-0.48700294,-0.13802436,-0.15005411,0.5153153,0.59107,-0.53782856,-0.5936733,26.805054341663432,75.73260477498887,2609.0,Jaipur,6,"{""type"":""MultiPoint"",""coordinates"":[]}",-12.619020229775984,-19.725957611377947,-10.452116943834866,-17.956304609586915
1_1_1_1_1_1_2_110_0_1_1_1_1_1_1_2_110_0,0.3591,0.33815,0.2642,0.24185,0.10355,0.0785,0.136,0.1026,0.19475,0.15345,0.33915,0.3181,1,1,-0.45061603,-0.53442997,0.028571429,0.030552382,0.27046263,0.34916764,-0.42754918,-0.5122415,27.02945349963649,75.99015176694594,2610.0,Jaipur,6,"{""type"":""MultiPoint"",""coordinates"":[]}",-8.098800574021318,-14.48983216841976,-0.2229863541467464,-6.788067986591368
1_1_1_1_1_1_2_111_0_1_1_1_1_1_1_2_111_0,0.228,0.22865,0.1909,0.1936,0.0838,0.0756,0.103,0.0867,0.1096,0.0956,0.2383,0.19785,6,6,-0.3776435,-0.45013478,-0.022088785,0.072215706,0.3699339,0.34844097,-0.39642543,-0.39061677,26.838920827874738,75.85441632751548,2611.0,Jaipur,6,"{""type"":""MultiPoint"",""coordinates"":[]}",-7.822346394303649,-14.179673616345582,-8.076692489153745,-13.882592932995927
1_1_1_1_1_1_2_112_0_1_1_1_1_1_1_2_112_0,0.1836,0.20665,0.1549,0.16765,0.0478,0.03795,0.0651,0.05515,0.07,0.05955,0.1519,0.1904,6,6,-0.47647768,-0.578686,0.09448584,0.040926836,0.36908516,0.5235047,-0.4,-0.5508043,26.845658192505635,75.79449869806471,2612.0,Jaipur,6,"{""type"":""MultiPoint"",""coordinates"":[]}",-8.06257266008388,-15.579160969690067,-7.220132717683184,-13.224517741129135
1_1_1_1_1_1_2_113_0_1_1_1_1_1_1_2_113_0,0.1667,0.207,0.1026,0.1501,0.0241,0.02805,0.0393,0.0524,0.0261,0.0492,0.3091,0.3192,4,4,-0.6184466,-0.5959908,-0.2992854,-0.21322691,0.8442721,0.732899,-0.77439725,-0.71797633,26.91357082798507,75.70682312633464,2613.0,Jaipur,6,"{""type"":""MultiPoint"",""coordinates"":[]}",-11.212965629164858,-17.37455547354695,-12.229050578765765,-18.64981382085777
1_1_1_1_1_1_2_114_0_1_1_1_1_1_1_2_114_0,0.1613,0.1931,0.0926,0.1277,0.0295,0.0379,0.0511,0.07265,0.0325,0.06255,0.4183,0.4287,4,4,-0.5188324,-0.45324552,-0.44340923,-0.37889996,0.8558119,0.7453435,-0.78227526,-0.7101825,26.86254651984708,75.7094282406586,2614.0,Jaipur,6,"{""type"":""MultiPoint"",""coordinates"":[]}",-12.508721839866864,-18.910316410159663,-10.825092063219934,-17.317297651598153
1_1_1_1_1_1_2_115_0_1_1_1_1_1_1_2_115_0,0.3757,0.21485,0.3344,0.14575,0.0933,0.0572,0.145,0.0976,0.2167,0.1071,0.3005,0.3031,4,4,-0.44305742,-0.37526006,0.1112097,-0.17038324,0.1620263,0.4778157,-0.34904602,-0.5128525,26.9310879760254,75.92924599068265,2615.0,Jaipur,6,"{""type"":""MultiPoint"",""coordinates"":[]}",-14.194252086282994,-22.306731425019954,-12.451089024392402,-18.83756400930151
1_1_1_1_1_1_2_116_0_1_1_1_1_1_1_2_116_0,0.1698,0.16525,0.0965,0.1052,0.0426,0.02945,0.063,0.05405,0.0514,0.0404,0.2973,0.2796,4,4,-0.45876288,-0.5070679,-0.2729608,-0.25705293,0.7051907,0.7475,-0.65029144,-0.6760078,26.76445049082123,75.80455982924686,2616.0,Jaipur,6,"{""type"":""MultiPoint"",""coordinates"":[]}",-11.781169029957306,-17.34339800417338,-12.056115277985917,-17.97185406110765
1_1_1_1_1_1_2_117_0_1_1_1_1_1_1_2_117_0,0.33895,0.4228,0.2905,0.3758,0.07835,0.0869,0.112,0.132,0.1564,0.1984,0.3004,0.2842,6,6,-0.50327086,-0.5241529,0.06029561,0.1960396,0.31523642,0.17778699,-0.456838,-0.36568958,26.89668250064362,76.03767264547587,2617.0,Jaipur,6,"{""type"":""MultiPoint"",""coordinates"":[]}",-11.10243635518124,-16.75588382919547,-14.286759633616084,-22.681065970918013
1_1_1_1_1_1_2_118_0_1_1_1_1_1_1_2_118_0,0.3548,0.29815,0.3359,0.25775,0.0952,0.07,0.1462,0.09735,0.2056,0.13255,0.3208,0.22345,4,4,-0.41636726,-0.50771177,0.050325636,0.1432132,0.21884498,0.2553371,-0.3738758,-0.3930798,26.78942365571975,76.0025485178668,2618.0,Jaipur,6,"{""type"":""MultiPoint"",""coordinates"":[]}",-13.111072823836192,-19.032936213944545,-12.014939887666793,-19.123094293718303
1_1_1_1_1_1_2_119_0_1_1_1_1_1_1_2_119_0,0.1721,0.2008,0.1474,0.17575,0.0784,0.1111,0.1011,0.1273,0.101,0.14905,0.1676,0.2015,6,6,-0.25988287,-0.22401707,0.013246982,-0.001739995,0.24795234,0.14962202,-0.2474879,-0.2256691,26.88787901085925,75.79575633946249,2619.0,Jaipur,6,"{""type"":""MultiPoint"",""coordinates"":[]}",-3.08064823495347,-11.66400132875994,-4.951177910096987,-14.940487811883752
1_1_1_1_1_1_2_120_0_1_1_1_1_1_1_2_120_0,0.4074,0.36165,0.3436,0.32705,0.0966,0.0794,0.1434,0.1126,0.2046,0.15655,0.3296,0.2341,5,6,-0.47930282,-0.525145,0.1055631,0.21409987,0.23399475,0.1985153,-0.3936575,-0.35044706,26.926237073491155,75.64654617077022,2620.0,Jaipur,6,"{""type"":""MultiPoint"",""coordinates"":[]}",-14.219151270005458,-19.500345887498785,-13.354239023377728,-19.484294234183643
1_1_1_1_1_1_2_121_0_1_1_1_1_1_1_2_121_0,0.1225,0.15215,0.0697,0.08245,0.0362,0.03065,0.0538,0.05565,0.0385,0.03415,0.3392,0.4072,4,4,-0.3896767,-0.46438885,-0.4693524,-0.45597568,0.7961345,0.8452475,-0.7262086,-0.75953335,26.835327566738258,75.98745682109359,2621.0,Jaipur,6,"{""type"":""MultiPoint"",""coordinates"":[]}",-12.805927010765767,-20.936108201031686,-12.037044528560365,-20.158046284053338
1_1_1_1_1_1_2_122_0_1_1_1_1_1_1_2_122_0,0.3795,0.35985,0.3256,0.3166,0.1064,0.08045,0.1558,0.1177,0.2232,0.16855,0.3144,0.24415,4,4,-0.4178965,-0.5070673,0.093817554,0.19155629,0.16964285,0.18318391,-0.33730328,-0.3494542,27.05083340339853,75.79988858976942,2622.0,Jaipur,6,"{""type"":""MultiPoint"",""coordinates"":[]}",-14.633156952387553,-20.248593777950447,-15.020635087023877,-21.91883073190815
1_1_1_1_1_1_2_123_0_1_1_1_1_1_1_2_123_0,0.3307,0.29725,0.279,0.2699,0.103,0.1244,0.1356,0.1555,0.1947,0.18885,0.2788,0.23765,6,6,-0.41840017,-0.3130867,0.08515176,0.111422695,0.17761351,0.1144197,-0.34555984,-0.20895332,26.868116074608626,75.93409689321689,2623.0,Jaipur,6,"{""type"":""MultiPoint"",""coordinates"":[]}",-8.798634602293488,-16.553277691611406,-8.25859160768263,-15.367313007521359
1_1_1_1_1_1_2_124_0_1_1_1_1_1_1_2_124_0,0.34635,0.3485,0.2933,0.2897,0.1017,0.0958,0.1345,0.1276,0.1936,0.1768,0.265,0.2412,4,4,-0.440574,-0.46397814,0.13306616,0.18195693,0.15569124,0.15406698,-0.3266583,-0.30802602,27.00744477517556,76.03479803656668,2624.0,Jaipur,6,"{""type"":""MultiPoint"",""coordinates"":[]}",-12.009127329231973,-18.224072838449032,-6.4065059957429735,-13.622074085308851
1_1_1_1_1_1_2_125_0_1_1_1_1_1_1_2_125_0,0.1823,0.212,0.1593,0.1853,0.0781,0.08765,0.0866,0.1128,0.1058,0.12975,0.1322,0.15605,6,6,-0.3558944,-0.30541873,0.15930048,0.15201738,0.11092437,0.0920224,-0.2084095,-0.16087037,26.964954462236705,75.78847998566111,2625.0,Jaipur,6,"{""type"":""MultiPoint"",""coordinates"":[]}",-7.261261632827314,-12.708294107585155,-6.283181118152853,-12.000538056889134
1_1_1_1_1_1_2_126_0_1_1_1_1_1_1_2_126_0,0.334,0.32745,0.3031,0.2949,0.0874,0.0768,0.118,0.1085,0.1595,0.1442,0.2808,0.23795,5,6,-0.4778761,-0.5022365,0.086532205,0.158295,0.27549398,0.24532251,-0.40822467,-0.373647,26.82571559319818,75.6486122959237,2626.0,Jaipur,6,"{""type"":""MultiPoint"",""coordinates"":[]}",-11.146361471577737,-16.232634502534058,-11.718803320604517,-18.746850480512038
1_1_1_1_1_1_2_127_0_1_1_1_1_1_1_2_127_0,0.24255,0.2373,0.1835,0.1726,0.0451,0.02025,0.08765,0.0444,0.09995,0.0325,0.3307,0.37055,6,6,-0.46910962,-0.68477106,-0.15377235,-0.21921527,0.5358179,0.8387297,-0.58097285,-0.7859983,27.01085837325521,75.80087673658196,2627.0,Jaipur,6,"{""type"":""MultiPoint"",""coordinates"":[]}",-9.131444756233947,-15.90644197355903,-10.620589114460824,-17.944702381252437
1_1_1_1_1_1_2_128_0_1_1_1_1_1_1_2_128_0,0.3688,0.3279,0.3082,0.29325,0.0958,0.0711,0.14,0.1139,0.205,0.15935,0.295,0.26345,5,4,-0.44968554,-0.48438206,0.11117806,0.10898791,0.18,0.2462157,-0.35632184,-0.3963164,26.91698442606472,75.92457475120521,2628.0,Jaipur,6,"{""type"":""MultiPoint"",""coordinates"":[]}",-14.589687998834158,-21.59901245887142,-12.788071493794222,-21.198233192841933
1_1_1_1_1_1_2_129_0_1_1_1_1_1_1_2_129_0,0.3453,0.38725,0.2992,0.36885,0.0658,0.0847,0.093,0.1344,0.1332,0.1875,0.2318,0.27215,5,5,-0.5756331,-0.48471197,0.19667302,0.17455262,0.27013698,0.18416186,-0.4273399,-0.33882672,26.79337624296988,75.60773895049627,2629.0,Jaipur,6,"{""type"":""MultiPoint"",""coordinates"":[]}",-12.11624964415898,-19.123996037846744,-11.980302338946547,-19.609557101448132
1_1_1_1_1_1_2_130_0_1_1_1_1_1_1_2_130_0,0.1182,0.1678,0.095,0.1546,0.05,0.0678,0.0665,0.09035,0.0682,0.10045,0.0822,0.11175,7,7,-0.27991337,-0.30001938,0.17964073,0.2005008,0.0930851,0.05325165,-0.10558171,-0.10588817,27.03367558147185,75.77895784364945,2630.0,Jaipur,6,"{""type"":""MultiPoint"",""coordinates"":[]}",-10.071327389863232,-16.294753379331176,-8.393915793107304,-16.94579613025451
1_1_1_1_1_1_2_131_0_1_1_1_1_1_1_2_131_0,0.3119,0.30915,0.2435,0.27255,0.0813,0.07035,0.1164,0.10005,0.1631,0.1364,0.277,0.2268,6,4,-0.45645577,-0.51099706,0.059263032,0.1536524,0.25880483,0.24889868,-0.40823588,-0.38779256,27.049485930472358,75.90777625539218,2631.0,Jaipur,6,"{""type"":""MultiPoint"",""coordinates"":[]}",-13.059509371265634,-18.36243280380353,-13.112705470341366,-19.695925569099852
1_1_1_1_1_1_2_132_0_1_1_1_1_1_1_2_132_0,0.3158,0.2547,0.2307,0.1804,0.06785,0.0568,0.0907,0.0732,0.1392,0.0988,0.2643,0.1922,1,5,-0.5537515,-0.5535224,0.088777795,0.13985232,0.31003717,0.3209622,-0.4890141,-0.4483798,26.94851529253732,76.05806440242537,2632.0,Jaipur,6,"{""type"":""MultiPoint"",""coordinates"":[]}",-5.43570336580307,-10.735875810337133,-8.383883488396895,-15.008676187505348
1_1_1_1_1_1_2_133_0_1_1_1_1_1_1_2_133_0,0.3211,0.3176,0.2871,0.28635,0.1158,0.1153,0.1526,0.1651,0.2043,0.2047,0.3002,0.293,6,6,-0.35571036,-0.31593123,0.033639144,0.04028824,0.1900892,0.17741612,-0.32597172,-0.27919668,26.8942570493765,75.91900519644368,2633.0,Jaipur,6,"{""type"":""MultiPoint"",""coordinates"":[]}",-10.46609741618483,-18.568430001643396,-10.204900303203319,-16.652399609114934
1_1_1_1_1_1_2_134_0_1_1_1_1_1_1_2_134_0,0.3178,0.3778,0.2081,0.32475,0.0687,0.08325,0.1114,0.1139,0.1297,0.15005,0.3286,0.23255,4,4,-0.48089468,-0.53670937,-0.016707921,0.2379782,0.4339952,0.2156299,-0.49363637,-0.34247366,26.80954591808403,75.61016440176338,2634.0,Jaipur,6,"{""type"":""MultiPoint"",""coordinates"":[]}",-11.388266038614681,-22.557447049843375,-14.229059697150245,-24.76171429311712
1_1_1_1_1_1_2_135_0_1_1_1_1_1_1_2_135_0,0.2475,0.2743,0.2176,0.24935,0.0831,0.1093,0.11,0.13005,0.1315,0.15525,0.1956,0.2246,6,6,-0.3846154,-0.3567454,0.11712932,0.099619165,0.19596453,0.18257207,-0.28010473,-0.26660088,26.900635087893747,75.68113130920882,2635.0,Jaipur,6,"{""type"":""MultiPoint"",""coordinates"":[]}",-4.5867845554436615,-17.183571659543304,-6.810089263596627,-14.52670717461951
1_1_1_1_1_1_2_136_0_1_1_1_1_1_1_2_136_0,0.29455,0.3222,0.22545,0.2703,0.05435,0.0567,0.0879,0.0834,0.1063,0.1146,0.2615,0.2496,1,1,-0.5403321,-0.5887574,0.0594371,0.12696747,0.42196846,0.37067544,-0.49685174,-0.4990991,26.77540993728749,76.08438504025008,2636.0,Jaipur,6,"{""type"":""MultiPoint"",""coordinates"":[]}",-10.110402383721002,-14.67087707813021,-10.584092517088632,-15.730080465678753
1_1_1_1_1_1_2_137_0_1_1_1_1_1_1_2_137_0,0.2015,0.23305,0.1347,0.17895,0.0388,0.04635,0.0626,0.08585,0.0598,0.09205,0.269,0.36595,4,6,-0.52593714,-0.4615867,-0.1434644,-0.22186978,0.63625306,0.5980349,-0.62243664,-0.6199646,27.09440169467833,75.72766404092621,2637.0,Jaipur,6,"{""type"":""MultiPoint"",""coordinates"":[]}",-12.174457676342794,-18.275657709171867,-12.887835543887698,-19.430281963614764
1_1_1_1_1_1_2_138_0_1_1_1_1_1_1_2_138_0,0.3186,0.32635,0.2661,0.2692,0.1021,0.0777,0.1424,0.1048,0.1939,0.13785,0.3204,0.2475,6,6,-0.38221258,-0.51385826,-0.0028169013,0.13740525,0.24596539,0.28454652,-0.3846154,-0.4050525,26.99468869814106,75.73224544887523,2638.0,Jaipur,6,"{""type"":""MultiPoint"",""coordinates"":[]}",-10.215552949901872,-18.988118003726875,-11.178905247970853,-18.667363602052596
1_1_1_1_1_1_2_139_0_1_1_1_1_1_1_2_139_0,0.3541,0.38115,0.3321,0.3527,0.0814,0.0757,0.1266,0.12005,0.2006,0.1903,0.2808,0.28145,5,5,-0.47326815,-0.5209497,0.115451254,0.15046786,0.16659743,0.19321674,-0.37849778,-0.40199253,26.86757708543815,75.64986993732147,2639.0,Jaipur,6,"{""type"":""MultiPoint"",""coordinates"":[]}",-12.17641246134213,-19.88362788138246,-12.61983465480543,-20.143616997155664
1_1_1_1_1_1_2_140_0_1_1_1_1_1_1_2_140_0,0.3842,0.37505,0.3214,0.33575,0.0916,0.0739,0.1388,0.1079,0.2024,0.1578,0.3176,0.24535,5,6,-0.46921605,-0.5531629,0.094898835,0.20905867,0.22153845,0.21716483,-0.3917616,-0.3891012,26.94429321070196,75.65831410099219,2640.0,Jaipur,6,"{""type"":""MultiPoint"",""coordinates"":[]}",-13.593610048441468,-19.34093627468615,-15.5211005144936,-22.181853320225976
1_1_1_1_1_1_2_141_0_1_1_1_1_1_1_2_141_0,0.1759,0.16115,0.0945,0.0976,0.034,0.0246,0.0624,0.0567,0.0342,0.0401,0.3984,0.3246,4,4,-0.4762904,-0.47945833,-0.38742816,-0.33648998,0.8418863,0.78009325,-0.7291667,-0.70259637,27.09170674882597,75.69415688082856,2641.0,Jaipur,6,"{""type"":""MultiPoint"",""coordinates"":[]}",-13.463311800002458,-21.82330920994045,-14.45594070167726,-22.129114181174575
1_1_1_1_1_1_2_142_0_1_1_1_1_1_1_2_142_0,0.1948,0.2453,0.1829,0.2321,0.0916,0.1125,0.107,0.1317,0.1258,0.1578,0.1628,0.18675,6,6,-0.29092115,-0.30132625,0.08948546,0.13551672,0.12820514,0.08402264,-0.20681986,-0.17286858,26.956600130094397,75.68032282545312,2642.0,Jaipur,6,"{""type"":""MultiPoint"",""coordinates"":[]}",1.5479028649728437,-18.131678870858934,-7.861268428666523,-18.294472741673676
1_1_1_1_1_1_2_143_0_1_1_1_1_1_1_2_143_0,0.3842,0.3881,0.31335,0.3463,0.0709,0.0736,0.09905,0.1084,0.1469,0.151,0.2714,0.2462,4,4,-0.59006727,-0.5633434,0.17205614,0.22371118,0.2976333,0.23967774,-0.46524498,-0.38860688,26.829668180448305,76.07764767561919,2643.0,Jaipur,6,"{""type"":""MultiPoint"",""coordinates"":[]}",-13.709326978824787,-21.578101101589596,-16.432611787250437,-24.397260348640533
1_1_1_1_1_1_2_144_0_1_1_1_1_1_1_2_144_0,0.4299,0.39835,0.4157,0.3759,0.1032,0.0838,0.1522,0.1434,0.2352,0.2091,0.32,0.3137,5,5,-0.4770658,-0.4706045,0.14655288,0.1188821,0.15273775,0.2000765,-0.3553579,-0.37256616,26.755377506451623,75.66460230798103,2644.0,Jaipur,6,"{""type"":""MultiPoint"",""coordinates"":[]}",-14.16720127255408,-19.25877356478015,-12.466661237987914,-19.630857674181218
1_1_1_1_1_1_2_145_0_1_1_1_1_1_1_2_145_0,0.2468,0.231,0.1839,0.1555,0.0487,0.04605,0.0852,0.0885,0.0757,0.07115,0.3608,0.39485,6,6,-0.486747,-0.4460094,-0.18762344,-0.26180395,0.6531501,0.6946352,-0.6179372,-0.63380575,26.833710599226844,75.75676945613169,2645.0,Jaipur,6,"{""type"":""MultiPoint"",""coordinates"":[]}",-11.824589967149821,-17.1475772889004,-10.591075921564801,-18.007971425491263
1_1_1_1_1_1_2_146_0_1_1_1_1_1_1_2_146_0,0.3678,0.34765,0.3315,0.30385,0.1082,0.08465,0.1606,0.1282,0.228,0.1798,0.3177,0.2599,5,5,-0.3921272,-0.46117473,0.07308534,0.14443256,0.16437604,0.18216966,-0.32845494,-0.3393455,27.03592136968215,75.78353925159846,2646.0,Jaipur,6,"{""type"":""MultiPoint"",""coordinates"":[]}",-12.362835990715219,-21.12540823212461,-13.097263794007048,-19.726347996120964
1_1_1_1_1_1_2_147_0_1_1_1_1_1_1_2_147_0,0.3707,0.35375,0.3494,0.2987,0.1964,0.1628,0.207,0.1714,0.2276,0.1835,0.2258,0.1932,6,6,-0.28336507,-0.34723413,0.24291702,0.29353687,-0.0039700046,0.025749933,-0.043438077,-0.059791554,26.97501559341885,75.7794070012915,2647.0,Jaipur,6,"{""type"":""MultiPoint"",""coordinates"":[]}",-1.7720699594508238,-11.353853445521292,10.182648230775293,-4.425939140034345
1_1_1_1_1_1_2_148_0_1_1_1_1_1_1_2_148_0,0.3881,0.3116,0.3515,0.2693,0.0946,0.072,0.1488,0.1144,0.2291,0.1616,0.3188,0.2692,4,4,-0.44570684,-0.4629108,0.09803367,0.073002756,0.163716,0.24976787,-0.3635586,-0.40354535,27.096916977473864,76.03587601490763,2648.0,Jaipur,6,"{""type"":""MultiPoint"",""coordinates"":[]}",-12.834436487264837,-20.481957545857593,-11.83764538420133,-18.973073486500997
1_1_1_1_1_1_2_149_0_1_1_1_1_1_1_2_149_0,0.2314,0.1745,0.1483,0.0941,0.0385,0.02585,0.08,0.04845,0.0437,0.0305,0.452,0.40635,4,4,-0.4861914,-0.5653734,-0.32279778,-0.39915642,0.8236837,0.86036396,-0.69924814,-0.7869393,26.81430698908986,75.70592481105052,2649.0,Jaipur,6,"{""type"":""MultiPoint"",""coordinates"":[]}",-12.814530362119198,-17.46516471112755,-11.834090435151039,-18.224047674895985
1_1_1_1_1_1_2_150_0_1_1_1_1_1_1_2_150_0,0.21335,0.3012,0.14035,0.2402,0.05245,0.0857,0.0846,0.1226,0.0566,0.1438,0.3636,0.2868,6,4,-0.4321195,-0.4214252,-0.2604212,0.024489796,0.73060447,0.33209476,-0.62249,-0.40107474,26.847993812244344,76.00964520861133,2650.0,Jaipur,6,"{""type"":""MultiPoint"",""coordinates"":[]}",-10.593107369129397,-16.97174937259759,-10.99672368614997,-18.70547296199519
1_1_1_1_1_1_2_151_0_1_1_1_1_1_1_2_151_0,0.179,0.1837,0.1057,0.1167,0.0364,0.0337,0.063,0.06485,0.0593,0.06,0.3428,0.32965,4,4,-0.47933885,-0.4781734,-0.31391338,-0.28430894,0.7050485,0.6920313,-0.68950224,-0.6712294,27.082274438342715,75.98871446249136,2651.0,Jaipur,6,"{""type"":""MultiPoint"",""coordinates"":[]}",-9.706179167076215,-16.867508028388826,-10.189952454384825,-16.321098239233788
1_1_1_1_1_1_2_152_0_1_1_1_1_1_1_2_152_0,0.2138,0.23505,0.1639,0.1762,0.0479,0.0364,0.0706,0.06175,0.0625,0.0407,0.3173,0.432,6,6,-0.5035162,-0.5838949,-0.19487855,-0.2952552,0.6708794,0.8277978,-0.63598865,-0.7498734,26.782147301918386,75.7192198772555,2652.0,Jaipur,6,"{""type"":""MultiPoint"",""coordinates"":[]}",-11.929834107609494,-16.885012733681144,-12.07808719139711,-17.822664381528504
1_1_1_1_1_1_2_153_0_1_1_1_1_1_1_2_153_0,0.2442,0.2506,0.2349,0.2162,0.095,0.1306,0.1216,0.168,0.15,0.1727,0.1918,0.23015,6,6,-0.3351558,-0.19732441,0.12018348,0.0425377,0.12229374,0.14260891,-0.2239949,-0.15609695,26.88284844526818,75.74715748259162,2653.0,Jaipur,6,"{""type"":""MultiPoint"",""coordinates"":[]}",-10.710174674614041,-18.604035228313293,-5.163415774451235,-13.495206212121563
1_1_1_1_1_1_2_154_0_1_1_1_1_1_1_2_154_0,0.2357,0.2856,0.17735,0.2312,0.0456,0.0583,0.06925,0.0886,0.06455,0.096,0.32985,0.2918,4,4,-0.5458272,-0.5264564,-0.16647512,-0.01073779,0.6726673,0.50489944,-0.6529692,-0.53417456,26.817630755641105,76.04647613526024,2654.0,Jaipur,6,"{""type"":""MultiPoint"",""coordinates"":[]}",-10.783790305666086,-17.560770430205885,-12.271015711004228,-20.37450721006529
1_1_1_1_1_1_2_155_0_1_1_1_1_1_1_2_155_0,0.2174,0.172,0.15435,0.1118,0.05955,0.0368,0.0875,0.0593,0.1099,0.0556,0.2836,0.2842,4,4,-0.42604133,-0.487246,-0.13213573,-0.24594477,0.44142312,0.6727487,-0.528429,-0.65473074,26.77873370383873,76.04917108111259,2655.0,Jaipur,6,"{""type"":""MultiPoint"",""coordinates"":[]}",-10.307980832218126,-18.40563520620244,-13.20063542862796,-18.911130022092966
1_1_1_1_1_1_2_156_0_1_1_1_1_1_1_2_156_0,0.2991,0.2759,0.2722,0.24965,0.1026,0.0978,0.1348,0.1264,0.18,0.1591,0.2776,0.2493,6,6,-0.37865868,-0.37161323,0.03728108,0.050647374,0.21328671,0.2208619,-0.34626576,-0.32712272,26.96881721795842,75.7673695764843,2656.0,Jaipur,6,"{""type"":""MultiPoint"",""coordinates"":[]}",-6.937196142019918,-13.835549344825555,-9.081776079003145,-15.785588431716523
1_1_1_1_1_1_2_157_0_1_1_1_1_1_1_2_157_0,0.3352,0.29655,0.292,0.26325,0.08575,0.1599,0.1226,0.1855,0.1602,0.21685,0.27025,0.26175,6,6,-0.46439493,-0.2303703,0.10727558,0.06233208,0.25566268,0.0938153,-0.3758432,-0.1704863,27.01220584618139,75.70215188685722,2657.0,Jaipur,6,"{""type"":""MultiPoint"",""coordinates"":[]}",-7.670496847270748,-15.166272632554946,-6.974701368403711,-14.593899975362177
1_1_1_1_1_1_2_158_0_1_1_1_1_1_1_2_158_0,0.2252,0.1563,0.1514,0.09035,0.0538,0.03555,0.0911,0.06735,0.0884,0.0481,0.3776,0.3702,4,4,-0.4239646,-0.39771965,-0.25282016,-0.4062678,0.6206009,0.7700215,-0.6112652,-0.69214946,27.064128469603503,75.67053118885622,2658.0,Jaipur,6,"{""type"":""MultiPoint"",""coordinates"":[]}",-11.78473421973877,-19.091755696223487,-13.611396215960436,-20.43119327304894
1_1_1_1_1_1_2_159_0_1_1_1_1_1_1_2_159_0,0.1608,0.17245,0.1152,0.13435,0.0385,0.03625,0.0672,0.06475,0.0674,0.06555,0.3062,0.3034,4,4,-0.4105263,-0.4540472,-0.31134903,-0.27519175,0.6391863,0.6446673,-0.6400643,-0.6482412,26.78466258471392,75.72964033455128,2659.0,Jaipur,6,"{""type"":""MultiPoint"",""coordinates"":[]}",-13.993085876023885,-18.56955996187655,-13.106697285206604,-20.12056044448007
1_1_1_1_1_1_2_160_0_1_1_1_1_1_1_2_160_0,0.2767,0.2511,0.2235,0.2116,0.1152,0.143,0.1504,0.1592,0.1682,0.1749,0.277,0.2601,6,6,-0.2957153,-0.22398245,-0.00054180966,-0.017605634,0.24438454,0.19586207,-0.29620963,-0.24063917,26.914738637854423,75.70448750659594,2660.0,Jaipur,6,"{""type"":""MultiPoint"",""coordinates"":[]}",-8.426480166068693,-15.125546841879448,-8.750738603337233,-15.440426461044128
1_1_1_1_1_1_2_161_0_1_1_1_1_1_1_2_161_0,0.2666,0.2356,0.2105,0.1731,0.045,0.03725,0.0813,0.0718,0.0985,0.07845,0.3272,0.33985,4,4,-0.5326243,-0.5328562,-0.102054566,-0.18116257,0.5372328,0.62491035,-0.6019584,-0.65115994,26.88868749461496,75.65409201915683,2661.0,Jaipur,6,"{""type"":""MultiPoint"",""coordinates"":[]}",-12.40799725178099,-20.920989950658857,-14.355455996086492,-21.539188156207896
1_1_1_1_1_1_2_162_0_1_1_1_1_1_1_2_162_0,0.1906,0.21145,0.1728,0.19175,0.0682,0.0628,0.0885,0.09055,0.1127,0.0994,0.1943,0.19815,6,6,-0.3658187,-0.40033114,-0.009612886,0.032470703,0.26579803,0.331877,-0.37411597,-0.37270522,26.89237058727985,75.86834021441933,2662.0,Jaipur,6,"{""type"":""MultiPoint"",""coordinates"":[]}",-11.412816456825482,-19.21314000473629,-10.887025752266798,-16.537120093802518
1_1_1_1_1_1_2_163_0_1_1_1_1_1_1_2_163_0,0.2231,0.24015,0.1969,0.205,0.0738,0.07845,0.091,0.1017,0.1092,0.1188,0.1548,0.17895,6,6,-0.4205667,-0.4050022,0.18073565,0.1460272,0.17272727,0.20201512,-0.2595606,-0.27525386,26.91213352353048,75.7335929218014,2663.0,Jaipur,6,"{""type"":""MultiPoint"",""coordinates"":[]}",-7.933601128275587,-14.684514012374152,-5.225316065318273,-14.341720438450123
1_1_1_1_1_1_2_164_0_1_1_1_1_1_1_2_164_0,0.3933,0.3402,0.3439,0.29815,0.1036,0.07105,0.1482,0.1026,0.2164,0.14405,0.2955,0.2212,4,4,-0.4526316,-0.5365854,0.14198606,0.21197008,0.15452237,0.21122518,-0.33198106,-0.3662755,26.83218346324384,75.9214306477108,2664.0,Jaipur,6,"{""type"":""MultiPoint"",""coordinates"":[]}",-15.224021215853478,-22.77629776642425,-15.204641440979568,-22.852226003907703
1_1_1_1_1_1_2_165_0_1_1_1_1_1_1_2_165_0,0.23115,0.237,0.16195,0.1689,0.0533,0.0472,0.0787,0.0737,0.09365,0.07795,0.22485,0.23455,1,1,-0.49201226,-0.5255874,0.0138157895,0.0051956316,0.41193092,0.50112,-0.48146927,-0.52181673,26.97285963673696,75.9575429221324,2665.0,Jaipur,6,"{""type"":""MultiPoint"",""coordinates"":[]}",-10.323129612081132,-14.181911069015406,-9.814370362162702,-14.590992521620121
1_1_1_1_1_1_2_166_0_1_1_1_1_1_1_2_166_0,0.3403,0.36315,0.3142,0.3337,0.0635,0.07875,0.1138,0.1239,0.1787,0.1937,0.2489,0.26235,5,5,-0.4987888,-0.49122268,0.15512559,0.16115108,0.16417213,0.15053174,-0.37248415,-0.3584466,26.99325139368647,75.99859593061667,2666.0,Jaipur,6,"{""type"":""MultiPoint"",""coordinates"":[]}",-13.576443593527486,-21.934957177824963,-14.13928482729139,-21.63063653498698
1_1_1_1_1_1_2_167_0_1_1_1_1_1_1_2_167_0,0.4242,0.3601,0.3943,0.3376,0.099,0.1422,0.161,0.1933,0.2372,0.2507,0.3228,0.31305,5,6,-0.44976076,-0.30140948,0.13574298,0.06989527,0.15285714,0.11059867,-0.33443573,-0.2364965,26.96127136957181,75.6892161467659,2667.0,Jaipur,6,"{""type"":""MultiPoint"",""coordinates"":[]}",-13.147373148532232,-20.03602773495593,-8.683482713895316,-16.20975026989886
1_1_1_1_1_1_2_168_0_1_1_1_1_1_1_2_168_0,0.3869,0.4018,0.374,0.3851,0.0776,0.0776,0.1244,0.1333,0.1968,0.2117,0.2757,0.28465,4,4,-0.5133972,-0.5017754,0.16782373,0.17066064,0.16698413,0.14697291,-0.37815547,-0.36212465,26.94069994956548,75.63900032238362,2668.0,Jaipur,6,"{""type"":""MultiPoint"",""coordinates"":[]}",-14.012659453531352,-23.890301750630783,-13.787034804903218,-22.15317440005574
1_1_1_1_1_1_2_169_0_1_1_1_1_1_1_2_169_0,0.316,0.28625,0.2436,0.23325,0.0604,0.04135,0.0902,0.07475,0.1172,0.08465,0.2932,0.2784,4,6,-0.5558838,-0.5858726,0.037426133,0.013902417,0.4288499,0.53367305,-0.5294731,-0.57666713,27.04337738654034,75.77275946818902,2669.0,Jaipur,6,"{""type"":""MultiPoint"",""coordinates"":[]}",-12.100740284187372,-18.502006634800487,-9.900352603393651,-16.467954533456513
1_1_1_1_1_1_2_170_0_1_1_1_1_1_1_2_170_0,0.4053,0.3883,0.35325,0.3509,0.08725,0.0798,0.1325,0.1208,0.20865,0.1836,0.31985,0.2653,4,4,-0.50725174,-0.52543706,0.11783769,0.1881885,0.21040681,0.18200044,-0.41417044,-0.3742554,26.976363066345023,76.01332830127623,2670.0,Jaipur,6,"{""type"":""MultiPoint"",""coordinates"":[]}",-16.969944114614126,-22.281648945047838,-14.341144962274265,-24.75713702951314
1_1_1_1_1_1_2_171_0_1_1_1_1_1_1_2_171_0,0.2573,0.3062,0.2008,0.2567,0.092,0.09675,0.12,0.1331,0.1428,0.1486,0.2714,0.25635,4,4,-0.3639014,-0.39403597,-0.02666919,0.088614345,0.31047803,0.26608223,-0.38681656,-0.31647193,26.83065632726084,75.91271698945484,2671.0,Jaipur,6,"{""type"":""MultiPoint"",""coordinates"":[]}",-10.481412701237481,-14.592678440012556,-8.877022920267969,-12.270846226838568
1_1_1_1_1_1_2_172_0_1_1_1_1_1_1_2_172_0,0.2972,0.22045,0.25,0.14415,0.0659,0.035,0.1154,0.08145,0.1161,0.05545,0.3838,0.45255,4,4,-0.44062045,-0.46041736,-0.12716593,-0.3448737,0.5355071,0.7816929,-0.53766024,-0.69494385,26.89290957645032,75.61258985303051,2672.0,Jaipur,6,"{""type"":""MultiPoint"",""coordinates"":[]}",-11.632624217365564,-19.066264171795925,-12.699235619182298,-19.25012881048502
1_1_1_1_1_1_2_173_0_1_1_1_1_1_1_2_173_0,0.3972,0.30855,0.3151,0.22485,0.1026,0.0562,0.144,0.0794,0.1964,0.1145,0.3,0.19825,4,5,-0.46784922,-0.5906689,0.1394148,0.2176401,0.20870265,0.26778576,-0.35135135,-0.4280569,26.808378108214672,75.63846133321314,2673.0,Jaipur,6,"{""type"":""MultiPoint"",""coordinates"":[]}",-15.954584320592293,-23.010768857732128,-14.07728635458234,-19.664114062696445
1_1_1_1_1_1_2_174_0_1_1_1_1_1_1_2_174_0,0.31335,0.245,0.2672,0.18635,0.0805,0.0539,0.1226,0.08135,0.1681,0.1113,0.2779,0.20125,4,4,-0.4375502,-0.5014555,0.059957717,0.09803922,0.24618834,0.28779396,-0.3877653,-0.4242746,26.998461622334364,75.9561056176778,2674.0,Jaipur,6,"{""type"":""MultiPoint"",""coordinates"":[]}",-12.972756477992455,-16.506234103956203,-11.049571169201023,-17.09654693284021
1_1_1_1_1_1_2_175_0_1_1_1_1_1_1_2_175_0,0.2294,0.2345,0.2089,0.20855,0.0814,0.112,0.105,0.14,0.1184,0.1497,0.1485,0.17835,6,6,-0.37200958,-0.25233644,0.2140778,0.13600582,0.112776324,0.087334245,-0.17159763,-0.1204649,26.875661922995224,75.78910880635999,2675.0,Jaipur,6,"{""type"":""MultiPoint"",""coordinates"":[]}",-1.317184538471416,-14.339027040307395,-4.559087402546407,-12.871596296763565
1_1_1_1_1_1_2_176_0_1_1_1_1_1_1_2_176_0,0.2588,0.26695,0.1939,0.223,0.0844,0.0843,0.1094,0.1092,0.1242,0.1289,0.2465,0.21625,6,6,-0.40575776,-0.41938058,0.024341974,0.1049255,0.3299164,0.25307837,-0.38522056,-0.3289292,26.828410539050537,75.8553146427996,2676.0,Jaipur,6,"{""type"":""MultiPoint"",""coordinates"":[]}",-5.227245613109561,-16.919067367431268,-9.765762882774885,-16.29664978581037
1_1_1_1_1_1_2_177_0_1_1_1_1_1_1_2_177_0,0.2314,0.18725,0.163,0.14245,0.0661,0.0387,0.0822,0.04985,0.105,0.06085,0.2172,0.1347,1,1,-0.47576532,-0.57950234,0.031654034,0.1632241,0.3482309,0.37765276,-0.4509018,-0.459767,26.870900851989397,75.83968395685592,2677.0,Jaipur,6,"{""type"":""MultiPoint"",""coordinates"":[]}",-8.606826661209867,-12.619489230041378,-8.49839540802941,-13.198592269845356
1_1_1_1_1_1_2_178_0_1_1_1_1_1_1_2_178_0,0.3933,0.3406,0.3561,0.3069,0.0995,0.0776,0.1556,0.1112,0.2229,0.1551,0.32315,0.2357,5,4,-0.43304792,-0.5077468,0.097913325,0.18202326,0.18359125,0.2062436,-0.3499739,-0.35889307,26.930099829212867,76.07432390906794,2678.0,Jaipur,6,"{""type"":""MultiPoint"",""coordinates"":[]}",-14.689669762895097,-20.3303584616408,-13.595790774438122,-19.76687171184573
1_1_1_1_1_1_2_179_0_1_1_1_1_1_1_2_179_0,0.1779,0.19955,0.1088,0.14445,0.0332,0.0472,0.0506,0.0763,0.0452,0.08415,0.3084,0.2792,4,4,-0.5571116,-0.4468008,-0.26835287,-0.16637076,0.7443439,0.5368102,-0.71810585,-0.5707454,26.75349104435497,75.72451993743181,2679.0,Jaipur,6,"{""type"":""MultiPoint"",""coordinates"":[]}",-11.591997000601271,-16.73068542107029,-12.130112993174244,-17.843003593913295
1_1_1_1_1_1_2_180_0_1_1_1_1_1_1_2_180_0,0.3073,0.3032,0.2735,0.2669,0.0874,0.0808,0.1232,0.1306,0.1616,0.17095,0.2429,0.2721,5,6,-0.4276423,-0.3978792,0.117048346,0.054058753,0.20098887,0.2283038,-0.32695985,-0.3513782,26.852934546307,75.66217685671391,2680.0,Jaipur,6,"{""type"":""MultiPoint"",""coordinates"":[]}",-13.405032098929082,-19.34801425155988,-11.981733024940533,-18.809628861391964
1_1_1_1_1_1_2_181_0_1_1_1_1_1_1_2_181_0,0.2164,0.24205,0.2002,0.22535,0.1268,0.1315,0.147,0.1554,0.1742,0.18455,0.2007,0.219,6,6,-0.19097413,-0.21801485,0.037640855,0.049994577,0.07068551,0.08536737,-0.15444349,-0.16987179,26.925608252792276,75.84040260908321,2681.0,Jaipur,6,"{""type"":""MultiPoint"",""coordinates"":[]}",-6.304739861420648,-14.004342017310378,-7.82524941823945,-13.13486758496347
1_1_1_1_1_1_2_182_0_1_1_1_1_1_1_2_182_0,0.2071,0.2387,0.157,0.2024,0.0514,0.0524,0.0736,0.0816,0.0935,0.1082,0.17,0.1607,1,1,-0.47559673,-0.49047768,0.09838239,0.19529293,0.29032257,0.19523987,-0.3957307,-0.32645482,27.05622329510325,76.00919605096928,2682.0,Jaipur,6,"{""type"":""MultiPoint"",""coordinates"":[]}",-12.635945371088319,-17.955486516588607,-11.171991606888266,-15.240415386086255
1_1_1_1_1_1_2_183_0_1_1_1_1_1_1_2_183_0,0.31465,0.2731,0.24785,0.2182,0.079,0.0634,0.1084,0.088,0.1561,0.1104,0.2437,0.1905,5,1,-0.48753104,-0.51260036,0.12707083,0.17817083,0.21910955,0.2662014,-0.38426584,-0.3680431,26.956959456208043,76.07001199570416,2683.0,Jaipur,6,"{""type"":""MultiPoint"",""coordinates"":[]}",-8.848432576708944,-16.282092860787472,-9.195998982960242,-16.255833290200908
1_1_1_1_1_1_2_184_0_1_1_1_1_1_1_2_184_0,0.2494,0.2388,0.169,0.1681,0.0452,0.0396,0.05995,0.0519,0.0966,0.073,0.19435,0.1724,1,1,-0.6124131,-0.64293087,0.12405634,0.1614786,0.33596838,0.40505296,-0.5285096,-0.5372269,27.01445163439169,76.07046115334623,2684.0,Jaipur,6,"{""type"":""MultiPoint"",""coordinates"":[]}",-7.042510508137185,-12.5262785530949,-9.1018159269018,-14.61313524036974
1_1_1_1_1_1_2_185_0_1_1_1_1_1_1_2_185_0,0.2424,0.1844,0.1759,0.1139,0.0576,0.0348,0.0924,0.0678,0.095,0.04485,0.3284,0.38435,4,4,-0.44802868,-0.46233147,-0.15066573,-0.35156044,0.55125177,0.7910065,-0.5608365,-0.7000995,27.087125340876963,75.7538050156941,2685.0,Jaipur,6,"{""type"":""MultiPoint"",""coordinates"":[]}",-12.864860537300343,-19.85372367497292,-12.429290840483091,-18.903769002290247
1_1_1_1_1_1_2_186_0_1_1_1_1_1_1_2_186_0,0.34075,0.3935,0.30985,0.35755,0.08195,0.0925,0.1253,0.1419,0.1886,0.2059,0.2495,0.2943,4,4,-0.46228945,-0.46992904,0.15459551,0.14422797,0.13900936,0.1767293,-0.33137673,-0.34938103,26.995227687311534,75.93310874640436,2686.0,Jaipur,6,"{""type"":""MultiPoint"",""coordinates"":[]}",-14.55217033567582,-24.808708677091612,-14.271953696862635,-21.225719224707206
1_1_1_1_1_1_2_187_0_1_1_1_1_1_1_2_187_0,0.3422,0.3819,0.2863,0.3334,0.1064,0.1043,0.1552,0.1483,0.2058,0.19825,0.3247,0.28625,1,4,-0.37595496,-0.44058844,0.026240816,0.14315648,0.22412819,0.18163055,-0.3531986,-0.31745484,26.79858647161777,75.97308377654767,2687.0,Jaipur,6,"{""type"":""MultiPoint"",""coordinates"":[]}",-12.432241293817416,-17.947726106415494,-13.76962169003669,-20.759610693260765
1_1_1_1_1_1_2_188_0_1_1_1_1_1_1_2_188_0,0.3783,0.3049,0.3415,0.27195,0.1446,0.09425,0.2024,0.1433,0.2603,0.1738,0.3412,0.30935,4,4,-0.30291027,-0.36055332,0.051563587,-0.0072446074,0.13449709,0.28055468,-0.2553348,-0.3668397,26.99953960067531,75.6027083849052,2688.0,Jaipur,6,"{""type"":""MultiPoint"",""coordinates"":[]}",-11.731215713725556,-22.799101424269196,-12.457415082824312,-20.833778766016657
1_1_1_1_1_1_2_189_0_1_1_1_1_1_1_2_189_0,0.196,0.2032,0.1717,0.17945,0.0691,0.06645,0.0892,0.0893,0.1012,0.10655,0.1352,0.1582,6,6,-0.37447405,-0.3894017,0.18357489,0.12451577,0.14382403,0.19508971,-0.20499109,-0.27838385,26.91554712161013,75.81129719387775,2689.0,Jaipur,6,"{""type"":""MultiPoint"",""coordinates"":[]}",-8.115075445112003,-15.915850851836097,-8.793033752630151,-14.757266989919957
1_1_1_1_1_1_2_190_0_1_1_1_1_1_1_2_190_0,0.2256,0.25655,0.2012,0.23715,0.1192,0.1279,0.1368,0.1516,0.1558,0.17525,0.2061,0.23095,6,6,-0.24503312,-0.25713587,0.04517026,0.05251282,0.13898867,0.13712457,-0.20209974,-0.20742387,26.80226956428266,75.77509508792772,2690.0,Jaipur,6,"{""type"":""MultiPoint"",""coordinates"":[]}",-1.404018408228898,-15.573847555647731,-3.0534093649126657,-11.486238445412503
1_1_1_1_1_1_2_191_0_1_1_1_1_1_1_2_191_0,0.1729,0.21075,0.1483,0.17645,0.0896,0.098,0.109,0.1256,0.1201,0.1535,0.1482,0.17445,6,6,-0.22667612,-0.2531589,0.07692308,0.09423676,0.104733504,0.06388169,-0.15241058,-0.1628062,26.900814750950573,75.78398840924051,2691.0,Jaipur,6,"{""type"":""MultiPoint"",""coordinates"":[]}",3.505096669795367,-0.4635369105309107,3.2842517396344375,-3.8536156315530743
1_1_1_1_1_1_2_192_0_1_1_1_1_1_1_2_192_0,0.3515,0.3083,0.3211,0.27185,0.0894,0.0767,0.1402,0.1304,0.1713,0.17855,0.3038,0.2916,6,6,-0.42973357,-0.4055163,0.072791085,0.027837973,0.27888864,0.24045518,-0.36846846,-0.38199052,26.960732380401343,75.63594605041762,2692.0,Jaipur,6,"{""type"":""MultiPoint"",""coordinates"":[]}",-4.2691982944795015,-18.913640862956804,-7.826377196198367,-17.46434619495567
1_1_1_1_1_1_2_193_0_1_1_1_1_1_1_2_193_0,0.28895,0.2865,0.26085,0.2386,0.06165,0.05935,0.0972,0.0892,0.13365,0.09785,0.21605,0.26525,6,6,-0.49656868,-0.52515304,0.14435643,0.03851382,0.23563054,0.46103,-0.3794094,-0.496685,27.025231417801127,75.83213810846932,2693.0,Jaipur,6,"{""type"":""MultiPoint"",""coordinates"":[]}",-11.725528448760473,-16.830490728416823,-9.338972821439285,-14.309991208924203
1_1_1_1_1_1_2_194_0_1_1_1_1_1_1_2_194_0,0.3188,0.2882,0.2683,0.24985,0.1058,0.08265,0.1512,0.1154,0.2029,0.1516,0.2955,0.232,6,6,-0.35659575,-0.4281467,0.03792935,0.10803537,0.18579455,0.20959333,-0.3230356,-0.33563617,26.83721402883491,75.88028780769812,2694.0,Jaipur,6,"{""type"":""MultiPoint"",""coordinates"":[]}",-11.820509788842006,-18.06248395987736,-9.30971758380431,-18.066488925007388
1_1_1_1_1_1_2_195_0_1_1_1_1_1_1_2_195_0,0.2394,0.25595,0.1797,0.21145,0.0507,0.04945,0.0702,0.07595,0.0968,0.1098,0.174,0.1757,1,1,-0.54651165,-0.54233205,0.1582003,0.18591452,0.28508124,0.23082311,-0.42506143,-0.39638385,27.06367931196144,75.85917739852131,2695.0,Jaipur,6,"{""type"":""MultiPoint"",""coordinates"":[]}",-10.375955678846408,-16.845565355353592,-9.857770413635649,-14.541819872430349
1_1_1_1_1_1_2_196_0_1_1_1_1_1_1_2_196_0,0.2039,0.23515,0.1851,0.2011,0.0764,0.0931,0.0938,0.1136,0.1068,0.1346,0.1751,0.19995,6,6,-0.3698354,-0.34853047,0.07598945,0.080900945,0.24228449,0.19533703,-0.3023429,-0.27539468,26.858593932596957,75.79306139361012,2696.0,Jaipur,6,"{""type"":""MultiPoint"",""coordinates"":[]}",-0.06108067676300174,-17.365733459120303,-3.6076111147787944,-13.565261469547572
1_1_1_1_1_1_2_197_0_1_1_1_1_1_1_2_197_0,0.2157,0.1856,0.1447,0.132,0.0575,0.0354,0.071,0.0504,0.0893,0.0617,0.1738,0.15565,1,1,-0.50470877,-0.57288134,0.107573815,0.08776557,0.32117066,0.43225214,-0.41993463,-0.51079834,26.86802624308021,75.83447372820802,2697.0,Jaipur,6,"{""type"":""MultiPoint"",""coordinates"":[]}",-6.287137602312658,-11.177556011669168,-9.035110710226355,-14.13749796448403
1_1_1_1_1_1_2_198_0_1_1_1_1_1_1_2_198_0,0.2035,0.3021,0.1384,0.24905,0.0538,0.08,0.0916,0.1121,0.1022,0.1376,0.2752,0.26335,4,4,-0.37919348,-0.4587156,-0.14978066,0.06852949,0.45839956,0.31363013,-0.50054526,-0.4028499,26.852126062551296,76.00587228441803,2698.0,Jaipur,6,"{""type"":""MultiPoint"",""coordinates"":[]}",-11.708668990861696,-16.983152692520413,-13.11981790182399,-19.544868260108046
1_1_1_1_1_1_2_199_0_1_1_1_1_1_1_2_199_0,0.4068,0.3527,0.3587,0.302,0.0922,0.0725,0.1405,0.1032,0.2102,0.146,0.32255,0.2349,4,4,-0.48657045,-0.54726917,0.11551382,0.20047651,0.21088691,0.2333946,-0.39315408,-0.38952973,26.801730575112188,76.06219665273233,2699.0,Jaipur,6,"{""type"":""MultiPoint"",""coordinates"":[]}",-14.857837365356117,-22.220699451800336,-14.956007865395197,-19.736173847100822
1_1_1_1_1_1_2_200_0_1_1_1_1_1_1_2_200_0,0.2083,0.2085,0.1415,0.14625,0.0668,0.061,0.0964,0.0939,0.1214,0.117,0.281,0.2731,6,4,-0.36724648,-0.37896827,-0.1485796,-0.13413621,0.39662027,0.40015382,-0.4891362,-0.48828337,26.76301318636664,75.86591476315222,2700.0,Jaipur,6,"{""type"":""MultiPoint"",""coordinates"":[]}",-7.745119474390092,-16.283492834548614,-9.846415133049241,-15.928519013840388
1_1_1_1_1_1_2_201_0_1_1_1_1_1_1_2_201_0,0.3355,0.3256,0.279,0.2978,0.0718,0.08635,0.0991,0.116,0.1581,0.1395,0.2732,0.20525,6,6,-0.5439485,-0.4746377,0.10234927,0.22671188,0.2668676,0.1907179,-0.46763363,-0.277821,26.952467879787445,75.66981253662892,2701.0,Jaipur,6,"{""type"":""MultiPoint"",""coordinates"":[]}",-11.959550957550107,-17.892628891538557,-9.559381915628899,-15.333370562717494
1_1_1_1_1_1_2_202_0_1_1_1_1_1_1_2_202_0,0.3669,0.31295,0.3001,0.27025,0.0982,0.0632,0.14,0.08575,0.1886,0.1185,0.2911,0.20055,5,5,-0.4476228,-0.569852,0.11519757,0.21888997,0.21367522,0.25716972,-0.35049874,-0.400978,26.791938938515287,75.9446970135695,2702.0,Jaipur,6,"{""type"":""MultiPoint"",""coordinates"":[]}",-14.897006750883811,-19.76684526222915,-13.413111276014915,-18.534074653821186
1_1_1_1_1_1_2_203_0_1_1_1_1_1_1_2_203_0,0.28,0.28825,0.233,0.23345,0.0818,0.0837,0.1114,0.1061,0.1274,0.1092,0.2377,0.2545,6,6,-0.43076137,-0.46189934,0.08170755,0.062183324,0.302109,0.39950508,-0.36178747,-0.41153634,26.82230199511853,75.8215379881167,2703.0,Jaipur,6,"{""type"":""MultiPoint"",""coordinates"":[]}",-10.006723840675317,-15.98977865480451,-7.7484055731234704,-15.529702773131504
1_1_1_1_1_1_2_204_0_1_1_1_1_1_1_2_204_0,0.42695,0.3786,0.37845,0.3376,0.0978,0.06845,0.1495,0.1048,0.2181,0.1578,0.31995,0.24745,5,5,-0.481308,-0.56640464,0.14325881,0.20948806,0.18929468,0.22122146,-0.36308447,-0.40496805,27.02900434199443,75.92313744675063,2704.0,Jaipur,6,"{""type"":""MultiPoint"",""coordinates"":[]}",-16.892231890935626,-21.29985533033594,-14.705137040591021,-19.857396451164075
1_1_1_1_1_1_2_205_0_1_1_1_1_1_1_2_205_0,0.2134,0.21695,0.1519,0.1483,0.0515,0.03625,0.0799,0.06485,0.0749,0.05115,0.3316,0.30695,6,6,-0.45516536,-0.5397445,-0.21688074,-0.17178851,0.6314883,0.7143256,-0.61166465,-0.65115654,26.76373183859393,75.94981741068898,2705.0,Jaipur,6,"{""type"":""MultiPoint"",""coordinates"":[]}",-10.130604935551897,-18.189478608925175,-11.629178506093496,-17.850312265601605
1_1_1_1_1_1_2_206_0_1_1_1_1_1_1_2_206_0,0.304,0.2764,0.2173,0.2129,0.0796,0.0564,0.0943,0.0786,0.1306,0.1046,0.2668,0.2102,1,1,-0.5264876,-0.5571831,0.06517169,0.13604604,0.34272772,0.33545107,-0.477707,-0.45567867,27.04104176680163,76.06013052757885,2706.0,Jaipur,6,"{""type"":""MultiPoint"",""coordinates"":[]}",-10.582664314390113,-14.897280263477885,-9.88428537651173,-13.871335881469438
1_1_1_1_1_1_2_207_0_1_1_1_1_1_1_2_207_0,0.4292,0.4208,0.3872,0.4166,0.098,0.0977,0.1466,0.1524,0.2155,0.22405,0.3208,0.3034,5,5,-0.4907954,-0.46824843,0.14453334,0.16210991,0.19634533,0.1504408,-0.37270004,-0.33128566,26.88284844526818,75.64843263286687,2707.0,Jaipur,6,"{""type"":""MultiPoint"",""coordinates"":[]}",-16.24309825123011,-24.12431757221581,-14.516443763432784,-24.332178446321734
1_1_1_1_1_1_2_208_0_1_1_1_1_1_1_2_208_0,0.267,0.2693,0.1951,0.2117,0.0624,0.059,0.08215,0.08,0.10705,0.1068,0.1773,0.1864,1,1,-0.5294286,-0.54194105,0.20189062,0.18191794,0.24705468,0.27148703,-0.36673734,-0.3993994,26.967559576560653,76.03273191141321,2708.0,Jaipur,6,"{""type"":""MultiPoint"",""coordinates"":[]}",-13.635831966497513,-18.901522059668622,-5.640593337844982,-13.24471907318124
1_1_1_1_1_1_2_209_0_1_1_1_1_1_1_2_209_0,0.1988,0.24,0.14215,0.1899,0.0528,0.0601,0.08125,0.0894,0.09,0.1156,0.285,0.2587,4,6,-0.4197465,-0.4571949,-0.1781728,-0.037497494,0.52,0.38231364,-0.556314,-0.4863545,26.861378709977725,76.08330706190914,2709.0,Jaipur,6,"{""type"":""MultiPoint"",""coordinates"":[]}",-9.701482559087653,-15.963620701479822,-7.855573604282467,-15.463204349464359
1_1_1_1_1_1_2_210_0_1_1_1_1_1_1_2_210_0,0.361,0.21495,0.3242,0.14435,0.0776,0.043,0.1202,0.0797,0.1792,0.0618,0.2816,0.38005,6,6,-0.5004156,-0.45901918,0.12356053,-0.277479,0.22222222,0.72026706,-0.4016924,-0.65328985,26.881680635398823,75.63352059915049,2710.0,Jaipur,6,"{""type"":""MultiPoint"",""coordinates"":[]}",-11.562278624507167,-22.38014556155179,-11.479002472102891,-18.94705752043184
1_1_1_1_1_1_2_211_0_1_1_1_1_1_1_2_211_0,0.1895,0.21825,0.1204,0.17125,0.0366,0.03535,0.0628,0.06945,0.0494,0.058,0.3564,0.313,4,6,-0.5021799,-0.5172054,-0.30573365,-0.17835294,0.7565303,0.68733156,-0.7003817,-0.63681525,27.07329128550152,75.69011446205002,2711.0,Jaipur,6,"{""type"":""MultiPoint"",""coordinates"":[]}",-12.298434223717518,-18.703063377654196,-11.842184282755932,-17.66058444590288
1_1_1_1_1_1_2_212_0_1_1_1_1_1_1_2_212_0,0.2794,0.25085,0.26,0.2173,0.1202,0.08525,0.1542,0.1147,0.192,0.151,0.2572,0.2043,6,6,-0.28874537,-0.37245247,0.0413716,0.10227398,0.14514692,0.15001407,-0.2503646,-0.28087774,26.751424919201497,75.81857354767911,2712.0,Jaipur,6,"{""type"":""MultiPoint"",""coordinates"":[]}",-8.94322104511471,-16.616451504598423,-8.086577929250545,-14.619054957884403
1_1_1_1_1_1_2_213_0_1_1_1_1_1_1_2_213_0,0.4061,0.38225,0.358,0.34085,0.0846,0.0772,0.128,0.1173,0.1887,0.157,0.288,0.2539,5,5,-0.520689,-0.5303773,0.17014839,0.20176059,0.20830712,0.2358238,-0.3846154,-0.36799568,26.930908312968576,75.68670086397037,2713.0,Jaipur,6,"{""type"":""MultiPoint"",""coordinates"":[]}",-14.445146139909127,-21.420639316741806,-14.977892354214822,-21.709417226060964
1_1_1_1_1_1_2_214_0_1_1_1_1_1_1_2_214_0,0.3043,0.26815,0.2582,0.24375,0.1276,0.0946,0.1498,0.111,0.188,0.139,0.2461,0.1836,4,4,-0.34023342,-0.41447976,0.10574128,0.18716104,0.13384013,0.1382517,-0.24324325,-0.24643585,26.94671866196908,75.92026283784145,2714.0,Jaipur,6,"{""type"":""MultiPoint"",""coordinates"":[]}",-6.444060527951223,-10.853050793972622,-10.042943787924273,-17.04170863687521
1_1_1_1_1_1_2_215_0_1_1_1_1_1_1_2_215_0,0.2819,0.22215,0.1915,0.16355,0.066,0.04925,0.0916,0.05955,0.1316,0.08505,0.2291,0.1597,1,5,-0.5095047,-0.5772098,0.10332681,0.16354589,0.27030775,0.3050051,-0.42874962,-0.4567845,27.043467218068752,75.86312998577144,2715.0,Jaipur,6,"{""type"":""MultiPoint"",""coordinates"":[]}",-6.714184705819916,-13.055592846543727,-9.575247808174973,-15.572113172208482
1_1_1_1_1_1_2_216_0_1_1_1_1_1_1_2_216_0,0.2235,0.28225,0.1587,0.22835,0.0548,0.0722,0.089,0.1127,0.126,0.1644,0.295,0.309,4,4,-0.4304,-0.42929485,-0.13789779,-0.04524313,0.40142518,0.30544993,-0.5364583,-0.4654968,27.0558639689896,75.97685670074098,2716.0,Jaipur,6,"{""type"":""MultiPoint"",""coordinates"":[]}",-11.96350527694337,-17.10997560504034,-13.71212223994921,-20.310335663379
1_1_1_1_1_1_2_217_0_1_1_1_1_1_1_2_217_0,0.3829,0.3708,0.3182,0.3379,0.1028,0.09155,0.145,0.1334,0.2042,0.176,0.303,0.25955,5,4,-0.45065352,-0.4708449,0.116489284,0.17648925,0.19479495,0.19182643,-0.35267857,-0.3210332,26.82948851739148,75.62130351128647,2717.0,Jaipur,6,"{""type"":""MultiPoint"",""coordinates"":[]}",-12.30195793179128,-22.016172654390434,-14.739713748620062,-22.182268448324134
1_1_1_1_1_1_2_218_0_1_1_1_1_1_1_2_218_0,0.1604,0.1338,0.0807,0.0712,0.0344,0.0261,0.0616,0.0655,0.0405,0.0382,0.4413,0.4256,4,4,-0.44504505,-0.34269944,-0.46684393,-0.52163035,0.83188045,0.8352738,-0.75502086,-0.73325187,27.01400247674963,75.62929851731514,2718.0,Jaipur,6,"{""type"":""MultiPoint"",""coordinates"":[]}",-13.272368320880537,-19.54059919878783,-12.407112609155737,-22.921500618410207
1_1_1_1_1_1_2_219_0_1_1_1_1_1_1_2_219_0,0.29175,0.1808,0.23175,0.0993,0.0762,0.0305,0.1145,0.0623,0.1674,0.0491,0.30135,0.4064,6,4,-0.4363077,-0.48745373,-0.01618614,-0.3841962,0.28576,0.78441274,-0.44932067,-0.73415834,26.781248986634264,76.04971007028307,2719.0,Jaipur,6,"{""type"":""MultiPoint"",""coordinates"":[]}",-9.918461227021941,-17.961839092316453,-11.97106172677951,-19.226115433679038
1_1_1_1_1_1_2_220_0_1_1_1_1_1_1_2_220_0,0.1833,0.2046,0.1443,0.1649,0.0798,0.0777,0.0954,0.09955,0.1079,0.1164,0.181,0.18955,6,6,-0.31539288,-0.3453888,0.006313478,0.038183432,0.25302872,0.23909135,-0.30969608,-0.31131098,26.91312167034301,75.81992102060529,2720.0,Jaipur,6,"{""type"":""MultiPoint"",""coordinates"":[]}",-12.940391677477516,-19.933036716985505,-12.839325283645893,-19.9822406634135
1_1_1_1_1_1_2_221_0_1_1_1_1_1_1_2_221_0,0.3611,0.3537,0.29795,0.3021,0.1104,0.0816,0.1533,0.1134,0.2053,0.1584,0.3099,0.2622,6,6,-0.40396577,-0.51445085,0.076304026,0.14856307,0.20302795,0.2467903,-0.3380829,-0.39616615,26.827781718351652,76.03300140599845,2721.0,Jaipur,6,"{""type"":""MultiPoint"",""coordinates"":[]}",-10.50527027735345,-18.42923576313924,-10.988322995974446,-18.886877873641925
1_1_1_1_1_1_2_222_0_1_1_1_1_1_1_2_222_0,0.2934,0.3283,0.24945,0.2953,0.08295,0.0902,0.1149,0.1326,0.1475,0.1733,0.25715,0.2661,6,6,-0.43717855,-0.42460403,0.06584325,0.10464334,0.2709749,0.2111971,-0.3823411,-0.3348382,26.897580815927743,76.09552414977317,2722.0,Jaipur,6,"{""type"":""MultiPoint"",""coordinates"":[]}",-10.053873443160457,-16.60488090725198,-9.496711270076016,-15.538820185483655
1_1_1_1_1_1_2_223_0_1_1_1_1_1_1_2_223_0,0.2396,0.22835,0.173,0.1628,0.0686,0.04705,0.0977,0.0701,0.1204,0.0806,0.3012,0.27355,6,6,-0.42069376,-0.5302396,-0.113905326,-0.09005778,0.4288425,0.5448256,-0.51015294,-0.59202677,26.823559636516293,75.92062216395509,2723.0,Jaipur,6,"{""type"":""MultiPoint"",""coordinates"":[]}",-10.303087632873849,-16.143720275248256,-10.878610977284042,-17.56096510676647
1_1_1_1_1_1_2_224_0_1_1_1_1_1_1_2_224_0,0.2411,0.2079,0.1587,0.142,0.0544,0.0315,0.0767,0.0479,0.1084,0.0578,0.2487,0.1913,1,1,-0.5173065,-0.62548864,-0.015516537,0.041583166,0.39288715,0.5359293,-0.5285802,-0.59949833,27.05083340339853,76.07432390906794,2724.0,Jaipur,6,"{""type"":""MultiPoint"",""coordinates"":[]}",-11.181484654508447,-16.566751381210466,-9.27725709678051,-15.323990127632019
1_1_1_1_1_1_2_225_0_1_1_1_1_1_1_2_225_0,0.2812,0.1397,0.22825,0.0731,0.0564,0.0328,0.10005,0.0554,0.1213,0.0342,0.32385,0.382,4,4,-0.47514755,-0.4320861,-0.07049004,-0.46444318,0.45501515,0.8356559,-0.5279547,-0.74668497,26.82481727791406,76.0364150040781,2725.0,Jaipur,6,"{""type"":""MultiPoint"",""coordinates"":[]}",-11.713015002913217,-19.75650699189067,-13.608561035877667,-20.57453619641121
1_1_1_1_1_1_2_226_0_1_1_1_1_1_1_2_226_0,0.2076,0.31235,0.1382,0.25495,0.0621,0.0839,0.0889,0.1164,0.1015,0.1528,0.3011,0.23485,6,6,-0.40033728,-0.45702624,-0.18380184,0.14163011,0.49577746,0.21166,-0.54410255,-0.3372242,27.0272975429546,75.81075820470727,2726.0,Jaipur,6,"{""type"":""MultiPoint"",""coordinates"":[]}",-12.444763756484253,-19.280382728727876,-11.182808891358595,-17.22404863656203
1_1_1_1_1_1_2_227_0_1_1_1_1_1_1_2_227_0,0.2898,0.25675,0.23775,0.20055,0.066,0.03715,0.1051,0.06405,0.1595,0.06925,0.2826,0.31755,4,4,-0.46771336,-0.6006858,0.012578616,-0.10586801,0.27844378,0.6419338,-0.45782822,-0.6643082,26.973039299793783,75.99994340354284,2727.0,Jaipur,6,"{""type"":""MultiPoint"",""coordinates"":[]}",-13.771253528621527,-22.31297105834392,-14.103170443674882,-20.791637507211853
1_1_1_1_1_1_2_228_0_1_1_1_1_1_1_2_228_0,0.3869,0.3744,0.3403,0.3403,0.1018,0.0779,0.1484,0.1218,0.2188,0.1777,0.332,0.2774,4,4,-0.44554454,-0.5090689,0.07636667,0.14881866,0.20551924,0.21907273,-0.38218153,-0.38977957,26.77514044270225,75.96751422178613,2728.0,Jaipur,6,"{""type"":""MultiPoint"",""coordinates"":[]}",-14.508242056356549,-24.572741909453466,-13.463107098981748,-19.371165050559622
1_1_1_1_1_1_2_229_0_1_1_1_1_1_1_2_229_0,0.1857,0.21625,0.1212,0.1488,0.0483,0.04415,0.0781,0.0723,0.0715,0.0747,0.2964,0.27425,4,6,-0.40788475,-0.49887368,-0.22962041,-0.11824669,0.61130744,0.5718584,-0.58291054,-0.5827442,26.97429694119155,75.88585736245966,2729.0,Jaipur,6,"{""type"":""MultiPoint"",""coordinates"":[]}",-10.111825816603403,-16.435851081665025,-9.78048764143889,-16.313251996379883
1_1_1_1_1_1_2_230_0_1_1_1_1_1_1_2_230_0,0.2187,0.2498,0.1928,0.23675,0.112,0.1497,0.125,0.186,0.141,0.2064,0.1733,0.24305,6,6,-0.27262148,-0.14639743,0.115816325,0.013695851,0.102768056,0.08154411,-0.16191754,-0.13296819,26.9806749797088,75.76081187491023,2730.0,Jaipur,6,"{""type"":""MultiPoint"",""coordinates"":[]}",-4.446570124586757,-19.308530040927785,-6.143086453212647,-14.111652593681132
1_1_1_1_1_1_2_231_0_1_1_1_1_1_1_2_231_0,0.31325,0.2347,0.2303,0.1722,0.07155,0.0497,0.0988,0.067,0.1437,0.09,0.2278,0.1825,5,1,-0.52044654,-0.5558502,0.15793365,0.12511985,0.22637954,0.33944955,-0.39497855,-0.46292585,26.941867759434835,76.05276434224908,2731.0,Jaipur,6,"{""type"":""MultiPoint"",""coordinates"":[]}",-8.105080593604475,-14.525567848751201,-9.090647906167002,-15.143497157201773
1_1_1_1_1_1_2_232_0_1_1_1_1_1_1_2_232_0,0.4544,0.4044,0.4071,0.36685,0.1604,0.1457,0.2148,0.1914,0.2828,0.2379,0.3652,0.30325,5,5,-0.35803944,-0.35750252,0.108833574,0.1429379,0.12716049,0.12076134,-0.25931033,-0.22611947,27.00564814460732,75.60693046674055,2732.0,Jaipur,6,"{""type"":""MultiPoint"",""coordinates"":[]}",-17.75623125552807,-26.04221323694565,-13.73185536813277,-20.732470010897455
1_1_1_1_1_1_2_233_0_1_1_1_1_1_1_2_233_0,0.2808,0.2149,0.2135,0.15945,0.07,0.0413,0.1001,0.0628,0.139,0.07125,0.2602,0.207,5,1,-0.47440273,-0.54771334,0.038077634,0.018724816,0.30360723,0.48787063,-0.44435194,-0.53446996,26.99603617106724,75.71661476293156,2733.0,Jaipur,6,"{""type"":""MultiPoint"",""coordinates"":[]}",-10.900109591459234,-15.144883796890515,-9.041238337248522,-13.514824764556836
1_1_1_1_1_1_2_234_0_1_1_1_1_1_1_2_234_0,0.1437,0.18155,0.1391,0.17025,0.0816,0.092,0.0902,0.1062,0.1009,0.12005,0.1112,0.1341,6,6,-0.22873023,-0.26185924,0.12750098,0.15032473,0.048561998,0.055282313,-0.10427011,-0.11610487,26.87736872203505,75.71454863777808,2734.0,Jaipur,6,"{""type"":""MultiPoint"",""coordinates"":[]}",-9.839121134882966,-16.59778047600588,-11.316285665567605,-17.96241185327979
1_1_1_1_1_1_2_235_0_1_1_1_1_1_1_2_235_0,0.1942,0.1635,0.12475,0.0996,0.0317,0.0175,0.05675,0.0402,0.05075,0.0274,0.3251,0.4111,4,4,-0.54771864,-0.6053019,-0.2520701,-0.43090847,0.7299455,0.8750285,-0.70276284,-0.821848,27.02909417352284,76.01943684520823,2735.0,Jaipur,6,"{""type"":""MultiPoint"",""coordinates"":[]}",-10.219741354935387,-16.511077952223495,-11.699330051911812,-18.529439085259675
1_1_1_1_1_1_2_236_0_1_1_1_1_1_1_2_236_0,0.3144,0.3458,0.2661,0.2953,0.0894,0.089,0.1251,0.1282,0.17065,0.1775,0.2793,0.2884,6,6,-0.43071672,-0.45907173,0.059120767,0.09050772,0.24147128,0.2380339,-0.38130563,-0.38454154,26.91033689296224,76.02033516049237,2736.0,Jaipur,6,"{""type"":""MultiPoint"",""coordinates"":[]}",-11.113172680576659,-18.250974039663888,-11.621226364666487,-17.764288464351374
1_1_1_1_1_1_2_237_0_1_1_1_1_1_1_2_237_0,0.30245,0.1861,0.26685,0.1135,0.1043,0.0238,0.1421,0.052,0.1885,0.0329,0.2682,0.4424,4,4,-0.36070183,-0.56320876,0.060019277,-0.40779635,0.1745128,0.8615611,-0.3073361,-0.789644,27.03116029867632,75.68346692894754,2737.0,Jaipur,6,"{""type"":""MultiPoint"",""coordinates"":[]}",-11.31526871314227,-17.359104040914985,-12.94039486155597,-19.712832570418502
1_1_1_1_1_1_2_238_0_1_1_1_1_1_1_2_238_0,0.4029,0.3214,0.3481,0.2725,0.0966,0.07185,0.1464,0.1062,0.2194,0.1506,0.3272,0.24545,4,4,-0.46695796,-0.5032741,0.103684425,0.13398607,0.19721918,0.23948996,-0.38175675,-0.39599034,27.03277726618773,75.97227529279196,2738.0,Jaipur,6,"{""type"":""MultiPoint"",""coordinates"":[]}",-16.805028600726907,-22.360580997596344,-14.225019614152943,-20.723430099983542
1_1_1_1_1_1_2_239_0_1_1_1_1_1_1_2_239_0,0.2243,0.4537,0.158,0.42485,0.0574,0.1417,0.0943,0.2052,0.0936,0.26915,0.2746,0.3364,4,4,-0.40803516,-0.3771437,-0.10082181,0.14846222,0.49158067,0.11105607,-0.48875034,-0.2422452,26.84727516001705,76.00290784398044,2739.0,Jaipur,6,"{""type"":""MultiPoint"",""coordinates"":[]}",-11.372611698519728,-17.7783905811956,-14.033158146869214,-23.01915317421699
1_1_1_1_1_1_2_240_0_1_1_1_1_1_1_2_240_0,0.2876,0.29635,0.2444,0.26025,0.0762,0.1042,0.1108,0.1545,0.1372,0.1931,0.2442,0.28225,6,6,-0.4437751,-0.31462792,0.08160963,0.024369167,0.28054535,0.18754601,-0.37577465,-0.29250142,27.05712161038737,75.78677318662129,2740.0,Jaipur,6,"{""type"":""MultiPoint"",""coordinates"":[]}",-8.640019826246663,-15.549079260396315,-8.59900855719199,-17.72575612263884
1_1_1_1_1_1_2_241_0_1_1_1_1_1_1_2_241_0,0.417,0.3983,0.3997,0.34805,0.0934,0.1042,0.1524,0.1535,0.2274,0.2195,0.332,0.30405,4,6,-0.4646997,-0.443639,0.11348464,0.13419235,0.18698606,0.16149364,-0.37076795,-0.32903507,27.03277726618773,75.75317619499522,2741.0,Jaipur,6,"{""type"":""MultiPoint"",""coordinates"":[]}",-14.659537814252246,-21.80769133746132,-8.001655320472162,-17.39632277837768
1_1_1_1_1_1_2_242_0_1_1_1_1_1_1_2_242_0,0.3482,0.2832,0.29,0.2076,0.1046,0.0489,0.1356,0.072,0.1742,0.08575,0.2864,0.27505,4,6,-0.43943778,-0.5945946,0.09738418,0.014599194,0.24359532,0.5246674,-0.35734597,-0.5850742,26.80047293371442,75.7379946666936,2742.0,Jaipur,6,"{""type"":""MultiPoint"",""coordinates"":[]}",-14.175522201863672,-22.169771173628572,-12.01181791248347,-17.713238122838103
1_1_1_1_1_1_2_243_0_1_1_1_1_1_1_2_243_0,0.1914,0.17235,0.1362,0.1046,0.0584,0.0359,0.087,0.0699,0.1144,0.0432,0.3228,0.40195,4,4,-0.375,-0.4229102,-0.25554258,-0.39979106,0.47666973,0.80590814,-0.5754026,-0.7037194,26.83173430560178,75.98215676091728,2743.0,Jaipur,6,"{""type"":""MultiPoint"",""coordinates"":[]}",-11.087577647504933,-20.8233150538525,-12.425370858841928,-19.43449763475974
1_1_1_1_1_1_2_244_0_1_1_1_1_1_1_2_244_0,0.2965,0.34095,0.23,0.30615,0.0738,0.07965,0.1018,0.1161,0.1373,0.16245,0.2497,0.25635,1,4,-0.48882753,-0.4919593,0.0856829,0.14163737,0.29043928,0.22421204,-0.42076814,-0.3765606,26.826524076953888,75.61007457023497,2744.0,Jaipur,6,"{""type"":""MultiPoint"",""coordinates"":[]}",-12.614870926794964,-17.177410004219556,-13.697327284204084,-20.764463928661087
1_1_1_1_1_1_2_245_0_1_1_1_1_1_1_2_245_0,0.4389,0.4081,0.3922,0.3575,0.113,0.09435,0.1854,0.1521,0.2698,0.2151,0.372,0.30735,4,5,-0.4060548,-0.45697966,0.08250093,0.14082046,0.15923963,0.17657192,-0.33476856,-0.337904,26.965762945992413,75.64807330675323,2745.0,Jaipur,6,"{""type"":""MultiPoint"",""coordinates"":[]}",-13.050042006791958,-20.899904009459327,-12.343088867604957,-20.70676848843246
1_1_1_1_1_1_2_246_0_1_1_1_1_1_1_2_246_0,0.154,0.19865,0.0834,0.11135,0.0278,0.03585,0.0552,0.0733,0.0333,0.05465,0.3331,0.348,4,4,-0.47227535,-0.46093032,-0.3676863,-0.27320954,0.81823146,0.72854835,-0.71568376,-0.65202945,26.97824952844168,75.62076452211599,2746.0,Jaipur,6,"{""type"":""MultiPoint"",""coordinates"":[]}",-13.079016022254546,-18.990555334618,-13.017979926630366,-19.141449954173506
1_1_1_1_1_1_2_247_0_1_1_1_1_1_1_2_247_0,0.4304,0.43575,0.3886,0.3883,0.1056,0.0967,0.1618,0.1418,0.2376,0.206,0.3344,0.2862,4,4,-0.45356297,-0.50896025,0.12552302,0.20714732,0.16923077,0.16294189,-0.34784362,-0.33738318,27.069248866722983,75.91999334325621,2747.0,Jaipur,6,"{""type"":""MultiPoint"",""coordinates"":[]}",-17.52279759216681,-24.991870344840606,-17.876154600252818,-24.507513050430095
1_1_1_1_1_1_2_248_0_1_1_1_1_1_1_2_248_0,0.3457,0.29305,0.3297,0.27385,0.1142,0.1122,0.1584,0.1431,0.1994,0.1819,0.28,0.23225,6,6,-0.37155327,-0.34380373,0.105002396,0.115743384,0.16812682,0.12157431,-0.27737227,-0.23751165,26.97510542494725,75.73404207944347,2748.0,Jaipur,6,"{""type"":""MultiPoint"",""coordinates"":[]}",-9.809509935418003,-18.17270237232193,-8.419076605785293,-16.19507369492183
1_1_1_1_1_1_2_249_0_1_1_1_1_1_1_2_249_0,0.3325,0.26835,0.309,0.2303,0.0926,0.07785,0.1358,0.1178,0.1857,0.1561,0.2623,0.25155,4,4,-0.4200299,-0.3898744,0.11802287,0.032313906,0.17098214,0.23414694,-0.31775936,-0.36212265,26.85239555713653,75.97443124947385,2749.0,Jaipur,6,"{""type"":""MultiPoint"",""coordinates"":[]}",-15.527726233739935,-24.965655812967597,-15.357641833901084,-23.461533125350197
1_1_1_1_1_1_2_250_0_1_1_1_1_1_1_2_250_0,0.3927,0.3546,0.3476,0.3146,0.1072,0.07355,0.1516,0.1051,0.2096,0.1504,0.2902,0.2237,4,4,-0.44295424,-0.5427453,0.15009518,0.22635311,0.16126451,0.19593692,-0.31371662,-0.36070558,26.925428589735446,75.89789478726686,2750.0,Jaipur,6,"{""type"":""MultiPoint"",""coordinates"":[]}",-11.023652054638816,-19.734725712912095,-12.89323926033642,-21.072317661801524
1_1_1_1_1_1_2_251_0_1_1_1_1_1_1_2_251_0,0.18545,0.1993,0.10445,0.133,0.0255,0.0343,0.0492,0.0618,0.0311,0.0569,0.44895,0.3776,4,4,-0.58065206,-0.5266182,-0.4153531,-0.3090657,0.8704302,0.73808974,-0.80246913,-0.7187073,26.99774297010707,76.09543431824476,2751.0,Jaipur,6,"{""type"":""MultiPoint"",""coordinates"":[]}",-11.91054229405768,-19.598448026423,-10.675077946641053,-18.934284274651333
1_1_1_1_1_1_2_252_0_1_1_1_1_1_1_2_252_0,0.2048,0.32465,0.1334,0.28285,0.0574,0.06665,0.0836,0.10625,0.0856,0.1392,0.3695,0.3046,4,4,-0.42024964,-0.50684613,-0.2867839,0.031863328,0.62381893,0.3726904,-0.6309865,-0.4827796,26.79670000952112,75.89933209172146,2752.0,Jaipur,6,"{""type"":""MultiPoint"",""coordinates"":[]}",-10.688385236469086,-17.190681394297435,-11.360220695374487,-18.304276024094086
1_1_1_1_1_1_2_253_0_1_1_1_1_1_1_2_253_0,0.187,0.16485,0.102,0.09175,0.0363,0.026,0.066,0.0558,0.0343,0.03095,0.3947,0.4148,4,4,-0.47826087,-0.49422163,-0.35705692,-0.4312085,0.84009326,0.8611329,-0.71347946,-0.76285595,26.86622961251197,75.69559418528316,2753.0,Jaipur,6,"{""type"":""MultiPoint"",""coordinates"":[]}",-12.717433283119306,-18.57776476742735,-11.616432200532161,-20.2923511332196
1_1_1_1_1_1_2_254_0_1_1_1_1_1_1_2_254_0,0.3584,0.33655,0.3138,0.3072,0.0938,0.07705,0.13,0.1118,0.1904,0.15145,0.3053,0.2655,4,4,-0.46764946,-0.50128245,0.080006026,0.11801346,0.23179342,0.273534,-0.40271077,-0.40736815,26.87332630325652,75.6628955089412,2754.0,Jaipur,6,"{""type"":""MultiPoint"",""coordinates"":[]}",-14.908223840505652,-21.138842024482877,-12.000241613854614,-19.514305288688142
1_1_1_1_1_1_2_255_0_1_1_1_1_1_1_2_255_0,0.4387,0.43445,0.4307,0.4172,0.0982,0.09225,0.1506,0.1478,0.2383,0.2292,0.3156,0.3153,5,5,-0.4888851,-0.4923143,0.16319767,0.15891963,0.13955587,0.15812673,-0.35392535,-0.36169294,26.7551978433948,75.66487180256627,2755.0,Jaipur,6,"{""type"":""MultiPoint"",""coordinates"":[]}",-12.359921755424512,-21.64915401715603,-13.667177002098187,-21.691056172362934
1_1_1_1_1_1_2_256_0_1_1_1_1_1_1_2_256_0,0.2182,0.0105,0.1759,0.01025,0.0838,0.01345,0.1038,0.02915,0.1144,0.0172,0.1792,0.02675,4,0,-0.3552795,0.4703657,0.09813789,-0.4362416,0.22070844,0.21729238,-0.2664311,0.04293381,26.80316787956678,75.68759917925449,2756.0,Jaipur,6,"{""type"":""MultiPoint"",""coordinates"":[]}",-18.41241653994629,-24.316081899983622,-22.940736685954853,-26.824451232415434
1_1_1_1_1_1_2_257_0_1_1_1_1_1_1_2_257_0,0.2032,0.21815,0.1442,0.1488,0.0408,0.03425,0.0723,0.0704,0.0704,0.05695,0.3094,0.3344,6,4,-0.47513613,-0.512043,-0.20717908,-0.2103882,0.62927854,0.7089562,-0.62116843,-0.65217394,27.091167759655495,75.78282059937116,2757.0,Jaipur,6,"{""type"":""MultiPoint"",""coordinates"":[]}",-11.637974103583876,-17.16651566473127,-11.316523576675836,-16.650687033803962
1_1_1_1_1_1_2_258_0_1_1_1_1_1_1_2_258_0,0.2353,0.19735,0.1633,0.1495,0.04025,0.05,0.0568,0.07395,0.0794,0.0827,0.19275,0.23325,6,4,-0.6110921,-0.45484704,0.099404275,-0.08337204,0.41649824,0.47649944,-0.5447806,-0.5185547,27.02226697736353,75.98440254912758,2758.0,Jaipur,6,"{""type"":""MultiPoint"",""coordinates"":[]}",-11.330027365366792,-16.78776403423833,-10.36916024228381,-17.594500947498734
1_1_1_1_1_1_2_259_0_1_1_1_1_1_1_2_259_0,0.2915,0.31895,0.2314,0.25685,0.0672,0.07375,0.1044,0.1059,0.1329,0.1357,0.237,0.2345,4,6,-0.47259408,-0.5014711,0.10312204,0.15258831,0.2814274,0.26688278,-0.3884007,-0.37779084,27.083621911268896,75.74607950425067,2759.0,Jaipur,6,"{""type"":""MultiPoint"",""coordinates"":[]}",-11.035025373353797,-16.653046014778496,-12.29074803704069,-18.097907626463904
1_1_1_1_1_1_2_260_0_1_1_1_1_1_1_2_260_0,0.303,0.38005,0.2588,0.34975,0.1136,0.1111,0.1322,0.1645,0.1608,0.238,0.2916,0.3436,6,6,-0.39246324,-0.3958314,0.019172553,0.050369654,0.28912467,0.18156809,-0.3761208,-0.35248968,26.909618240734943,75.69846879419234,2760.0,Jaipur,6,"{""type"":""MultiPoint"",""coordinates"":[]}",-0.19404217828123452,-12.797805422655056,-10.560751190477317,-17.257133056452215
1_1_1_1_1_1_2_261_0_1_1_1_1_1_1_2_261_0,0.35375,0.3147,0.2987,0.2712,0.0652,0.0586,0.1035,0.0903,0.16085,0.1344,0.2917,0.2879,4,4,-0.5472936,-0.55407405,0.09613448,0.044473946,0.28913933,0.36348566,-0.4762146,-0.5224749,26.922014991655796,76.04476933622041,2761.0,Jaipur,6,"{""type"":""MultiPoint"",""coordinates"":[]}",-12.978871606010305,-21.135646392349592,-12.101446275511542,-20.28942146624481
1_1_1_1_1_1_2_262_0_1_1_1_1_1_1_2_262_0,0.3971,0.38865,0.3355,0.34955,0.1024,0.09805,0.1572,0.1569,0.2292,0.2287,0.3219,0.3069,5,5,-0.43279812,-0.42480066,0.10458971,0.11753289,0.16820903,0.14600448,-0.34376958,-0.32341528,26.871350009631453,75.96778371637137,2762.0,Jaipur,6,"{""type"":""MultiPoint"",""coordinates"":[]}",-13.09727171687559,-18.555336478858344,-11.642772785691509,-19.055875402140718
1_1_1_1_1_1_2_263_0_1_1_1_1_1_1_2_263_0,0.4004,0.36835,0.3531,0.3252,0.0932,0.08325,0.1378,0.1191,0.2018,0.16315,0.3046,0.2524,5,4,-0.4879227,-0.5113345,0.13588652,0.18679017,0.20300157,0.21477559,-0.37703437,-0.3588156,26.783494774844563,75.67538209139046,2763.0,Jaipur,6,"{""type"":""MultiPoint"",""coordinates"":[]}",-15.346595818488451,-18.92352930058514,-15.33989696379364,-20.903552464050783
1_1_1_1_1_1_2_264_0_1_1_1_1_1_1_2_264_0,0.2275,0.23675,0.1907,0.18065,0.07,0.0738,0.1012,0.1077,0.118,0.1145,0.2246,0.278,4,6,-0.38424096,-0.37465525,0.00641451,-0.080135986,0.31115,0.4165605,-0.37875998,-0.44153488,26.88877732614337,75.78039514810403,2764.0,Jaipur,6,"{""type"":""MultiPoint"",""coordinates"":[]}",-10.183552980510095,-17.00057695809053,-7.121574287357769,-13.681156414885331
1_1_1_1_1_1_2_265_0_1_1_1_1_1_1_2_265_0,0.2688,0.2819,0.2029,0.2281,0.0778,0.0891,0.1152,0.134,0.144,0.1644,0.2876,0.2849,4,1,-0.4,-0.35561433,-0.03378864,-0.0052928724,0.33271548,0.26819497,-0.42800397,-0.36022916,27.066194594756976,76.03120477543021,2765.0,Jaipur,6,"{""type"":""MultiPoint"",""coordinates"":[]}",-9.492703754223157,-14.53441225215578,-10.623138236880049,-15.555606442781627
1_1_1_1_1_1_2_266_0_1_1_1_1_1_1_2_266_0,0.29565,0.2339,0.208,0.18,0.0804,0.0544,0.1079,0.0774,0.15135,0.104,0.2267,0.182,5,1,-0.46524593,-0.5027305,0.13199961,0.12478961,0.19931225,0.27272728,-0.3550508,-0.40323824,26.89281974492191,76.07387475142588,2766.0,Jaipur,6,"{""type"":""MultiPoint"",""coordinates"":[]}",-5.385917380710444,-11.168260021390754,-9.048579683765132,-14.97543601611664
1_1_1_1_1_1_2_267_0_1_1_1_1_1_1_2_267_0,0.414,0.33535,0.3784,0.2984,0.1004,0.09395,0.141,0.1473,0.2083,0.2084,0.3071,0.32215,5,4,-0.4918919,-0.3896198,0.14824574,0.020076046,0.19169576,0.21440016,-0.3706762,-0.37245712,26.7612165557984,75.71293167026666,2767.0,Jaipur,6,"{""type"":""MultiPoint"",""coordinates"":[]}",-17.012953684329144,-25.85095688175251,-14.195251567342739,-22.465320295053086
1_1_1_1_1_1_2_268_0_1_1_1_1_1_1_2_268_0,0.23505,0.2118,0.16375,0.1483,0.0393,0.0326,0.0548,0.0411,0.07395,0.0557,0.1716,0.1567,1,1,-0.6218734,-0.6749703,0.15603098,0.1495251,0.39767867,0.4755179,-0.5159011,-0.5844287,27.018583884698643,76.04755411360118,2768.0,Jaipur,6,"{""type"":""MultiPoint"",""coordinates"":[]}",-9.12172100321638,-15.232780053259626,-8.990995198854248,-14.345372906517238
1_1_1_1_1_1_2_269_0_1_1_1_1_1_1_2_269_0,0.3906,0.31755,0.3539,0.29815,0.086,0.0862,0.1316,0.108,0.2071,0.1362,0.2876,0.20615,5,6,-0.49597856,-0.49242157,0.1518726,0.2127172,0.16272488,0.20432307,-0.3721374,-0.31243038,26.786728709867397,75.62822053897419,2769.0,Jaipur,6,"{""type"":""MultiPoint"",""coordinates"":[]}",-14.040650785275435,-22.30686886294732,-13.501502425075426,-19.04741827612208
1_1_1_1_1_1_2_270_0_1_1_1_1_1_1_2_270_0,0.3952,0.32825,0.3259,0.2821,0.0834,0.06675,0.1238,0.0932,0.1908,0.1292,0.3046,0.21155,6,6,-0.5229287,-0.5577174,0.12946557,0.21619119,0.22971337,0.24167278,-0.4220355,-0.3883511,27.047779131432527,75.7861443659224,2770.0,Jaipur,6,"{""type"":""MultiPoint"",""coordinates"":[]}",-14.081401137065757,-19.652804872695043,-12.261254548739126,-18.60151782399952
1_1_1_1_1_1_2_271_0_1_1_1_1_1_1_2_271_0,0.3948,0.4107,0.3471,0.39055,0.0992,0.1073,0.1452,0.1607,0.2121,0.23,0.3144,0.3136,5,4,-0.46222222,-0.43752187,0.11336718,0.13406047,0.194302,0.15378955,-0.3681462,-0.3223698,26.79634068340747,75.64762414911117,2771.0,Jaipur,6,"{""type"":""MultiPoint"",""coordinates"":[]}",-14.925510322052972,-21.985261843548976,-16.174372507934084,-24.176507464944656
1_1_1_1_1_1_2_272_0_1_1_1_1_1_1_2_272_0,0.2436,0.2309,0.1701,0.1696,0.0612,0.05095,0.0766,0.0632,0.0983,0.083,0.1924,0.1683,1,1,-0.52154905,-0.5702142,0.11743119,0.15681362,0.3237014,0.33943495,-0.43048328,-0.45399567,26.96845789184477,75.8627706596578,2772.0,Jaipur,6,"{""type"":""MultiPoint"",""coordinates"":[]}",-11.51235620961566,-16.019653782395725,-9.98167417759667,-15.367556044374506
1_1_1_1_1_1_2_273_0_1_1_1_1_1_1_2_273_0,0.4499,0.355,0.4008,0.3282,0.1128,0.0781,0.1714,0.1064,0.26035,0.1518,0.3544,0.2264,4,5,-0.44825366,-0.538795,0.11873679,0.22119023,0.15298901,0.19725013,-0.3480411,-0.36057693,26.860570226222016,76.02500639996978,2773.0,Jaipur,6,"{""type"":""MultiPoint"",""coordinates"":[]}",-18.63226972901238,-25.121571302899987,-16.070068715283938,-22.98578699638479
1_1_1_1_1_1_2_274_0_1_1_1_1_1_1_2_274_0,0.22185,0.205,0.17345,0.1611,0.0516,0.0368,0.0833,0.055,0.0784,0.0472,0.24915,0.2797,6,6,-0.454039,-0.5769231,-0.057961784,-0.15411595,0.5212945,0.7112267,-0.498872,-0.6713475,26.85751595425601,76.03740315089063,2774.0,Jaipur,6,"{""type"":""MultiPoint"",""coordinates"":[]}",-8.040906053427372,-18.845106536408178,-11.469492285090832,-17.908984776082544
1_1_1_1_1_1_2_275_0_1_1_1_1_1_1_2_275_0,0.2937,0.2901,0.2715,0.26495,0.0818,0.1446,0.108,0.1872,0.1401,0.1997,0.2365,0.2699,6,6,-0.46228528,-0.21558768,0.10788382,0.036071427,0.2559745,0.14948893,-0.37300435,-0.18092321,26.984627566958924,75.73781500363677,2775.0,Jaipur,6,"{""type"":""MultiPoint"",""coordinates"":[]}",-7.123252139421126,-16.627613580084756,-5.791126977832215,-13.686110651024766
1_1_1_1_1_1_2_276_0_1_1_1_1_1_1_2_276_0,0.1837,0.2092,0.1194,0.1485,0.0426,0.043,0.0689,0.0818,0.0545,0.07265,0.3607,0.33135,6,6,-0.45447347,-0.43780068,-0.3251286,-0.22597355,0.73747593,0.6403465,-0.6792365,-0.6040179,26.98408857778845,75.75102023831333,2776.0,Jaipur,6,"{""type"":""MultiPoint"",""coordinates"":[]}",-9.569605902857589,-17.05018615833434,-10.341332996934803,-16.826042381615103
1_1_1_1_1_1_2_277_0_1_1_1_1_1_1_2_277_0,0.2555,0.2836,0.2433,0.25755,0.1122,0.1221,0.1424,0.1538,0.1698,0.1798,0.22,0.2319,6,6,-0.28424227,-0.29675356,0.07465825,0.10029098,0.12878399,0.12654845,-0.21412803,-0.20248897,26.95282720590109,75.79530718182042,2777.0,Jaipur,6,"{""type"":""MultiPoint"",""coordinates"":[]}",-8.828383146954074,-11.796617425458264,-7.18794783385194,-12.543253905817611
1_1_1_1_1_1_2_278_0_1_1_1_1_1_1_2_278_0,0.2118,0.208,0.1382,0.1286,0.0332,0.0312,0.0689,0.0739,0.0488,0.0493,0.4376,0.4136,4,4,-0.5090844,-0.47570062,-0.34770557,-0.33075932,0.7993421,0.78699505,-0.7279368,-0.6968205,27.066194594756976,76.01817920381048,2778.0,Jaipur,6,"{""type"":""MultiPoint"",""coordinates"":[]}",-12.173861728759658,-19.240312244060952,-12.048488957307391,-18.362193901473514
1_1_1_1_1_1_2_279_0_1_1_1_1_1_1_2_279_0,0.22,0.2379,0.1583,0.1767,0.06,0.05815,0.0932,0.08465,0.108,0.1002,0.3128,0.242,6,6,-0.40485314,-0.47512013,-0.17417417,-0.008543447,0.486692,0.41437757,-0.5408867,-0.48170826,26.756185990207328,75.79180375221236,2779.0,Jaipur,6,"{""type"":""MultiPoint"",""coordinates"":[]}",-11.220466825264229,-17.674135463211446,-11.847197755835708,-19.013720629511205
1_1_1_1_1_1_2_280_0_1_1_1_1_1_1_2_280_0,0.2588,0.25705,0.1883,0.212,0.0674,0.048,0.0968,0.0768,0.1364,0.10165,0.2493,0.20195,1,1,-0.45556805,-0.5399131,0.018697107,0.120043576,0.29271454,0.3303689,-0.4406241,-0.44896862,27.04876727824506,75.99113991375847,2780.0,Jaipur,6,"{""type"":""MultiPoint"",""coordinates"":[]}",-9.866600947225653,-13.602557072739497,-7.857955518729808,-13.47050686765016
1_1_1_1_1_1_2_281_0_1_1_1_1_1_1_2_281_0,0.37905,0.3151,0.3229,0.2587,0.09835,0.06025,0.1552,0.0999,0.2255,0.1299,0.33,0.2509,5,5,-0.4189986,-0.5185542,0.06917707,0.113427565,0.18811882,0.3177521,-0.3602638,-0.4304447,26.99962943220372,75.93966644797842,2781.0,Jaipur,6,"{""type"":""MultiPoint"",""coordinates"":[]}",-13.594268408775374,-19.31781859284763,-11.176120653592317,-16.859194764774735
1_1_1_1_1_1_2_282_0_1_1_1_1_1_1_2_282_0,0.3861,0.34145,0.3582,0.32935,0.1124,0.09975,0.1582,0.1493,0.2143,0.20035,0.3211,0.28065,6,6,-0.41870293,-0.39154357,0.09191176,0.09773348,0.19947703,0.16694386,-0.33987063,-0.30550063,26.96234934791276,75.68346692894754,2782.0,Jaipur,6,"{""type"":""MultiPoint"",""coordinates"":[]}",-11.086882668910533,-19.329273328489926,-8.094895550912167,-16.897798923845265
1_1_1_1_1_1_2_283_0_1_1_1_1_1_1_2_283_0,0.1607,0.1951,0.09,0.1416,0.0366,0.0521,0.0589,0.06815,0.0498,0.06955,0.3388,0.32715,4,4,-0.46357012,-0.4822412,-0.35655656,-0.25284827,0.7436953,0.6493572,-0.7037968,-0.6551986,27.051731718682653,75.77698155002439,2783.0,Jaipur,6,"{""type"":""MultiPoint"",""coordinates"":[]}",-11.911943617855682,-18.51605271183424,-14.268827173403967,-20.848844280296216
1_1_1_1_1_1_2_284_0_1_1_1_1_1_1_2_284_0,0.2005,0.1677,0.1287,0.099,0.0522,0.03355,0.0714,0.0792,0.0698,0.0494,0.3027,0.405,4,4,-0.4748069,-0.35844472,-0.20310016,-0.41435307,0.6252349,0.7825704,-0.61828387,-0.67286247,26.809815412669263,75.95143437820039,2784.0,Jaipur,6,"{""type"":""MultiPoint"",""coordinates"":[]}",-10.328519744904836,-19.484817952272543,-11.990416599228436,-20.330048637424284
1_1_1_1_1_1_2_285_0_1_1_1_1_1_1_2_285_0,0.3688,0.387,0.3157,0.3621,0.09715,0.097,0.1405,0.1488,0.2036,0.212,0.29855,0.3006,4,5,-0.44826233,-0.44456887,0.1052671,0.12565444,0.18908693,0.17284432,-0.35998178,-0.33778372,26.84008863774409,76.0822290835682,2785.0,Jaipur,6,"{""type"":""MultiPoint"",""coordinates"":[]}",-14.121690759060757,-24.299470295223866,-14.666732925725494,-24.566732136339894
1_1_1_1_1_1_2_286_0_1_1_1_1_1_1_2_286_0,0.1595,0.17985,0.087,0.113,0.0486,0.03665,0.0654,0.0663,0.0526,0.0614,0.342,0.323,4,4,-0.4184082,-0.46130407,-0.36390826,-0.28467733,0.73340094,0.6805411,-0.67893964,-0.65938866,26.909618240734943,75.93086295819406,2786.0,Jaipur,6,"{""type"":""MultiPoint"",""coordinates"":[]}",-11.304644831827071,-17.88057471531546,-12.777264818417857,-19.243354088494776
1_1_1_1_1_1_2_287_0_1_1_1_1_1_1_2_287_0,0.31305,0.3907,0.28155,0.351,0.05205,0.0794,0.0892,0.118,0.13325,0.1794,0.2751,0.2742,4,4,-0.5564947,-0.5360723,0.06452435,0.17521432,0.34737357,0.20899472,-0.5102937,-0.3982662,26.90827076780877,76.05572878268667,2787.0,Jaipur,6,"{""type"":""MultiPoint"",""coordinates"":[]}",-12.095168147391306,-19.136386159729128,-14.746602016321894,-21.724513448456662
1_1_1_1_1_1_2_288_0_1_1_1_1_1_1_2_288_0,0.1711,0.19865,0.1435,0.175,0.0624,0.06985,0.0708,0.08435,0.0807,0.09465,0.1359,0.14645,6,6,-0.41463414,-0.4038869,0.11465798,0.15126051,0.25484765,0.21484861,-0.3149492,-0.26906413,26.88913665225702,75.79584617099088,2788.0,Jaipur,6,"{""type"":""MultiPoint"",""coordinates"":[]}",-6.590057791108479,-11.14816719688582,-6.056065736071007,-13.384736712257421
1_1_1_1_1_1_2_289_0_1_1_1_1_1_1_2_289_0,0.2621,0.2322,0.2377,0.21175,0.1024,0.091,0.144,0.1206,0.187,0.14215,0.2409,0.16945,6,6,-0.29081506,-0.31632653,0.04214712,0.15623055,0.12596402,0.08761232,-0.2517537,-0.16841924,26.86802624308021,75.92915615915423,2789.0,Jaipur,6,"{""type"":""MultiPoint"",""coordinates"":[]}",-8.990394535958444,-15.5399011019564,-7.2015436892127855,-16.534144364781046
1_1_1_1_1_1_2_290_0_1_1_1_1_1_1_2_290_0,0.2421,0.24005,0.1856,0.19965,0.0464,0.04095,0.0684,0.06755,0.088,0.08315,0.1935,0.16765,1,1,-0.5594203,-0.5607932,0.11157025,0.17758155,0.37477797,0.33692184,-0.47766322,-0.42559522,27.037987494835622,75.98485170676963,2790.0,Jaipur,6,"{""type"":""MultiPoint"",""coordinates"":[]}",-9.289079951828052,-14.070725642590043,-8.685098852746544,-13.345819664505727
1_1_1_1_1_1_2_291_0_1_1_1_1_1_1_2_291_0,0.2356,0.2292,0.2124,0.20985,0.1048,0.1046,0.1256,0.1248,0.1507,0.15045,0.1879,0.1714,6,6,-0.30454043,-0.29491526,0.11263282,0.14428358,0.109864146,0.06509244,-0.19872408,-0.15732613,26.871439841159862,75.91828654421639,2791.0,Jaipur,6,"{""type"":""MultiPoint"",""coordinates"":[]}",-2.4026140009177666,-15.754057299983014,-3.28230468274096,-12.09844091924346
1_1_1_1_1_1_2_292_0_1_1_1_1_1_1_2_292_0,0.3488,0.3538,0.2809,0.31075,0.0742,0.06555,0.11,0.10075,0.1666,0.15815,0.2531,0.2327,5,5,-0.5204882,-0.55670446,0.15899651,0.20647912,0.2060996,0.19073814,-0.3941063,-0.3957115,27.039963788460685,75.93427655627372,2792.0,Jaipur,6,"{""type"":""MultiPoint"",""coordinates"":[]}",-14.93877153821322,-22.94878060663499,-13.505823451916575,-21.62167758728224
1_1_1_1_1_1_2_293_0_1_1_1_1_1_1_2_293_0,0.2876,0.34055,0.2229,0.3008,0.0613,0.0781,0.0901,0.1166,0.1012,0.15905,0.3268,0.2416,6,6,-0.5229018,-0.48988298,-0.063802086,0.16997337,0.5271028,0.20604019,-0.5677621,-0.34896705,27.085059215723486,75.79773263308755,2793.0,Jaipur,6,"{""type"":""MultiPoint"",""coordinates"":[]}",-11.268108586407983,-18.35158894758117,-12.01280225755092,-18.7823318133539
1_1_1_1_1_1_2_294_0_1_1_1_1_1_1_2_294_0,0.3948,0.4451,0.3446,0.43065,0.0926,0.1059,0.1368,0.1618,0.204,0.2435,0.3108,0.3262,5,4,-0.4853273,-0.46679848,0.11904762,0.15415533,0.20745921,0.14516412,-0.38873994,-0.33688524,26.9513899014465,75.61465597818399,2794.0,Jaipur,6,"{""type"":""MultiPoint"",""coordinates"":[]}",-15.884074496291259,-23.15362386504369,-13.812339829864024,-22.345027594623016
1_1_1_1_1_1_2_295_0_1_1_1_1_1_1_2_295_0,0.3228,0.2803,0.22635,0.2056,0.08455,0.0569,0.1128,0.0764,0.13775,0.10015,0.26755,0.2055,1,1,-0.48209366,-0.5716288,0.093588546,0.15397283,0.3202566,0.34467527,-0.4068621,-0.45796382,26.985615713771452,75.87148431791375,2795.0,Jaipur,6,"{""type"":""MultiPoint"",""coordinates"":[]}",-7.6788113459076754,-15.09729623542316,-10.468379374731768,-15.085025114462665
1_1_1_1_1_1_2_296_0_1_1_1_1_1_1_2_296_0,0.2242,0.19995,0.1587,0.13425,0.0534,0.04325,0.0862,0.0749,0.0936,0.0715,0.2932,0.2874,4,4,-0.44458762,-0.45497546,-0.1333591,-0.17943983,0.51602894,0.6015603,-0.5455983,-0.5865305,26.801011922884893,75.97577872240004,2796.0,Jaipur,6,"{""type"":""MultiPoint"",""coordinates"":[]}",-11.931384048551223,-18.467215217912162,-11.321551235848894,-16.81951598324179
1_1_1_1_1_1_2_297_0_1_1_1_1_1_1_2_297_0,0.1684,0.1716,0.1161,0.1274,0.0453,0.0363,0.0522,0.0464,0.0742,0.0641,0.1449,0.1444,1,1,-0.52674526,-0.5743119,0.07500798,0.08607595,0.3226837,0.3851319,-0.47031963,-0.5136268,27.07176414951852,76.08707998610244,2797.0,Jaipur,6,"{""type"":""MultiPoint"",""coordinates"":[]}",-7.290457403936138,-13.924224738588194,-3.9339131204785707,-10.201129961470201
1_1_1_1_1_1_2_298_0_1_1_1_1_1_1_2_298_0,0.2684,0.23315,0.2045,0.17665,0.0491,0.0464,0.07,0.06085,0.1062,0.0847,0.1955,0.1697,4,4,-0.5862884,-0.58605444,0.15714593,0.15750279,0.2959894,0.3341195,-0.47269303,-0.47213185,26.91725392064996,75.8598062192202,2798.0,Jaipur,6,"{""type"":""MultiPoint"",""coordinates"":[]}",-6.729510647662584,-12.465781407112013,-8.271409360145146,-12.85674257495782
1_1_1_1_1_1_2_299_0_1_1_1_1_1_1_2_299_0,0.3973,0.4015,0.3429,0.34685,0.1053,0.08875,0.1642,0.1322,0.2456,0.1978,0.3476,0.28625,4,4,-0.41513804,-0.5045906,0.06672037,0.16757543,0.17194875,0.18272905,-0.3583431,-0.36814433,27.01777540094293,75.94532583426837,2799.0,Jaipur,6,"{""type"":""MultiPoint"",""coordinates"":[]}",-16.750738733243473,-23.798164191883863,-15.07406928231749,-21.34292532915254
1_1_1_1_1_1_2_300_0_1_1_1_1_1_1_2_300_0,0.2413,0.3231,0.2034,0.306,0.091,0.1548,0.106,0.2043,0.1188,0.23135,0.2422,0.31165,6,6,-0.38957673,-0.22525597,-0.0018614271,0.018038597,0.34182826,0.14788213,-0.3911545,-0.2080628,26.97187148992443,75.61492547276922,2800.0,Jaipur,6,"{""type"":""MultiPoint"",""coordinates"":[]}",-4.5254117967276235,-18.937121232415365,-7.58542284453677,-17.48193987291306
1_1_1_1_1_1_2_301_0_1_1_1_1_1_1_2_301_0,0.3365,0.3103,0.2907,0.2657,0.06975,0.0722,0.1069,0.1056,0.1532,0.1404,0.2377,0.225,5,5,-0.51781684,-0.49218562,0.17206548,0.1593499,0.21616782,0.23152709,-0.3795705,-0.36116153,26.935938878559647,76.046206640675,2801.0,Jaipur,6,"{""type"":""MultiPoint"",""coordinates"":[]}",-10.856877661110573,-16.32341068614159,-10.976538292907724,-16.6783879685375
1_1_1_1_1_1_2_302_0_1_1_1_1_1_1_2_302_0,0.35515,0.2547,0.3308,0.2022,0.0662,0.0404,0.1058,0.0629,0.1542,0.077,0.21795,0.1848,5,5,-0.54094803,-0.6039043,0.23939976,0.15904437,0.1713019,0.4117647,-0.34640926,-0.49212757,26.96082221192976,76.03389972128257,2802.0,Jaipur,6,"{""type"":""MultiPoint"",""coordinates"":[]}",-10.622613451790805,-18.961232311813532,-11.143731555031566,-15.411158741848173
1_1_1_1_1_1_2_303_0_1_1_1_1_1_1_2_303_0,0.2116,0.2036,0.1449,0.1412,0.056,0.03885,0.0594,0.0446,0.083,0.0638,0.1636,0.1585,1,1,-0.56162363,-0.6406124,0.12793177,0.12455123,0.32684508,0.4260009,-0.46726456,-0.56080747,26.98022582206674,75.83159911929884,2803.0,Jaipur,6,"{""type"":""MultiPoint"",""coordinates"":[]}",-9.617193569008942,-16.40695180752736,-10.62446024740752,-15.456633639947972
1_1_1_1_1_1_2_304_0_1_1_1_1_1_1_2_304_0,0.2426,0.3032,0.1665,0.2558,0.0552,0.0704,0.0938,0.108,0.1011,0.146,0.3865,0.268,4,4,-0.44233057,-0.47470817,-0.22873947,0.06162465,0.5853158,0.294686,-0.60941076,-0.42553192,27.07176414951852,76.02231145411743,2804.0,Jaipur,6,"{""type"":""MultiPoint"",""coordinates"":[]}",-10.11000223744892,-16.063354980941504,-12.541828250308832,-19.780004080117216
1_1_1_1_1_1_2_305_0_1_1_1_1_1_1_2_305_0,0.3171,0.3545,0.2309,0.2815,0.0759,0.0772,0.1098,0.1112,0.1694,0.1615,0.3112,0.2687,4,4,-0.48559383,-0.52243936,0.009390418,0.1376765,0.29504785,0.24918643,-0.4783848,-0.4145828,27.09170674882597,75.99760778380414,2805.0,Jaipur,6,"{""type"":""MultiPoint"",""coordinates"":[]}",-11.018412889058522,-16.60094922878109,-11.75190708072213,-17.034074181700053
1_1_1_1_1_1_2_306_0_1_1_1_1_1_1_2_306_0,0.3354,0.1879,0.3044,0.12025,0.0672,0.04365,0.1068,0.0762,0.1442,0.0732,0.289,0.3262,4,4,-0.5169607,-0.42294586,0.07431134,-0.26901382,0.3342567,0.63345015,-0.4603335,-0.6212724,27.042389239727807,75.6673870853618,2806.0,Jaipur,6,"{""type"":""MultiPoint"",""coordinates"":[]}",-11.790717236443435,-16.911599660128672,-11.684962589890276,-19.024698720765727
1_1_1_1_1_1_2_307_0_1_1_1_1_1_1_2_307_0,0.2555,0.27835,0.2148,0.2414,0.0751,0.10125,0.1028,0.1277,0.1306,0.15135,0.2619,0.25545,6,6,-0.42617917,-0.37101343,-0.01236954,0.042899963,0.3345223,0.2558997,-0.43624896,-0.33342034,27.077962524978943,75.98197709786045,2807.0,Jaipur,6,"{""type"":""MultiPoint"",""coordinates"":[]}",-7.646479007500557,-14.159214194960308,-8.390812748583008,-15.96750326331929
1_1_1_1_1_1_2_308_0_1_1_1_1_1_1_2_308_0,0.3563,0.3231,0.3047,0.2858,0.0932,0.1306,0.1278,0.1437,0.1848,0.1689,0.2835,0.2202,6,6,-0.47200993,-0.38431877,0.11378556,0.18939812,0.21076234,0.13184272,-0.3785558,-0.21022259,26.763282680951875,75.8094107317811,2808.0,Jaipur,6,"{""type"":""MultiPoint"",""coordinates"":[]}",-11.333915826642132,-17.460756743565515,-0.782298716039183,-13.9926318712637
1_1_1_1_1_1_2_309_0_1_1_1_1_1_1_2_309_0,0.2582,0.2551,0.2037,0.1911,0.0516,0.0417,0.0764,0.06825,0.0764,0.07115,0.3156,0.24935,4,4,-0.5433353,-0.57785684,-0.100034855,0.011398553,0.6102041,0.55600625,-0.6102041,-0.5702141,26.904228349030227,75.93840880658065,2809.0,Jaipur,6,"{""type"":""MultiPoint"",""coordinates"":[]}",-9.090741600240241,-15.825357109891902,-10.926888637022124,-16.061485085165828
1_1_1_1_1_1_2_310_0_1_1_1_1_1_1_2_310_0,0.2404,0.22645,0.1683,0.15765,0.0624,0.04335,0.0742,0.05195,0.0969,0.0759,0.1752,0.17695,1,1,-0.5282899,-0.62679595,0.15688162,0.12270699,0.28776187,0.39964405,-0.40497193,-0.54609,26.96998502782777,75.83447372820802,2810.0,Jaipur,6,"{""type"":""MultiPoint"",""coordinates"":[]}",-10.217129976607549,-15.834025350976871,-8.929299782866213,-14.128083250027192
1_1_1_1_1_1_2_311_0_1_1_1_1_1_1_2_311_0,0.3585,0.27835,0.3096,0.234,0.1068,0.1227,0.156,0.1587,0.2188,0.18005,0.3051,0.25485,6,6,-0.393586,-0.2737673,0.08047016,0.04407352,0.1647261,0.17199357,-0.3233572,-0.2324991,26.879884004830583,75.95933955270064,2811.0,Jaipur,6,"{""type"":""MultiPoint"",""coordinates"":[]}",-6.561019475344546,-19.081892106671216,-8.311278914973585,-16.656378892720912
1_1_1_1_1_1_2_312_0_1_1_1_1_1_1_2_312_0,0.2192,0.2749,0.1731,0.2394,0.055,0.09315,0.0814,0.1114,0.0956,0.13265,0.2344,0.21205,6,6,-0.4584165,-0.42324618,-0.0335097,0.12906869,0.42060605,0.23034523,-0.48448384,-0.3111764,27.081645617643836,75.84642132148682,2812.0,Jaipur,6,"{""type"":""MultiPoint"",""coordinates"":[]}",-5.1626862209024535,-16.08858023455761,-7.604607466407969,-15.431380575978146
1_1_1_1_1_1_2_313_0_1_1_1_1_1_1_2_313_0,0.3841,0.4351,0.3214,0.41185,0.1002,0.1021,0.1416,0.1674,0.2095,0.2498,0.3034,0.3429,4,4,-0.4612897,-0.44431534,0.11738182,0.118508995,0.18307662,0.15707777,-0.36359552,-0.34391534,26.81879856551046,75.96958034693961,2813.0,Jaipur,6,"{""type"":""MultiPoint"",""coordinates"":[]}",-12.346858314094353,-19.898964870504784,-13.605045635998609,-20.818678889813693
1_1_1_1_1_1_2_314_0_1_1_1_1_1_1_2_314_0,0.2395,0.2076,0.17315,0.1492,0.04495,0.0372,0.0614,0.0478,0.09175,0.0696,0.1847,0.1554,5,5,-0.591891,-0.6256852,0.12918435,0.14380166,0.33622718,0.38133332,-0.50101584,-0.52952754,26.9784291914985,76.04135573814075,2814.0,Jaipur,6,"{""type"":""MultiPoint"",""coordinates"":[]}",-6.292526017962128,-12.39101244689838,-8.507007044233433,-12.820734961176491
1_1_1_1_1_1_2_315_0_1_1_1_1_1_1_2_315_0,0.2064,0.2924,0.1354,0.25565,0.041,0.05365,0.0657,0.0869,0.0667,0.12265,0.2977,0.2616,4,6,-0.5170893,-0.5417875,-0.18111485,0.055595666,0.63391876,0.36161354,-0.638415,-0.5012913,26.827242729181183,75.6898449674648,2815.0,Jaipur,6,"{""type"":""MultiPoint"",""coordinates"":[]}",-10.50911414674575,-16.612203815983488,-10.086448221752855,-16.983244369468515
1_1_1_1_1_1_2_316_0_1_1_1_1_1_1_2_316_0,0.3274,0.32915,0.2787,0.27715,0.1136,0.0775,0.1582,0.1079,0.1952,0.1373,0.332,0.2563,4,4,-0.34843493,-0.506235,-0.0069760387,0.124434195,0.25948405,0.3023374,-0.35454917,-0.40746844,27.01121769936886,75.67178883025399,2816.0,Jaipur,6,"{""type"":""MultiPoint"",""coordinates"":[]}",-13.864177137704793,-20.066273957187597,-13.405466923369138,-19.968690494009426
1_1_1_1_1_1_2_317_0_1_1_1_1_1_1_2_317_0,0.3877,0.1539,0.3424,0.08065,0.103,0.0229,0.1522,0.0545,0.2193,0.029,0.3132,0.4112,4,4,-0.4361919,-0.47696736,0.10629191,-0.45531765,0.17633803,0.8682417,-0.34593898,-0.76594377,26.811522211709093,75.98808564179247,2817.0,Jaipur,6,"{""type"":""MultiPoint"",""coordinates"":[]}",-14.193559232774241,-20.63612501766938,-14.000156051563074,-21.081836479165922
1_1_1_1_1_1_2_318_0_1_1_1_1_1_1_2_318_0,0.2121,0.1901,0.1526,0.1219,0.03455,0.019,0.0556,0.0459,0.05065,0.0232,0.29745,0.4476,4,4,-0.5846096,-0.6110169,-0.16750073,-0.40379488,0.70899165,0.9014444,-0.68503046,-0.8139818,27.027477206011422,76.02087414966283,2818.0,Jaipur,6,"{""type"":""MultiPoint"",""coordinates"":[]}",-10.08525513646393,-16.019041883757325,-11.433380188022646,-18.69477748978698
1_1_1_1_1_1_2_319_0_1_1_1_1_1_1_2_319_0,0.3887,0.377,0.3396,0.3454,0.0986,0.0909,0.145,0.1297,0.2132,0.1836,0.3153,0.264,4,5,-0.45662358,-0.48806,0.10426136,0.17628706,0.19318826,0.17962466,-0.3699761,-0.3411227,26.869643210591622,75.71293167026666,2819.0,Jaipur,6,"{""type"":""MultiPoint"",""coordinates"":[]}",-17.13538696657565,-24.28321477640629,-16.07572454606275,-22.497912858090935
1_1_1_1_1_1_2_320_0_1_1_1_1_1_1_2_320_0,0.29215,0.30575,0.22195,0.244,0.0617,0.04625,0.098,0.0804,0.1229,0.0971,0.26015,0.2761,5,5,-0.4976291,-0.5835815,0.057939526,0.05095815,0.35830832,0.4796356,-0.45274326,-0.5489481,26.979507169839444,75.99338570196878,2820.0,Jaipur,6,"{""type"":""MultiPoint"",""coordinates"":[]}",-10.213148192041931,-16.865473243559734,-11.50923855973131,-17.661731166811446
1_1_1_1_1_1_2_321_0_1_1_1_1_1_1_2_321_0,0.23,0.35235,0.1771,0.3263,0.0878,0.09415,0.117,0.1301,0.1521,0.16385,0.2806,0.2416,6,6,-0.32564843,-0.4606695,-0.0990991,0.1864635,0.29697248,0.19176224,-0.4114688,-0.2999731,26.95992389664564,75.6178000816784,2821.0,Jaipur,6,"{""type"":""MultiPoint"",""coordinates"":[]}",-12.574688655683651,-18.622552484634618,-11.824335828674709,-18.747973265521082
1_1_1_1_1_1_2_322_0_1_1_1_1_1_1_2_322_0,0.3043,0.3156,0.2438,0.25765,0.0939,0.07315,0.1316,0.1048,0.175,0.13255,0.2859,0.24815,4,4,-0.39619178,-0.50142723,0.031175872,0.11964523,0.24061619,0.30365115,-0.36958084,-0.40614817,26.7612165557984,75.8906184334655,2822.0,Jaipur,6,"{""type"":""MultiPoint"",""coordinates"":[]}",-12.67722911203097,-19.50690491509073,-11.489405670554225,-15.694344192071982
1_1_1_1_1_1_2_323_0_1_1_1_1_1_1_2_323_0,0.2978,0.31085,0.2373,0.2647,0.0771,0.0838,0.1196,0.1245,0.1271,0.15705,0.3529,0.2977,6,6,-0.4269286,-0.4280464,-0.08467804,0.021608742,0.47041667,0.30929083,-0.49375662,-0.41023213,26.932525280479997,75.72416061131815,2823.0,Jaipur,6,"{""type"":""MultiPoint"",""coordinates"":[]}",-11.382035071835022,-17.910930508117243,-10.155412212079948,-17.093890113283244
1_1_1_1_1_1_2_324_0_1_1_1_1_1_1_2_324_0,0.2197,0.25075,0.1631,0.1962,0.0394,0.0399,0.0727,0.0688,0.0889,0.0797,0.3056,0.31475,1,4,-0.502736,-0.56939447,-0.16352561,-0.113174185,0.54930294,0.595893,-0.615649,-0.64124626,27.05595380051801,75.81677691711087,2824.0,Jaipur,6,"{""type"":""MultiPoint"",""coordinates"":[]}",-11.883348563876762,-18.58738093832524,-12.569697074828628,-18.717289857517045
1_1_1_1_1_1_2_325_0_1_1_1_1_1_1_2_325_0,0.33575,0.3285,0.28535,0.27715,0.0774,0.0773,0.1145,0.1045,0.1645,0.1398,0.2697,0.21765,6,6,-0.49139366,-0.517321,0.10909241,0.20296621,0.24228466,0.2177927,-0.40395626,-0.3512339,27.012295677709805,75.93239009417705,2825.0,Jaipur,6,"{""type"":""MultiPoint"",""coordinates"":[]}",-9.896611176971108,-17.834355780227177,-10.074609877164733,-16.32009969612091
1_1_1_1_1_1_2_326_0_1_1_1_1_1_1_2_326_0,0.3351,0.3091,0.2722,0.2614,0.1072,0.0669,0.1508,0.09245,0.2126,0.13445,0.312,0.194,5,5,-0.37929615,-0.53953433,0.03569773,0.22878155,0.1894777,0.18130614,-0.3483146,-0.35451213,27.07850151414941,75.81102769929251,2826.0,Jaipur,6,"{""type"":""MultiPoint"",""coordinates"":[]}",-15.121513892259863,-19.85975794148748,-14.16487774465665,-19.540886907100628
1_1_1_1_1_1_2_327_0_1_1_1_1_1_1_2_327_0,0.187,0.1964,0.1094,0.13025,0.0374,0.04875,0.0722,0.0834,0.0552,0.0702,0.378,0.2819,4,6,-0.44290122,-0.4038599,-0.3380531,-0.1787581,0.74515235,0.60124964,-0.67925364,-0.543389,26.7732539806056,75.88576753093126,2827.0,Jaipur,6,"{""type"":""MultiPoint"",""coordinates"":[]}",-7.980070678672215,-16.6261205505153,-10.471325389154927,-17.662954701092623
1_1_1_1_1_1_2_328_0_1_1_1_1_1_1_2_328_0,0.31845,0.2365,0.2484,0.1786,0.0657,0.0382,0.09115,0.048,0.13895,0.0736,0.2377,0.1794,5,5,-0.55493164,-0.6625659,0.14519463,0.13729262,0.26217973,0.4181818,-0.4456439,-0.5778364,26.99504802425471,76.0672272183234,2828.0,Jaipur,6,"{""type"":""MultiPoint"",""coordinates"":[]}",-9.450323258083909,-14.331506730654134,-8.058540573584683,-13.543594149593158
1_1_1_1_1_1_2_329_0_1_1_1_1_1_1_2_329_0,0.2491,0.26455,0.1757,0.20465,0.0502,0.04345,0.0774,0.065,0.0961,0.0899,0.2472,0.19675,5,5,-0.5258806,-0.6055227,0.0038283297,0.14697593,0.44013983,0.37275422,-0.5231054,-0.50334287,27.04032311457433,75.7704238484503,2829.0,Jaipur,6,"{""type"":""MultiPoint"",""coordinates"":[]}",-10.506802095489984,-15.876703280761491,-10.35604839150084,-15.499790521468773
1_1_1_1_1_1_2_330_0_1_1_1_1_1_1_2_330_0,0.3195,0.3033,0.2484,0.2343,0.0896,0.0753,0.13,0.1058,0.1859,0.1445,0.2894,0.23715,4,4,-0.42157954,-0.48276705,0.049433403,0.122398004,0.21775721,0.24276169,-0.38006675,-0.38300043,26.81691210341381,75.98619917969582,2830.0,Jaipur,6,"{""type"":""MultiPoint"",""coordinates"":[]}",-13.954550102865824,-21.4169887937147,-14.072223695302547,-20.51943750287496
1_1_1_1_1_1_2_331_0_1_1_1_1_1_1_2_331_0,0.3849,0.34815,0.3486,0.30535,0.0874,0.06415,0.1322,0.1063,0.2043,0.1696,0.2922,0.25915,4,4,-0.48868692,-0.53218174,0.1369074,0.1465503,0.17703928,0.20886298,-0.37700284,-0.41825148,26.90755211558147,75.99751795227573,2831.0,Jaipur,6,"{""type"":""MultiPoint"",""coordinates"":[]}",-13.48745797355007,-21.99990101727571,-12.536118699414846,-22.89519164321465
1_1_1_1_1_1_2_332_0_1_1_1_1_1_1_2_332_0,0.3656,0.2805,0.327,0.21835,0.1028,0.0674,0.1356,0.0937,0.1904,0.1044,0.2752,0.2918,6,6,-0.45889863,-0.4991983,0.14107366,-0.01974489,0.18213059,0.47299343,-0.33982474,-0.5138781,26.82562576166977,75.60621181451326,2832.0,Jaipur,6,"{""type"":""MultiPoint"",""coordinates"":[]}",-12.13181116393548,-17.97532761336597,-11.184900601529627,-18.17779162492849
1_1_1_1_1_1_2_333_0_1_1_1_1_1_1_2_333_0,0.28175,0.2444,0.2245,0.1912,0.0766,0.0548,0.1053,0.08,0.1468,0.1022,0.23575,0.1899,5,5,-0.45588425,-0.50678176,0.08888889,0.1254893,0.23251863,0.30023965,-0.38249522,-0.40718785,27.00654645989144,76.04997956486831,2833.0,Jaipur,6,"{""type"":""MultiPoint"",""coordinates"":[]}",-7.688325332040407,-14.103478694564675,-8.7235240777072,-14.267153900975181
1_1_1_1_1_1_2_334_0_1_1_1_1_1_1_2_334_0,0.2372,0.17495,0.1725,0.10545,0.0424,0.02215,0.0882,0.04775,0.0847,0.02885,0.3688,0.3984,4,4,-0.45789796,-0.571172,-0.21716172,-0.38972706,0.62646085,0.86495024,-0.6140044,-0.7859464,26.96881721795842,75.60189990114948,2834.0,Jaipur,6,"{""type"":""MultiPoint"",""coordinates"":[]}",-13.172285937310662,-18.882591113272206,-12.792280148778946,-19.698938653717054
1_1_1_1_1_1_2_335_0_1_1_1_1_1_1_2_335_0,0.3463,0.36165,0.3047,0.336,0.0912,0.0755,0.134,0.1184,0.1922,0.173,0.3012,0.2597,4,4,-0.4420154,-0.50671804,0.06965251,0.16407822,0.22091609,0.20036978,-0.3841912,-0.37371066,27.08119646000177,75.94829027470597,2835.0,Jaipur,6,"{""type"":""MultiPoint"",""coordinates"":[]}",-12.05291715605296,-20.039831935397263,-11.45871600869178,-18.974705708697623
1_1_1_1_1_1_2_336_0_1_1_1_1_1_1_2_336_0,0.2805,0.30605,0.2044,0.2548,0.0624,0.0537,0.0902,0.0808,0.1244,0.11565,0.2468,0.19795,1,1,-0.5133531,-0.58226705,0.063910484,0.21448413,0.3297414,0.2624362,-0.46468842,-0.42026907,27.082813427513187,75.8996015863067,2836.0,Jaipur,6,"{""type"":""MultiPoint"",""coordinates"":[]}",-10.06713387564967,-16.521857832785066,-11.186620366108919,-16.428520521790254
1_1_1_1_1_1_2_337_0_1_1_1_1_1_1_2_337_0,0.25,0.2025,0.18185,0.1405,0.04865,0.03975,0.08635,0.0748,0.0968,0.0654,0.3712,0.36645,4,6,-0.48654675,-0.46051207,-0.19510625,-0.2881624,0.5863248,0.69711703,-0.6225549,-0.6609632,27.02963316269331,75.71760290974409,2837.0,Jaipur,6,"{""type"":""MultiPoint"",""coordinates"":[]}",-12.874527430696727,-17.87263369677453,-13.26072141641774,-19.83688145363388
1_1_1_1_1_1_2_338_0_1_1_1_1_1_1_2_338_0,0.3438,0.26485,0.3117,0.23125,0.1018,0.0619,0.1462,0.085,0.188,0.11755,0.3081,0.21005,6,6,-0.4032653,-0.5140775,0.054763,0.115392715,0.24208829,0.28235653,-0.35637245,-0.42382646,26.880153499415822,75.7613508640807,2838.0,Jaipur,6,"{""type"":""MultiPoint"",""coordinates"":[]}",-10.27025163281829,-17.74358955786297,-10.293646283151778,-16.46546491629598
1_1_1_1_1_1_2_339_0_1_1_1_1_1_1_2_339_0,0.2352,0.30895,0.1629,0.2573,0.0613,0.06165,0.0782,0.08285,0.0878,0.1143,0.249,0.19,4,4,-0.50095725,-0.57708013,-0.02850062,0.23840064,0.47862232,0.24876766,-0.5220049,-0.3927066,26.923452296110383,75.9613158463257,2839.0,Jaipur,6,"{""type"":""MultiPoint"",""coordinates"":[]}",-11.358314141565408,-17.84073670826481,-13.226718359538264,-18.782875770670397
1_1_1_1_1_1_2_340_0_1_1_1_1_1_1_2_340_0,0.3353,0.2907,0.2634,0.2344,0.0912,0.0538,0.1208,0.0809,0.1632,0.0975,0.2378,0.17545,4,5,-0.4702916,-0.56458557,0.17012738,0.24723801,0.18603492,0.28558344,-0.32626882,-0.36883166,26.818439239396813,75.90723726622171,2840.0,Jaipur,6,"{""type"":""MultiPoint"",""coordinates"":[]}",-9.693071423943854,-17.66539996891228,-10.290107040504573,-15.45009243480419
1_1_1_1_1_1_2_341_0_1_1_1_1_1_1_2_341_0,0.1914,0.2147,0.1326,0.159,0.0455,0.03855,0.0659,0.0554,0.072,0.06735,0.2046,0.1859,1,1,-0.48775747,-0.5897816,-0.033333335,0.071892165,0.47939262,0.46811453,-0.51275414,-0.54082054,27.03646035885262,75.84291789187876,2841.0,Jaipur,6,"{""type"":""MultiPoint"",""coordinates"":[]}",-8.368001789905323,-12.44935271632767,-8.884590924983028,-13.38542984324435
1_1_1_1_1_1_2_342_0_1_1_1_1_1_1_2_342_0,0.16555,0.1782,0.1004,0.1097,0.02765,0.0368,0.0458,0.0597,0.0347,0.0486,0.26935,0.3476,4,4,-0.5665957,-0.49810845,-0.23867556,-0.32217574,0.77174807,0.75466937,-0.70934474,-0.70685,26.80873743432832,76.03129460695861,2842.0,Jaipur,6,"{""type"":""MultiPoint"",""coordinates"":[]}",-12.69644009442544,-20.573465238269257,-13.684386304450488,-20.923928035108315
1_1_1_1_1_1_2_343_0_1_1_1_1_1_1_2_343_0,0.1855,0.1808,0.11585,0.1016,0.0392,0.0304,0.07205,0.0662,0.05945,0.0429,0.33955,0.4197,4,4,-0.44049698,-0.46396762,-0.29340062,-0.39783514,0.702005,0.8145266,-0.6499028,-0.72751594,27.081016796944947,76.0619271581471,2843.0,Jaipur,6,"{""type"":""MultiPoint"",""coordinates"":[]}",-13.173146932771886,-20.081166229252766,-12.00342096900798,-17.750192476912833
1_1_1_1_1_1_2_344_0_1_1_1_1_1_1_2_344_0,0.24985,0.1869,0.1973,0.1187,0.0422,0.0421,0.0723,0.0739,0.0854,0.0615,0.311,0.3264,4,4,-0.5511408,-0.4332822,-0.10903093,-0.2717709,0.5691221,0.68290794,-0.6227498,-0.63077694,27.01849405317023,76.08258840968185,2844.0,Jaipur,6,"{""type"":""MultiPoint"",""coordinates"":[]}",-10.68624621055221,-17.44166429290035,-10.105128646219722,-17.147032467603523
1_1_1_1_1_1_2_345_0_1_1_1_1_1_1_2_345_0,0.3861,0.36405,0.3081,0.3333,0.113,0.0789,0.1554,0.1117,0.2158,0.14695,0.3117,0.23575,4,4,-0.42603877,-0.53042567,0.10662081,0.21390463,0.18180095,0.23203553,-0.33461785,-0.3570298,26.786908372924216,75.61447631512716,2845.0,Jaipur,6,"{""type"":""MultiPoint"",""coordinates"":[]}",-12.17342738182637,-19.706191903205475,-14.005713549363835,-19.416246242349075
1_1_1_1_1_1_2_346_0_1_1_1_1_1_1_2_346_0,0.2243,0.25805,0.1948,0.2314,0.187,0.1749,0.2036,0.21185,0.2136,0.2279,0.2392,0.24995,6,6,-0.04837579,-0.09831879,-0.03214671,0.015944881,0.056537103,0.046144187,-0.08039747,-0.08250325,26.89919778343916,75.77814935989373,2846.0,Jaipur,6,"{""type"":""MultiPoint"",""coordinates"":[]}",-4.581548121607316,-9.36452276972876,-4.28429473192787,-11.322084681033209
1_1_1_1_1_1_2_347_0_1_1_1_1_1_1_2_347_0,0.1649,0.1908,0.0992,0.131,0.0447,0.0472,0.0672,0.0732,0.0594,0.07665,0.3169,0.25615,4,4,-0.42093924,-0.44545454,-0.3154836,-0.14621322,0.68429446,0.53936297,-0.6500911,-0.5554881,26.85149724185241,75.9215204792392,2847.0,Jaipur,6,"{""type"":""MultiPoint"",""coordinates"":[]}",-10.216252773681598,-16.49759833794618,-11.664426637038382,-17.498258036823064
1_1_1_1_1_1_2_348_0_1_1_1_1_1_1_2_348_0,0.3327,0.2889,0.2383,0.2104,0.0625,0.0427,0.078,0.0588,0.1098,0.084,0.2236,0.20125,1,1,-0.6201607,-0.6617774,0.1961172,0.17882282,0.34133172,0.41104296,-0.4827586,-0.54777926,27.08991011825773,75.91442378849467,2848.0,Jaipur,6,"{""type"":""MultiPoint"",""coordinates"":[]}",-12.810639849754349,-17.387883009238827,-9.658522995040176,-14.691001203062882
1_1_1_1_1_1_2_349_0_1_1_1_1_1_1_2_349_0,0.3529,0.37985,0.272,0.3474,0.0944,0.0843,0.1346,0.1191,0.1947,0.1713,0.3265,0.2391,6,6,-0.44779488,-0.52259743,0.038857814,0.22740124,0.25287798,0.16520467,-0.4161787,-0.33500838,26.946179672798607,75.6584039325206,2849.0,Jaipur,6,"{""type"":""MultiPoint"",""coordinates"":[]}",-13.414487703128144,-18.55820250481657,-16.02593466250068,-22.195275150595858
1_1_1_1_1_1_2_350_0_1_1_1_1_1_1_2_350_0,0.4,0.29735,0.3789,0.2498,0.0958,0.06355,0.1438,0.0898,0.2182,0.1281,0.3078,0.23885,4,6,-0.4711291,-0.5360971,0.13026279,0.10910108,0.1703422,0.30181223,-0.36315322,-0.453522,26.8574261227276,75.72191482310785,2850.0,Jaipur,6,"{""type"":""MultiPoint"",""coordinates"":[]}",-15.781490524137691,-20.60709070155431,-10.833595383920764,-18.014278806612538
1_1_1_1_1_1_2_351_0_1_1_1_1_1_1_2_351_0,0.3502,0.29965,0.3283,0.2811,0.1104,0.1235,0.1596,0.1675,0.2244,0.1946,0.2988,0.25435,6,6,-0.3738721,-0.28288558,0.07919877,0.08176895,0.14220184,0.13308832,-0.30366492,-0.20587887,26.901982560819928,75.6831974343623,2851.0,Jaipur,6,"{""type"":""MultiPoint"",""coordinates"":[]}",-11.67078297082979,-16.128203575042924,-9.136405888054492,-16.26487589163385
1_1_1_1_1_1_2_352_0_1_1_1_1_1_1_2_352_0,0.351,0.3411,0.28535,0.3037,0.0987,0.0804,0.1414,0.126,0.19965,0.1744,0.31065,0.2929,6,4,-0.42567018,-0.46050096,0.060983904,0.07602524,0.2175191,0.2535844,-0.37440547,-0.39842445,26.85931258482425,76.04378118940788,2852.0,Jaipur,6,"{""type"":""MultiPoint"",""coordinates"":[]}",-13.461975977789827,-19.5332482468249,-12.79239616523597,-17.78730796612981
1_1_1_1_1_1_2_353_0_1_1_1_1_1_1_2_353_0,0.2208,0.236,0.1612,0.18505,0.0606,0.0624,0.0975,0.09265,0.111,0.1105,0.3124,0.2447,4,4,-0.3873704,-0.4361783,-0.17179295,-0.018098606,0.4756731,0.3778153,-0.52427423,-0.45071885,27.0806574708313,75.92852733845534,2853.0,Jaipur,6,"{""type"":""MultiPoint"",""coordinates"":[]}",-10.32126159516137,-16.289608486938455,-11.771513948111274,-17.61981662404959
1_1_1_1_1_1_2_354_0_1_1_1_1_1_1_2_354_0,0.2287,0.30725,0.1642,0.27435,0.0424,0.1576,0.0656,0.163,0.0704,0.17125,0.3397,0.2254,6,6,-0.5541964,-0.30675173,-0.195285,0.15366563,0.6566691,0.13651834,-0.67628914,-0.16065912,27.001875220414018,75.70529599035164,2854.0,Jaipur,6,"{""type"":""MultiPoint"",""coordinates"":[]}",-10.812122101447624,-16.30703724605129,-7.12636805429269,-13.580284743436353
1_1_1_1_1_1_2_355_0_1_1_1_1_1_1_2_355_0,0.226,0.24745,0.1908,0.2265,0.1222,0.117,0.1438,0.1543,0.1682,0.18605,0.2222,0.2381,6,6,-0.22228232,-0.23186061,0.008478357,0.019256514,0.13831967,0.12271602,-0.21420765,-0.2135576,26.886351874876247,75.7606322118534,2855.0,Jaipur,6,"{""type"":""MultiPoint"",""coordinates"":[]}",-6.225258911519967,-14.296725674341467,-7.789336073460513,-13.523292330103692
1_1_1_1_1_1_2_356_0_1_1_1_1_1_1_2_356_0,0.30065,0.2876,0.25275,0.2415,0.08545,0.0808,0.1133,0.1082,0.14915,0.1364,0.2194,0.2056,5,5,-0.45259088,-0.45325923,0.15623498,0.16626115,0.19061185,0.20233919,-0.31890592,-0.31038877,26.974207109663137,76.04512866233406,2856.0,Jaipur,6,"{""type"":""MultiPoint"",""coordinates"":[]}",-2.661604833108727,-7.62746354451799,-5.155162717220582,-9.314513656585984
1_1_1_1_1_1_2_357_0_1_1_1_1_1_1_2_357_0,0.1724,0.1818,0.10425,0.1106,0.0442,0.026,0.0697,0.0492,0.05755,0.042,0.30045,0.2917,4,4,-0.4242049,-0.574026,-0.2708047,-0.23210137,0.6784916,0.7482769,-0.6233959,-0.7113523,26.82948851739148,76.02949797639037,2857.0,Jaipur,6,"{""type"":""MultiPoint"",""coordinates"":[]}",-11.257379933381838,-17.998580050499385,-11.651639088120685,-18.27450928956784
1_1_1_1_1_1_2_358_0_1_1_1_1_1_1_2_358_0,0.4017,0.3397,0.3523,0.2825,0.0792,0.0575,0.128,0.0799,0.2108,0.1145,0.3064,0.2145,5,5,-0.5167076,-0.6191611,0.13458551,0.22591123,0.18484145,0.30395138,-0.4106814,-0.4572011,27.036550190381032,75.92430525661999,2858.0,Jaipur,6,"{""type"":""MultiPoint"",""coordinates"":[]}",-15.686410053208123,-23.693742596206263,-13.336708062245354,-17.841244530934752
1_1_1_1_1_1_2_359_0_1_1_1_1_1_1_2_359_0,0.2939,0.2882,0.2158,0.2356,0.0718,0.05875,0.0916,0.08845,0.1158,0.11815,0.238,0.20305,5,5,-0.524773,-0.5303332,0.10509494,0.17333333,0.34539288,0.2643213,-0.44417477,-0.39313895,26.810713727953384,75.9417325731319,2859.0,Jaipur,6,"{""type"":""MultiPoint"",""coordinates"":[]}",-12.653973770150342,-18.375394802746435,-13.604374061816195,-19.928921252564873
1_1_1_1_1_1_2_360_0_1_1_1_1_1_1_2_360_0,0.3463,0.35095,0.2786,0.3245,0.0926,0.2409,0.1362,0.2715,0.1834,0.303,0.2785,0.336,4,6,-0.43544042,-0.12764077,0.108514726,0.021762865,0.20588872,0.051643193,-0.34313962,-0.10617284,26.95615097245233,75.89457102071563,2860.0,Jaipur,6,"{""type"":""MultiPoint"",""coordinates"":[]}",-13.603819727433773,-20.58394666447012,-8.116409403658585,-16.201114040612726
1_1_1_1_1_1_2_361_0_1_1_1_1_1_1_2_361_0,0.3962,0.39405,0.358,0.3718,0.1368,0.1722,0.1892,0.23245,0.2489,0.2915,0.3164,0.3556,6,6,-0.35360438,-0.25794095,0.11198428,0.0512906,0.11940563,0.09905733,-0.25158226,-0.20942096,26.820325701493463,75.89376253695991,2861.0,Jaipur,6,"{""type"":""MultiPoint"",""coordinates"":[]}",-14.542928634446373,-22.312961006023187,-12.835282147635802,-20.040867125330536
1_1_1_1_1_1_2_362_0_1_1_1_1_1_1_2_362_0,0.3017,0.30125,0.1862,0.21375,0.054,0.0535,0.091,0.0844,0.0882,0.0959,0.3664,0.2898,6,6,-0.5365419,-0.5622974,-0.09684179,0.019372303,0.61196655,0.5027223,-0.6020988,-0.5489043,27.061523355279554,75.76332715770576,2862.0,Jaipur,6,"{""type"":""MultiPoint"",""coordinates"":[]}",-14.974622201852922,-22.04767696701494,-12.942833595914621,-20.23913371361339
1_1_1_1_1_1_2_363_0_1_1_1_1_1_1_2_363_0,0.521,0.5317,0.37955,0.3808,0.1596,0.1636,0.2203,0.2236,0.3104,0.31615,0.36525,0.37515,5,5,-0.40563875,-0.40791738,0.17574048,0.17263053,0.08118109,0.085346445,-0.24754505,-0.25311065,27.02406360793177,75.91325597862532,2863.0,Jaipur,6,"{""type"":""MultiPoint"",""coordinates"":[]}",-12.222211501921233,-18.078963286900905,0.45597801730296683,-7.498422738083105
1_1_1_1_1_1_2_364_0_1_1_1_1_1_1_2_364_0,0.2915,0.3087,0.2553,0.2697,0.093,0.09645,0.123,0.1279,0.1536,0.1587,0.2451,0.22275,6,6,-0.40651387,-0.41410902,0.086470366,0.16172735,0.22949587,0.16791192,-0.33170334,-0.27049765,26.96297816861164,75.93517487155783,2864.0,Jaipur,6,"{""type"":""MultiPoint"",""coordinates"":[]}",-10.462361636560361,-18.380555686480676,-10.38732803071415,-16.03127052340587
1_1_1_1_1_1_2_365_0_1_1_1_1_1_1_2_365_0,0.2045,0.16725,0.1218,0.09975,0.0384,0.02835,0.0621,0.0578,0.0498,0.0463,0.3435,0.31815,4,4,-0.53413355,-0.48633638,-0.25364962,-0.31087762,0.7467582,0.7459185,-0.693787,-0.6925123,26.78933382419134,75.96365146606442,2865.0,Jaipur,6,"{""type"":""MultiPoint"",""coordinates"":[]}",-13.605757024232961,-20.208089253748327,-13.508002270356318,-19.465368954596222
1_1_1_1_1_1_2_366_0_1_1_1_1_1_1_2_366_0,0.3348,0.3563,0.3406,0.3332,0.1654,0.1817,0.2008,0.2657,0.2348,0.36285,0.2698,0.4066,6,6,-0.2501867,-0.14565916,0.1075091,-0.065932624,0.06936187,0.056858797,-0.14662133,-0.20957905,26.86263635137549,75.80366151396274,2866.0,Jaipur,6,"{""type"":""MultiPoint"",""coordinates"":[]}",-1.045872280325805,-13.096563337509256,-2.9016807015017814,-11.889624591289092
1_1_1_1_1_1_2_367_0_1_1_1_1_1_1_2_367_0,0.2693,0.3221,0.2112,0.2726,0.0823,0.0833,0.1153,0.118,0.1576,0.1614,0.25795,0.2661,6,6,-0.40041602,-0.46375823,0.02152679,0.09520571,0.24148719,0.24491228,-0.38218352,-0.38557667,26.84502937180675,76.06659839762452,2867.0,Jaipur,6,"{""type"":""MultiPoint"",""coordinates"":[]}",-11.959527872566888,-17.02239757997653,-12.026626689403248,-17.9040204115384
1_1_1_1_1_1_2_368_0_1_1_1_1_1_1_2_368_0,0.2874,0.1826,0.2567,0.11575,0.0561,0.02385,0.0924,0.04955,0.142,0.0359,0.34,0.4283,6,6,-0.5134281,-0.57312083,-0.08383806,-0.4021935,0.4107884,0.8453253,-0.57261795,-0.79261273,26.986064871413515,75.69532469069792,2868.0,Jaipur,6,"{""type"":""MultiPoint"",""coordinates"":[]}",-10.956282049816455,-18.824098440673993,-13.345109758538399,-20.50712678333133
1_1_1_1_1_1_2_369_0_1_1_1_1_1_1_2_369_0,0.2284,0.1861,0.15295,0.131,0.04325,0.0238,0.06915,0.048,0.0638,0.0403,0.2915,0.2524,4,1,-0.5352042,-0.58991885,-0.121369496,-0.15119727,0.6408669,0.72463274,-0.6165257,-0.6804261,26.866948264739268,76.04530832539088,2869.0,Jaipur,6,"{""type"":""MultiPoint"",""coordinates"":[]}",-11.553215134146768,-18.304579867779193,-9.852731008231084,-16.67617439614347
1_1_1_1_1_1_2_370_0_1_1_1_1_1_1_2_370_0,0.367,0.1793,0.3202,0.1122,0.0876,0.0293,0.1346,0.06945,0.1946,0.0569,0.3172,0.35135,4,4,-0.4633174,-0.44160804,0.072785735,-0.324225,0.2395467,0.7212492,-0.40416113,-0.6699144,27.09260506411009,75.69712132126615,2870.0,Jaipur,6,"{""type"":""MultiPoint"",""coordinates"":[]}",-13.494111762000534,-22.066203502330712,-14.717797065366538,-21.40849417087186
1_1_1_1_1_1_2_371_0_1_1_1_1_1_1_2_371_0,0.35155,0.3593,0.267,0.30415,0.0661,0.059,0.099,0.0908,0.1432,0.1311,0.26665,0.22285,4,5,-0.5605371,-0.59653413,0.1373342,0.23438977,0.30120775,0.2592174,-0.45849857,-0.42101067,26.98956830102158,75.99006193541753,2871.0,Jaipur,6,"{""type"":""MultiPoint"",""coordinates"":[]}",-14.6853269049943,-19.2446390221048,-13.774833821549556,-19.430584569102102
1_1_1_1_1_1_2_372_0_1_1_1_1_1_1_2_372_0,0.3299,0.3724,0.2539,0.33615,0.0892,0.08605,0.1188,0.1243,0.1768,0.18015,0.2604,0.25815,6,6,-0.47047025,-0.49949667,0.11773674,0.18119103,0.19121684,0.1779603,-0.37341774,-0.34998038,26.972230816038078,75.7846172299394,2872.0,Jaipur,6,"{""type"":""MultiPoint"",""coordinates"":[]}",-14.967314186515992,-20.557553346870932,-14.140502362473669,-21.50411491651047
1_1_1_1_1_1_2_373_0_1_1_1_1_1_1_2_373_0,0.36165,0.3252,0.31385,0.2864,0.0829,0.065,0.1184,0.0944,0.1566,0.1236,0.27345,0.2491,6,6,-0.50671804,-0.55004764,0.13887577,0.13250914,0.2717126,0.33673197,-0.39568713,-0.4503639,26.908360599337176,76.01773004616841,2873.0,Jaipur,6,"{""type"":""MultiPoint"",""coordinates"":[]}",-9.002232060374268,-17.389131767651328,-7.282363548775839,-15.47255212784451
1_1_1_1_1_1_2_374_0_1_1_1_1_1_1_2_374_0,0.3864,0.369,0.3397,0.3295,0.0854,0.107,0.1173,0.1446,0.1625,0.1919,0.29285,0.2723,6,6,-0.53424656,-0.43691587,0.13772543,0.15078746,0.28626332,0.1732012,-0.42801413,-0.30630848,26.86245668831867,76.07989346382948,2874.0,Jaipur,6,"{""type"":""MultiPoint"",""coordinates"":[]}",-11.795791830075192,-18.168429928454067,-13.98853337121656,-22.00747286255719
1_1_1_1_1_1_2_375_0_1_1_1_1_1_1_2_375_0,0.4091,0.38825,0.34335,0.33925,0.115,0.09355,0.1699,0.1366,0.2437,0.19135,0.3364,0.2669,4,4,-0.41312608,-0.4794703,0.097518444,0.18522476,0.15980004,0.16486634,-0.3288564,-0.3229244,27.01436180286328,75.94730212789344,2875.0,Jaipur,6,"{""type"":""MultiPoint"",""coordinates"":[]}",-17.90756737946287,-24.9332914490531,-15.059083223192706,-22.36255665658078
1_1_1_1_1_1_2_376_0_1_1_1_1_1_1_2_376_0,0.21095,0.2027,0.15925,0.1559,0.06015,0.0561,0.0777,0.06625,0.0969,0.08455,0.1844,0.1738,1,1,-0.46163175,-0.50734335,0.06715568,0.07675963,0.3110558,0.34546158,-0.40709653,-0.44803166,27.01948219998276,75.73026915525017,2876.0,Jaipur,6,"{""type"":""MultiPoint"",""coordinates"":[]}",-5.701737917276911,-11.76626885787205,-10.126977479448353,-15.61901467879328
1_1_1_1_1_1_2_377_0_1_1_1_1_1_1_2_377_0,0.3331,0.3057,0.269,0.2806,0.0786,0.0565,0.1172,0.09,0.1642,0.128,0.2728,0.2372,6,6,-0.47945815,-0.5451099,0.099521376,0.12617426,0.24851258,0.29901424,-0.39897436,-0.44987774,26.95911541288993,75.73098780747746,2877.0,Jaipur,6,"{""type"":""MultiPoint"",""coordinates"":[]}",-11.037158181548685,-18.52163416068006,-10.999499019395039,-16.552544327058733
1_1_1_1_1_1_2_378_0_1_1_1_1_1_1_2_378_0,0.15105,0.16685,0.14555,0.15935,0.0818,0.0903,0.0991,0.11,0.11565,0.13055,0.1498,0.16125,6,6,-0.2076754,-0.20534585,0.0041548945,0.017067967,0.12864946,0.105209045,-0.20369627,-0.1889401,26.997114149408183,75.77024418539348,2878.0,Jaipur,6,"{""type"":""MultiPoint"",""coordinates"":[]}",-8.437103822141474,-15.707483391558405,-6.433148400488802,-14.622155724990085
1_1_1_1_1_1_2_379_0_1_1_1_1_1_1_2_379_0,0.2417,0.224,0.17165,0.1643,0.05785,0.0504,0.07355,0.0625,0.1098,0.0797,0.2259,0.1851,1,1,-0.53338623,-0.56369984,0.033789564,0.095086776,0.3458445,0.39803624,-0.50876606,-0.4951535,27.023794113346536,76.0559084457435,2879.0,Jaipur,6,"{""type"":""MultiPoint"",""coordinates"":[]}",-7.256912273651524,-13.592067367590282,-7.962797851770485,-13.651858907175674
1_1_1_1_1_1_2_380_0_1_1_1_1_1_1_2_380_0,0.3144,0.23525,0.2524,0.1763,0.1156,0.065,0.1376,0.1054,0.1882,0.14125,0.3444,0.3454,4,4,-0.39115044,-0.38118303,-0.04553734,-0.1897012,0.29327825,0.41950068,-0.42904565,-0.53238684,27.05200121326789,75.65867342710584,2880.0,Jaipur,6,"{""type"":""MultiPoint"",""coordinates"":[]}",-11.312881037385917,-18.373911728385956,-11.76928467020559,-18.150984526880883
1_1_1_1_1_1_2_381_0_1_1_1_1_1_1_2_381_0,0.2902,0.33345,0.2356,0.27325,0.0693,0.0767,0.1108,0.1224,0.1204,0.1461,0.364,0.34305,4,6,-0.44738156,-0.46298125,-0.11280954,-0.014190688,0.50289017,0.4026372,-0.53327715,-0.47405738,27.07140482340487,75.74006079184707,2881.0,Jaipur,6,"{""type"":""MultiPoint"",""coordinates"":[]}",-11.465921825839857,-19.86043352698914,-12.93483074578794,-19.421482639459807
1_1_1_1_1_1_2_382_0_1_1_1_1_1_1_2_382_0,0.2621,0.25,0.1895,0.1872,0.043,0.04,0.0632,0.0524,0.0882,0.0722,0.1992,0.171,1,1,-0.6114356,-0.65343916,0.13635378,0.18764846,0.3862213,0.40625,-0.51829267,-0.5308863,27.058199588728318,76.03255224835638,2882.0,Jaipur,6,"{""type"":""MultiPoint"",""coordinates"":[]}",-8.034137224469191,-11.242139138078755,-8.989079112827923,-13.722096338820657
1_1_1_1_1_1_2_383_0_1_1_1_1_1_1_2_383_0,0.3746,0.3552,0.3426,0.3319,0.118,0.1229,0.1672,0.1716,0.2232,0.22175,0.2999,0.27655,5,6,-0.38279808,-0.34851936,0.1107487,0.12449545,0.14662589,0.109973915,-0.28409335,-0.23418498,26.82257148970376,75.64349189880421,2883.0,Jaipur,6,"{""type"":""MultiPoint"",""coordinates"":[]}",-9.952017126381417,-16.45031347351828,-8.230222149989881,-15.576858831451808
1_1_1_1_1_1_2_384_0_1_1_1_1_1_1_2_384_0,0.427,0.46755,0.4007,0.45885,0.1058,0.1167,0.1588,0.1865,0.24,0.275,0.3312,0.3518,4,4,-0.45783544,-0.4297072,0.1263519,0.14127052,0.15966387,0.12252712,-0.35183674,-0.30707783,26.761575881912048,75.64681566535546,2884.0,Jaipur,6,"{""type"":""MultiPoint"",""coordinates"":[]}",-14.545850620230159,-22.806990613730157,-15.895090197643231,-22.390325922813737
1_1_1_1_1_1_2_385_0_1_1_1_1_1_1_2_385_0,0.2207,0.2366,0.1494,0.1712,0.0956,0.0639,0.1028,0.07575,0.1339,0.10005,0.2287,0.2059,1,1,-0.36445132,-0.5149672,-0.017801514,0.06937853,0.2614451,0.34597155,-0.37978885,-0.46209836,26.94339489541784,75.86834021441933,2885.0,Jaipur,6,"{""type"":""MultiPoint"",""coordinates"":[]}",-10.112170619179809,-15.374475655313333,-9.168756795483542,-14.13745685725057
1_1_1_1_1_1_2_386_0_1_1_1_1_1_1_2_386_0,0.405,0.36615,0.3373,0.3166,0.1182,0.0867,0.1656,0.1195,0.2232,0.1522,0.3343,0.2683,4,6,-0.41955835,-0.50787604,0.095631,0.15422808,0.19928251,0.2760999,-0.3374675,-0.38370293,26.780440502878555,75.72290296992038,2886.0,Jaipur,6,"{""type"":""MultiPoint"",""coordinates"":[]}",-15.491431150414535,-22.050231701237102,-12.958562640067282,-19.73427492380641
1_1_1_1_1_1_2_387_0_1_1_1_1_1_1_2_387_0,0.3253,0.39075,0.3033,0.3728,0.0933,0.09845,0.1378,0.1565,0.2028,0.22065,0.2824,0.2989,6,6,-0.40488017,-0.42804933,0.07059404,0.1331835,0.16405606,0.1506111,-0.34412184,-0.31269214,26.90261138151881,75.96284298230871,2887.0,Jaipur,6,"{""type"":""MultiPoint"",""coordinates"":[]}",-13.360797703294892,-20.6323425701255,-12.899940677392978,-20.238527326604494
1_1_1_1_1_1_2_388_0_1_1_1_1_1_1_2_388_0,0.1738,0.1414,0.097,0.06915,0.0396,0.02345,0.0716,0.0482,0.0497,0.0261,0.3952,0.4572,4,4,-0.41646293,-0.49156117,-0.38910368,-0.5275643,0.776579,0.89199257,-0.6932305,-0.80926,27.08829315074632,75.7733882888879,2888.0,Jaipur,6,"{""type"":""MultiPoint"",""coordinates"":[]}",-13.87448159204428,-19.85345908208852,-13.293740557826471,-21.21028690418493
1_1_1_1_1_1_2_389_0_1_1_1_1_1_1_2_389_0,0.1778,0.30315,0.0986,0.27375,0.0269,0.0715,0.0466,0.1228,0.0312,0.1513,0.4199,0.3292,4,4,-0.58467025,-0.4234065,-0.4050527,-0.04119554,0.86167145,0.37023935,-0.80021435,-0.45663717,26.986154702941928,75.7185012250282,2889.0,Jaipur,6,"{""type"":""MultiPoint"",""coordinates"":[]}",-12.166634591023236,-20.723129389096993,-15.860743897167564,-23.14000966255794
1_1_1_1_1_1_2_390_0_1_1_1_1_1_1_2_390_0,0.38015,0.352,0.33975,0.3162,0.0937,0.1016,0.1246,0.1294,0.17905,0.1582,0.24515,0.2966,4,4,-0.50629026,-0.46240133,0.21589637,0.08541474,0.15582272,0.30430958,-0.3260311,-0.39248827,26.887070527103543,76.0822290835682,2890.0,Jaipur,6,"{""type"":""MultiPoint"",""coordinates"":[]}",-10.478251358772544,-17.26528183709068,-10.5193940143786,-17.004893842325053
1_1_1_1_1_1_2_391_0_1_1_1_1_1_1_2_391_0,0.249,0.2257,0.1835,0.1635,0.07855,0.065,0.1084,0.0842,0.1463,0.1082,0.25315,0.1986,5,1,-0.39339676,-0.4565989,-0.008264462,0.0638699,0.2674928,0.2946545,-0.40035957,-0.40452617,26.773433643662425,76.09255970933557,2891.0,Jaipur,6,"{""type"":""MultiPoint"",""coordinates"":[]}",-12.039687831520764,-17.761708140708322,-3.054058050956452,-10.043929825393324
1_1_1_1_1_1_2_392_0_1_1_1_1_1_1_2_392_0,0.2108,0.17305,0.1596,0.1118,0.0487,0.0254,0.0728,0.04685,0.0886,0.0381,0.2173,0.3211,4,4,-0.48660085,-0.57389724,-0.015183369,-0.29960537,0.42072573,0.78786194,-0.4981041,-0.74534583,26.89461637549015,75.9461343180241,2892.0,Jaipur,6,"{""type"":""MultiPoint"",""coordinates"":[]}",-10.556401588416984,-17.1628651517475,-12.444076541523387,-20.509778167895753
1_1_1_1_1_1_2_393_0_1_1_1_1_1_1_2_393_0,0.31795,0.3548,0.26465,0.3091,0.1017,0.0802,0.1513,0.1328,0.2081,0.1712,0.31725,0.3257,4,4,-0.3551412,-0.4552912,0.0011020151,0.042762674,0.20776625,0.31092775,-0.35417777,-0.42071974,26.84413105652263,76.03084544931656,2893.0,Jaipur,6,"{""type"":""MultiPoint"",""coordinates"":[]}",-11.59556610790413,-18.719735231011544,-12.661228685661566,-19.496630223619007
1_1_1_1_1_1_2_394_0_1_1_1_1_1_1_2_394_0,0.23585,0.3853,0.16945,0.3435,0.0423,0.091,0.07395,0.1374,0.0872,0.2048,0.3324,0.2978,4,4,-0.5225952,-0.47426823,-0.16990761,0.12809251,0.5843661,0.1850378,-0.63602805,-0.3685662,26.992353078402356,76.09300886697763,2894.0,Jaipur,6,"{""type"":""MultiPoint"",""coordinates"":[]}",-13.069571089890957,-21.059135698700167,-13.282308472117618,-21.945602315386918
1_1_1_1_1_1_2_395_0_1_1_1_1_1_1_2_395_0,0.27415,0.2343,0.22395,0.1727,0.06665,0.0453,0.09005,0.0581,0.12805,0.0835,0.21445,0.1888,5,2,-0.5054915,-0.6025992,0.122185834,0.10753959,0.25226277,0.38670585,-0.40853858,-0.5293641,27.00061757901625,76.07737818103395,2895.0,Jaipur,6,"{""type"":""MultiPoint"",""coordinates"":[]}",0.46139465748394837,-7.106528837838975,-10.443779312819636,-14.987696421291313
1_1_1_1_1_1_2_396_0_1_1_1_1_1_1_2_396_0,0.2629,0.2144,0.1953,0.1505,0.06095,0.0447,0.0823,0.0588,0.11245,0.0766,0.18815,0.1705,1,1,-0.52317494,-0.5695461,0.16572443,0.1140556,0.25182968,0.3800081,-0.39138472,-0.48713475,26.92515909515021,76.05689659255603,2896.0,Jaipur,6,"{""type"":""MultiPoint"",""coordinates"":[]}",-10.98705989720011,-15.266202532428121,-9.140107358492068,-13.451729602643985
1_1_1_1_1_1_2_397_0_1_1_1_1_1_1_2_397_0,0.2012,0.2299,0.1441,0.1558,0.04555,0.0476,0.0688,0.0858,0.07585,0.0874,0.38275,0.3649,4,4,-0.49037036,-0.456446,-0.3108999,-0.22696705,0.6692106,0.6135308,-0.69527185,-0.61925894,26.769660719469123,76.02051482354918,2897.0,Jaipur,6,"{""type"":""MultiPoint"",""coordinates"":[]}",-11.300999517240047,-19.434855931853765,-11.864008246732352,-19.58970681657094
1_1_1_1_1_1_2_398_0_1_1_1_1_1_1_2_398_0,0.2849,0.33565,0.2193,0.29805,0.0718,0.0942,0.1072,0.1458,0.1506,0.2017,0.2636,0.2991,6,6,-0.45320073,-0.39432964,0.038833182,0.057581726,0.27281508,0.19448882,-0.42179072,-0.3445718,26.82706306612436,75.70915874607336,2898.0,Jaipur,6,"{""type"":""MultiPoint"",""coordinates"":[]}",-11.924323202272166,-17.910931008160432,-10.86133262014977,-17.279926603472767
1_1_1_1_1_1_2_399_0_1_1_1_1_1_1_2_399_0,0.23145,0.3994,0.16425,0.3545,0.0444,0.0802,0.0789,0.1256,0.0928,0.192,0.3192,0.3076,4,4,-0.4915418,-0.52152383,-0.15935713,0.12984441,0.5495146,0.23138511,-0.6036172,-0.42012927,26.82203250053329,76.08887661667067,2899.0,Jaipur,6,"{""type"":""MultiPoint"",""coordinates"":[]}",-14.137544525187787,-21.304472291775525,-13.187206730923858,-19.66673279017715
1_1_1_1_1_1_2_400_0_1_1_1_1_1_1_2_400_0,0.27505,0.2796,0.21395,0.2251,0.0585,0.0493,0.0933,0.0944,0.1242,0.1252,0.3228,0.3437,4,4,-0.49341658,-0.49518716,-0.07986953,-0.10283972,0.4442953,0.46598423,-0.5515501,-0.56904817,27.08469988960984,76.02949797639037,2900.0,Jaipur,6,"{""type"":""MultiPoint"",""coordinates"":[]}",-13.753964435963752,-20.481615097399064,-12.240676684785253,-18.42772406866332
1_1_1_1_1_1_2_401_0_1_1_1_1_1_1_2_401_0,0.3763,0.3371,0.3102,0.2944,0.119,0.0772,0.1684,0.1212,0.2271,0.1572,0.3486,0.2871,4,4,-0.381678,-0.4710888,0.03821217,0.08010253,0.21104743,0.29237002,-0.34854934,-0.40631887,26.836944534249675,76.07504256129523,2901.0,Jaipur,6,"{""type"":""MultiPoint"",""coordinates"":[]}",-16.212281792853783,-23.09933611658678,-15.371400229196173,-20.86568931231231
1_1_1_1_1_1_2_402_0_1_1_1_1_1_1_2_402_0,0.0165,0.00965,0.0129,0.0096,0.0331,0.0177,0.0366,0.01495,0.0305,0.01355,0.0231,0.00875,0,0,0.37853107,0.21544716,-0.16666667,0.048913043,-0.1380597,-0.21524663,0.22613065,0.2616034,26.915097963968076,75.93176127347817,2902.0,Jaipur,6,"{""type"":""MultiPoint"",""coordinates"":[]}",-24.32714569750337,-28.236118053051804,-23.36272956804622,-29.98988874413515
1_1_1_1_1_1_2_403_0_1_1_1_1_1_1_2_403_0,0.1744,0.21965,0.1007,0.15735,0.03355,0.02675,0.0544,0.0546,0.03755,0.0466,0.39085,0.31385,4,6,-0.5244755,-0.60182315,-0.3829279,-0.17656982,0.82469654,0.74143434,-0.7556429,-0.7036233,26.9904666163057,75.96230399313824,2903.0,Jaipur,6,"{""type"":""MultiPoint"",""coordinates"":[]}",-12.500795044795069,-19.63038562959906,-11.87226615411937,-18.34338298625768
1_1_1_1_1_1_2_404_0_1_1_1_1_1_1_2_404_0,0.2848,0.31745,0.2388,0.2899,0.0796,0.0731,0.1092,0.1057,0.1366,0.1394,0.2354,0.21585,1,5,-0.44568527,-0.50041354,0.094963476,0.19051191,0.26559138,0.21520056,-0.3662217,-0.3425595,26.78250662803203,75.94200206771714,2904.0,Jaipur,6,"{""type"":""MultiPoint"",""coordinates"":[]}",-11.806561898772841,-15.891441728768182,-11.622440542160339,-16.94251569124625
1_1_1_1_1_1_2_405_0_1_1_1_1_1_1_2_405_0,0.2799,0.30075,0.2468,0.27445,0.0844,0.1146,0.1114,0.1477,0.1372,0.1774,0.2289,0.2355,6,6,-0.4306159,-0.34128666,0.10023585,0.12167832,0.250478,0.14071204,-0.34528357,-0.22912318,26.820685027607112,75.66981253662892,2905.0,Jaipur,6,"{""type"":""MultiPoint"",""coordinates"":[]}",-9.138960759436225,-15.92526335488409,-7.381417608068088,-16.639407733324695
1_1_1_1_1_1_2_406_0_1_1_1_1_1_1_2_406_0,0.27235,0.27365,0.2312,0.2287,0.0636,0.0545,0.1096,0.09555,0.1428,0.11955,0.2936,0.26925,6,6,-0.4261029,-0.48239437,-0.037547488,0.008104623,0.34555453,0.38503087,-0.4563492,-0.47615132,27.008522753516505,75.78264093631434,2906.0,Jaipur,6,"{""type"":""MultiPoint"",""coordinates"":[]}",-10.980651577387615,-16.6469406751019,-9.57639643104817,-17.244809332575272
1_1_1_1_1_1_2_407_0_1_1_1_1_1_1_2_407_0,0.2362,0.21965,0.21175,0.19285,0.09735,0.07505,0.1262,0.1045,0.1363,0.1164,0.22135,0.2174,6,6,-0.303532,-0.35523677,0.03245547,0.0051481524,0.23780233,0.3025764,-0.27377355,-0.35073003,27.01624826495993,75.77024418539348,2907.0,Jaipur,6,"{""type"":""MultiPoint"",""coordinates"":[]}",-10.253747704014923,-16.05762305226402,-8.886721867225095,-15.591847228227344
1_1_1_1_1_1_2_408_0_1_1_1_1_1_1_2_408_0,0.1931,0.3421,0.1026,0.3192,0.0413,0.1089,0.0684,0.1438,0.0495,0.1861,0.4116,0.2814,4,4,-0.47686425,-0.40810865,-0.3613362,0.09735365,0.785296,0.20385027,-0.715,-0.32361242,27.04885710977347,75.65876325863425,2908.0,Jaipur,6,"{""type"":""MultiPoint"",""coordinates"":[]}",-13.696966246792512,-20.40441903345063,-10.503220635060087,-19.41349365186901
1_1_1_1_1_1_2_409_0_1_1_1_1_1_1_2_409_0,0.372,0.3699,0.32335,0.3182,0.1207,0.1384,0.1629,0.171,0.21625,0.214,0.2924,0.2915,6,6,-0.3909142,-0.36772045,0.11980735,0.118536435,0.14971001,0.15331355,-0.28442785,-0.26054054,26.83757335494856,76.03363022669733,2909.0,Jaipur,6,"{""type"":""MultiPoint"",""coordinates"":[]}",-9.947592234648283,-17.632639997092806,-11.282952175199146,-18.120641646126366
1_1_1_1_1_1_2_410_0_1_1_1_1_1_1_2_410_0,0.35165,0.3838,0.33435,0.3475,0.06425,0.0813,0.1092,0.1212,0.1785,0.1763,0.2506,0.279,4,4,-0.52609307,-0.52,0.16778746,0.15811709,0.1680261,0.22556557,-0.3929961,-0.39430285,26.956600130094397,76.0994767370233,2910.0,Jaipur,6,"{""type"":""MultiPoint"",""coordinates"":[]}",-12.003839789212824,-21.983732983921804,-12.779814885865846,-20.706829505606624
1_1_1_1_1_1_2_411_0_1_1_1_1_1_1_2_411_0,0.2083,0.34585,0.1281,0.31435,0.0346,0.0837,0.08,0.1185,0.0543,0.1518,0.3996,0.2619,4,6,-0.44502255,-0.48960912,-0.3146899,0.13813245,0.7607403,0.2661349,-0.66638863,-0.3769716,26.84251408901121,75.75048124914285,2911.0,Jaipur,6,"{""type"":""MultiPoint"",""coordinates"":[]}",-12.789409651733068,-20.938534884147295,-13.806502565791583,-21.424066792536923
1_1_1_1_1_1_2_412_0_1_1_1_1_1_1_2_412_0,0.1881,0.2141,0.1478,0.1795,0.0855,0.0871,0.103,0.1058,0.1156,0.1163,0.1902,0.20565,6,6,-0.2923394,-0.3385433,-0.00555115,0.020131031,0.24395029,0.27752757,-0.29740793,-0.3205972,26.82787154988007,75.79872077990008,2912.0,Jaipur,6,"{""type"":""MultiPoint"",""coordinates"":[]}",3.1240906697990485,-14.160379891854786,-4.087022654606077,-11.673439097727435
1_1_1_1_1_1_2_413_0_1_1_1_1_1_1_2_413_0,0.3881,0.40815,0.3577,0.3972,0.0988,0.104,0.1462,0.157,0.2185,0.2219,0.3116,0.32105,5,4,-0.4527419,-0.4443953,0.10933257,0.119445965,0.17562725,0.1826135,-0.36129314,-0.34316495,26.772265833793067,75.68104147768041,2913.0,Jaipur,6,"{""type"":""MultiPoint"",""coordinates"":[]}",-14.713871359266673,-21.793596882632713,-15.683181294509277,-21.632979306890675
1_1_1_1_1_1_2_414_0_1_1_1_1_1_1_2_414_0,0.336,0.3505,0.284,0.31295,0.0712,0.078,0.105,0.1217,0.149,0.17435,0.2534,0.2753,6,6,-0.52380955,-0.48454046,0.14014252,0.12016619,0.25944334,0.22450796,-0.4140625,-0.38690177,26.830207169618777,75.63900032238362,2914.0,Jaipur,6,"{""type"":""MultiPoint"",""coordinates"":[]}",-12.596025152750736,-17.51260800077294,-12.22748337943688,-17.926133396463126
1_1_1_1_1_1_2_415_0_1_1_1_1_1_1_2_415_0,0.316,0.248,0.2415,0.1744,0.08315,0.0378,0.1276,0.0767,0.1716,0.0705,0.3126,0.3387,4,4,-0.42470694,-0.5275639,0.005408845,-0.15459348,0.29120198,0.6554252,-0.42026353,-0.6307174,27.026309396142068,76.03515736268034,2915.0,Jaipur,6,"{""type"":""MultiPoint"",""coordinates"":[]}",-8.312443337640616,-14.227761529283379,-10.013138473984514,-15.009796962019092
1_1_1_1_1_1_2_416_0_1_1_1_1_1_1_2_416_0,0.398,0.3559,0.34,0.321,0.1126,0.082,0.1656,0.1238,0.2302,0.1751,0.3168,0.24955,4,5,-0.4123492,-0.48384407,0.11359821,0.17565447,0.1583181,0.17532085,-0.31343284,-0.33681533,27.05442666453501,75.9183763757448,2916.0,Jaipur,6,"{""type"":""MultiPoint"",""coordinates"":[]}",-15.556052087865474,-24.14214455248258,-15.049887904252495,-21.24148164620746
1_1_1_1_1_1_2_417_0_1_1_1_1_1_1_2_417_0,0.1841,0.21305,0.1318,0.16525,0.0548,0.1032,0.0726,0.1257,0.0839,0.1473,0.216,0.2119,6,6,-0.43435916,-0.25785977,-0.07973007,0.0027062008,0.44048017,0.1798441,-0.49688148,-0.25533175,26.847095496960225,75.99383485961083,2917.0,Jaipur,6,"{""type"":""MultiPoint"",""coordinates"":[]}",-8.48249198920341,-14.668836743194449,-7.9163719849672765,-14.020678790157351
1_1_1_1_1_1_2_418_0_1_1_1_1_1_1_2_418_0,0.3873,0.3282,0.3293,0.2933,0.126,0.0848,0.1752,0.1177,0.2307,0.1452,0.3357,0.22455,6,6,-0.37706667,-0.47207895,0.0713693,0.18751696,0.18538135,0.21460447,-0.3141515,-0.3121987,26.982381778748625,75.64834280133847,2918.0,Jaipur,6,"{""type"":""MultiPoint"",""coordinates"":[]}",-13.956117289887331,-22.39858486628743,-13.523831661484792,-20.91551673155175
1_1_1_1_1_1_2_419_0_1_1_1_1_1_1_2_419_0,0.34085,0.31265,0.2903,0.25925,0.08855,0.06345,0.1316,0.0976,0.1714,0.1258,0.3002,0.2362,4,4,-0.44290403,-0.5241926,0.06341159,0.13929124,0.2731128,0.30497238,-0.39045855,-0.41521868,26.98040548512356,75.96670573803043,2919.0,Jaipur,6,"{""type"":""MultiPoint"",""coordinates"":[]}",-10.966612571813112,-18.220455970663693,-10.958226374749,-17.13362600319865
1_1_1_1_1_1_2_420_0_1_1_1_1_1_1_2_420_0,0.3539,0.29485,0.2974,0.25455,0.0688,0.05545,0.1184,0.0916,0.2016,0.1446,0.2994,0.2594,4,4,-0.49862376,-0.52594125,0.08342262,0.06396031,0.19520958,0.2841584,-0.43322164,-0.4780627,27.055055485233893,75.81578877029834,2920.0,Jaipur,6,"{""type"":""MultiPoint"",""coordinates"":[]}",-13.729557539406931,-22.237293408330792,-13.055655470971733,-19.72665675910154
1_1_1_1_1_1_2_421_0_1_1_1_1_1_1_2_421_0,0.0302,0.02,0.0259,0.0204,0.0354,0.00855,0.0745,0.0245,0.0505,0.01365,0.1068,0.014,0,0,0.42311364,0.101123594,-0.5591241,0.1764706,0.3579148,0.012658228,-0.17815775,0.27272728,26.933333764235694,75.82477192313954,2921.0,Jaipur,6,"{""type"":""MultiPoint"",""coordinates"":[]}",-19.258275882690498,-26.07053577702775,-19.19272661725824,-24.71715935199876
1_1_1_1_1_1_2_422_0_1_1_1_1_1_1_2_422_0,0.285,0.31195,0.235,0.2812,0.0897,0.1053,0.1306,0.1376,0.1756,0.17105,0.264,0.23325,6,6,-0.37151107,-0.38783228,0.038251366,0.1443507,0.2010919,0.15384616,-0.33806387,-0.25792098,26.85661763897189,75.71598594223266,2922.0,Jaipur,6,"{""type"":""MultiPoint"",""coordinates"":[]}",-13.09010215359466,-18.06215128551647,-9.717505733104865,-17.72666760052192
1_1_1_1_1_1_2_423_0_1_1_1_1_1_1_2_423_0,0.1984,0.1658,0.1059,0.10705,0.0362,0.028,0.0634,0.0532,0.0462,0.03245,0.3631,0.39595,4,4,-0.5156608,-0.51415527,-0.29332146,-0.40970182,0.7742487,0.8485061,-0.7026964,-0.7631081,27.00196505194243,75.62678323451959,2923.0,Jaipur,6,"{""type"":""MultiPoint"",""coordinates"":[]}",-13.609942427469175,-20.55901348073051,-13.199386773708817,-21.005656502235848
1_1_1_1_1_1_2_424_0_1_1_1_1_1_1_2_424_0,0.38675,0.34265,0.33025,0.32725,0.1111,0.108,0.1517,0.1538,0.2075,0.2018,0.311,0.2787,4,4,-0.43653077,-0.38040084,0.10856324,0.10292106,0.19961427,0.16004163,-0.34428355,-0.2887861,27.02900434199443,75.8853183732892,2924.0,Jaipur,6,"{""type"":""MultiPoint"",""coordinates"":[]}",-16.54509604676573,-23.517492208002167,-15.102583691858083,-23.29324071086761
1_1_1_1_1_1_2_425_0_1_1_1_1_1_1_2_425_0,0.2091,0.217,0.1601,0.171,0.0642,0.05005,0.0921,0.0803,0.1135,0.09235,0.2468,0.2274,6,6,-0.3884462,-0.45980492,-0.08269358,-0.02340234,0.36996946,0.42236122,-0.45647684,-0.47806305,26.873146640199693,75.80348185090591,2925.0,Jaipur,6,"{""type"":""MultiPoint"",""coordinates"":[]}",-9.773934614431557,-15.723666569268577,-9.327850387420906,-15.3880058622548
1_1_1_1_1_1_2_426_0_1_1_1_1_1_1_2_426_0,0.163,0.2008,0.0882,0.12875,0.0302,0.0252,0.0542,0.0514,0.0302,0.02995,0.3904,0.474,6,6,-0.50092083,-0.592387,-0.41091436,-0.4048607,0.8563956,0.881139,-0.75618535,-0.8043395,27.08829315074632,75.78497655605304,2926.0,Jaipur,6,"{""type"":""MultiPoint"",""coordinates"":[]}",-11.344019323938245,-16.998007856540717,-11.772687174150922,-17.54143902157915
1_1_1_1_1_1_2_427_0_1_1_1_1_1_1_2_427_0,0.3642,0.33815,0.3106,0.28475,0.112,0.0896,0.1576,0.1328,0.2096,0.1733,0.3176,0.2805,6,5,-0.39593714,-0.43603355,0.06834849,0.09318678,0.20485584,0.23622741,-0.33670035,-0.35736752,26.88132130928518,75.94406819287062,2927.0,Jaipur,6,"{""type"":""MultiPoint"",""coordinates"":[]}",-5.178175136899712,-18.84078013918807,-9.38705721123812,-17.530987833894024
1_1_1_1_1_1_2_428_0_1_1_1_1_1_1_2_428_0,0.2789,0.37325,0.2174,0.34715,0.0593,0.1169,0.0836,0.1694,0.0993,0.20325,0.2539,0.3157,4,6,-0.53875864,-0.37565652,0.046921924,0.083532915,0.43771234,0.21668755,-0.5045926,-0.3015873,26.82939868586307,75.65418185068525,2928.0,Jaipur,6,"{""type"":""MultiPoint"",""coordinates"":[]}",-10.78490355785039,-15.845716990972976,-13.143144274398386,-18.518642249350133
1_1_1_1_1_1_2_429_0_1_1_1_1_1_1_2_429_0,0.36935,0.3373,0.325,0.2727,0.07035,0.0632,0.1125,0.1018,0.17065,0.13445,0.29155,0.29785,4,4,-0.5330497,-0.5363243,0.117718264,0.06211131,0.26157507,0.37797827,-0.4431382,-0.49055424,26.97250031062331,75.94981741068898,2929.0,Jaipur,6,"{""type"":""MultiPoint"",""coordinates"":[]}",-12.91908542824079,-20.927308592627647,-11.656791195356458,-16.082844261593777
1_1_1_1_1_1_2_430_0_1_1_1_1_1_1_2_430_0,0.233,0.29015,0.1749,0.24365,0.0736,0.0776,0.1048,0.09935,0.1109,0.1259,0.3252,0.2324,6,6,-0.37951452,-0.4898588,-0.16517377,0.11051574,0.49140105,0.29723695,-0.51255816,-0.401055,26.96971553324254,75.91020170665931,2930.0,Jaipur,6,"{""type"":""MultiPoint"",""coordinates"":[]}",-9.8503137636018,-15.859359274618047,-10.938927597236754,-18.596095381513965
1_1_1_1_1_1_2_431_0_1_1_1_1_1_1_2_431_0,0.3394,0.29455,0.2529,0.2594,0.0692,0.04965,0.1021,0.0717,0.141,0.0793,0.2818,0.20985,4,4,-0.53748584,-0.6084642,0.09272376,0.16792229,0.33301798,0.45149577,-0.46809065,-0.4906766,26.85562949215936,75.65283437775906,2931.0,Jaipur,6,"{""type"":""MultiPoint"",""coordinates"":[]}",-12.411156228677982,-17.604294053863036,-11.568476189048127,-18.179355467289582
1_1_1_1_1_1_2_432_0_1_1_1_1_1_1_2_432_0,0.2091,0.21265,0.1677,0.17675,0.0485,0.0404,0.0642,0.06155,0.0712,0.0723,0.157,0.1634,6,6,-0.5301866,-0.55105764,0.14231084,0.13096663,0.37598598,0.3865083,-0.41952983,-0.45276728,27.09350337939421,75.85342818070295,2932.0,Jaipur,6,"{""type"":""MultiPoint"",""coordinates"":[]}",-4.7018778870084805,-15.483042744276034,-8.141951327025163,-15.94836787948964
1_1_1_1_1_1_2_433_0_1_1_1_1_1_1_2_433_0,0.38575,0.3216,0.33735,0.3008,0.08475,0.0764,0.1283,0.121,0.1831,0.1663,0.3114,0.27,5,4,-0.5008268,-0.45323092,0.1066485,0.08722109,0.25945398,0.2376805,-0.41642028,-0.38107416,26.92965067157081,76.03309123752686,2933.0,Jaipur,6,"{""type"":""MultiPoint"",""coordinates"":[]}",-11.828998721142021,-19.671239790224938,-9.519657498236075,-16.518333433468012
1_1_1_1_1_1_2_434_0_1_1_1_1_1_1_2_434_0,0.2733,0.2858,0.2207,0.25175,0.0808,0.0655,0.114,0.09985,0.1613,0.12635,0.253,0.2188,6,5,-0.41130906,-0.48217297,0.038571157,0.13277844,0.2213372,0.26785454,-0.3787466,-0.37329358,26.923991285280856,75.89124725416438,2934.0,Jaipur,6,"{""type"":""MultiPoint"",""coordinates"":[]}",-11.353419764264359,-17.44963981475412,-11.506918318332527,-17.89455201476224
1_1_1_1_1_1_2_435_0_1_1_1_1_1_1_2_435_0,0.357,0.3628,0.3056,0.3344,0.0938,0.0878,0.1334,0.1201,0.1864,0.16035,0.3075,0.24765,5,6,-0.4559543,-0.5025885,0.0744921,0.18863134,0.24519134,0.21397059,-0.39487413,-0.3468389,26.90907925156447,75.64178509976439,2935.0,Jaipur,6,"{""type"":""MultiPoint"",""coordinates"":[]}",-13.145545605441928,-20.07860693365938,-12.528668795465919,-19.871982673500746
1_1_1_1_1_1_2_436_0_1_1_1_1_1_1_2_436_0,0.2279,0.3332,0.1692,0.3014,0.0608,0.0678,0.1074,0.10305,0.1194,0.1562,0.342,0.2543,6,6,-0.35937965,-0.52756447,-0.20021056,0.13429788,0.48244473,0.23897685,-0.5220294,-0.42325452,26.943305063889422,75.68041265698153,2936.0,Jaipur,6,"{""type"":""MultiPoint"",""coordinates"":[]}",-11.947329804267646,-16.708468067284535,-10.990899870774971,-19.586591657665192
1_1_1_1_1_1_2_437_0_1_1_1_1_1_1_2_437_0,0.3664,0.32705,0.305,0.2986,0.1148,0.1863,0.1548,0.2152,0.2182,0.2537,0.31,0.32125,6,6,-0.4059862,-0.20627017,0.083382614,0.008946476,0.1737978,0.11748847,-0.33390707,-0.1976885,26.80038310218601,75.86627408926586,2937.0,Jaipur,6,"{""type"":""MultiPoint"",""coordinates"":[]}",-9.673658134512305,-17.535752518359264,-7.671567627083338,-16.186488760237374
1_1_1_1_1_1_2_438_0_1_1_1_1_1_1_2_438_0,0.2029,0.2287,0.1842,0.2122,0.0891,0.09565,0.107,0.1159,0.1273,0.14385,0.154,0.1699,6,6,-0.30945465,-0.32733604,0.13701317,0.14751631,0.09491646,0.08302789,-0.18007663,-0.18894331,26.94528135751449,75.77320862583107,2938.0,Jaipur,6,"{""type"":""MultiPoint"",""coordinates"":[]}",-11.564691755593774,-19.42060130062375,-9.539713512244628,-18.34295793617288
1_1_1_1_1_1_2_439_0_1_1_1_1_1_1_2_439_0,0.353,0.3156,0.2428,0.2323,0.07925,0.0626,0.1047,0.0936,0.135,0.1149,0.2972,0.2632,5,1,-0.5424951,-0.542522,0.08581975,0.09053214,0.37528923,0.39222428,-0.47897488,-0.4753363,26.9851665561294,76.0342590473962,2939.0,Jaipur,6,"{""type"":""MultiPoint"",""coordinates"":[]}",-8.29634249170103,-13.68046468282481,-7.414698251001638,-13.475824279045025
1_1_1_1_1_1_2_440_0_1_1_1_1_1_1_2_440_0,0.1944,0.25755,0.1211,0.1969,0.0299,0.0496,0.0511,0.0827,0.0358,0.1019,0.2998,0.2789,4,4,-0.58370674,-0.51388687,-0.21327397,-0.039798677,0.7866508,0.46481094,-0.70874894,-0.5425885,27.06403863807509,75.80824292191174,2940.0,Jaipur,6,"{""type"":""MultiPoint"",""coordinates"":[]}",-11.649431390633652,-17.9299240223758,-12.781923789741905,-18.577454606534676
1_1_1_1_1_1_2_441_0_1_1_1_1_1_1_2_441_0,0.2519,0.3689,0.1898,0.3221,0.066,0.0945,0.0917,0.1279,0.1075,0.1694,0.2119,0.24135,5,5,-0.4662398,-0.48510468,0.08624407,0.2090127,0.32686287,0.17516738,-0.3959157,-0.30724442,26.76256402872458,75.91056103277296,2941.0,Jaipur,6,"{""type"":""MultiPoint"",""coordinates"":[]}",-9.895032682322704,-14.26203736891933,-14.920623722749193,-21.15434288660301
1_1_1_1_1_1_2_442_0_1_1_1_1_1_1_2_442_0,0.3847,0.3753,0.3541,0.3569,0.0836,0.0818,0.1264,0.1329,0.1922,0.2065,0.279,0.2807,6,6,-0.5053806,-0.47697756,0.15925871,0.14420731,0.18421052,0.15229885,-0.37641835,-0.3573501,26.940071128866595,75.61564412499652,2942.0,Jaipur,6,"{""type"":""MultiPoint"",""coordinates"":[]}",-13.825045379353677,-18.463282222455433,-13.823748778949405,-20.52601273816853
1_1_1_1_1_1_2_443_0_1_1_1_1_1_1_2_443_0,0.3318,0.3392,0.2851,0.29635,0.0758,0.06955,0.1196,0.11045,0.186,0.1733,0.2896,0.27095,5,5,-0.47009304,-0.50872904,0.06791117,0.11185774,0.2178301,0.21980867,-0.41544476,-0.42081803,26.931896459781107,75.62561542465023,2943.0,Jaipur,6,"{""type"":""MultiPoint"",""coordinates"":[]}",-12.991480365088698,-18.434412657618452,-13.922883488244793,-20.877348106830866
1_1_1_1_1_1_2_444_0_1_1_1_1_1_1_2_444_0,0.2963,0.20705,0.2697,0.1541,0.1486,0.0429,0.1848,0.0639,0.2243,0.07635,0.2694,0.19825,6,6,-0.23176055,-0.5283263,0.047551706,0.021712312,0.091351025,0.44391844,-0.18626156,-0.51249284,26.895065533132207,75.7583864236431,2944.0,Jaipur,6,"{""type"":""MultiPoint"",""coordinates"":[]}",-7.483176315003305,-12.964467825014339,-7.842888007414271,-14.175077068511195
1_1_1_1_1_1_2_445_0_1_1_1_1_1_1_2_445_0,0.1617,0.3836,0.0949,0.3482,0.0392,0.0976,0.0651,0.145,0.0545,0.19145,0.295,0.28645,1,6,-0.42592594,-0.451381,-0.2918765,0.14498918,0.6881259,0.19878636,-0.63843375,-0.32784796,26.84961077975576,75.99563149017908,2945.0,Jaipur,6,"{""type"":""MultiPoint"",""coordinates"":[]}",-10.054069213938083,-17.464676921891687,-15.056605943568451,-23.459695420262307
1_1_1_1_1_1_2_446_0_1_1_1_1_1_1_2_446_0,0.24825,0.2367,0.1903,0.1886,0.03855,0.0367,0.0607,0.056,0.07975,0.0694,0.15345,0.1607,1,1,-0.60705614,-0.61735564,0.235997,0.19124308,0.31603774,0.396784,-0.43310764,-0.48315644,26.941328770264363,76.03452854198144,2946.0,Jaipur,6,"{""type"":""MultiPoint"",""coordinates"":[]}",-10.99237591399007,-17.975402159765068,-9.258912629182118,-14.455221719161946
1_1_1_1_1_1_2_447_0_1_1_1_1_1_1_2_447_0,0.47015,0.3604,0.45435,0.3152,0.1507,0.0784,0.2278,0.1081,0.2975,0.14975,0.36445,0.21635,4,5,-0.34723118,-0.5385272,0.1266475,0.2497616,0.101140566,0.1819175,-0.23073027,-0.33364156,27.00978039491427,75.89690664045433,2947.0,Jaipur,6,"{""type"":""MultiPoint"",""coordinates"":[]}",-13.71052000181264,-22.869873433847445,-14.762826089093188,-20.74802306327541
1_1_1_1_1_1_2_448_0_1_1_1_1_1_1_2_448_0,0.2494,0.2308,0.1827,0.18995,0.0487,0.0561,0.0794,0.0992,0.0772,0.11735,0.3771,0.3146,4,4,-0.5170316,-0.3987879,-0.20383081,-0.1536487,0.66013646,0.45665008,-0.6521358,-0.5205413,26.910696219075888,75.61896789154775,2948.0,Jaipur,6,"{""type"":""MultiPoint"",""coordinates"":[]}",-11.755183397531683,-19.225108704816794,-11.379062955788388,-19.346702863607227
1_1_1_1_1_1_2_449_0_1_1_1_1_1_1_2_449_0,0.3474,0.3595,0.3178,0.32365,0.0819,0.09395,0.1266,0.1512,0.1798,0.20745,0.2272,0.315,5,4,-0.4658228,-0.40787154,0.209189,0.065974794,0.11646192,0.20585702,-0.28434142,-0.35135135,26.91599627925219,75.95871073200176,2949.0,Jaipur,6,"{""type"":""MultiPoint"",""coordinates"":[]}",-14.423728297288513,-22.880245450849245,-12.460902466793344,-18.72738104445818
1_1_1_1_1_1_2_450_0_1_1_1_1_1_1_2_450_0,0.186,0.15995,0.1103,0.08725,0.0326,0.01925,0.0639,0.04295,0.0416,0.0259,0.37,0.4375,4,4,-0.48859543,-0.57663876,-0.33093524,-0.4645577,0.797862,0.8882175,-0.7054621,-0.8212093,26.97699188704391,75.62992733801401,2950.0,Jaipur,6,"{""type"":""MultiPoint"",""coordinates"":[]}",-12.37132044997966,-20.17745221556318,-12.742676558902543,-19.854382911478623
1_1_1_1_1_1_2_451_0_1_1_1_1_1_1_2_451_0,0.4452,0.4424,0.3624,0.414,0.1057,0.1128,0.1624,0.1892,0.2545,0.298,0.3756,0.3773,4,4,-0.4654378,-0.40088663,0.08479532,0.0794193,0.19219172,0.11742929,-0.39628252,-0.33203885,26.918331898990903,76.06480176705628,2951.0,Jaipur,6,"{""type"":""MultiPoint"",""coordinates"":[]}",-15.472168937351688,-22.838101572453162,-17.796702487476775,-24.985982655364065
1_1_1_1_1_1_2_452_0_1_1_1_1_1_1_2_452_0,0.3621,0.33375,0.307,0.28165,0.115,0.08325,0.156,0.1155,0.2054,0.13895,0.2946,0.2455,5,5,-0.39779964,-0.48580968,0.10278666,0.15235218,0.1784,0.27714917,-0.3075899,-0.3601108,26.7612165557984,75.8928642216758,2952.0,Jaipur,6,"{""type"":""MultiPoint"",""coordinates"":[]}",-14.098536050339657,-21.44940775722576,-12.66433089228409,-18.24759262884481
1_1_1_1_1_1_2_453_0_1_1_1_1_1_1_2_453_0,0.41005,0.3705,0.35475,0.309,0.0853,0.0804,0.134,0.109,0.18535,0.1472,0.3532,0.284,5,4,-0.5073982,-0.54535973,0.07448412,0.13216196,0.3116702,0.3172542,-0.4499179,-0.44529262,26.96082221192976,76.08815796444338,2953.0,Jaipur,6,"{""type"":""MultiPoint"",""coordinates"":[]}",-12.903208359069566,-20.967355409470237,-10.911942002179245,-17.5796086277588
1_1_1_1_1_1_2_454_0_1_1_1_1_1_1_2_454_0,0.30285,0.305,0.22515,0.2375,0.0755,0.07305,0.102,0.09575,0.1391,0.1248,0.23705,0.2194,1,1,-0.49610966,-0.522146,0.12187442,0.16323417,0.26040143,0.2748402,-0.39831883,-0.39235285,27.0032226933402,75.83743816864562,2954.0,Jaipur,6,"{""type"":""MultiPoint"",""coordinates"":[]}",-11.079315808993261,-17.7920994063184,-10.303633092996854,-16.24686640410793
1_1_1_1_1_1_2_455_0_1_1_1_1_1_1_2_455_0,0.3154,0.2764,0.2883,0.19685,0.114,0.073,0.1616,0.1157,0.2134,0.141,0.3017,0.25205,6,4,-0.32243186,-0.40984443,0.022200616,0.046078153,0.17142302,0.28253403,-0.30239585,-0.3707682,26.79714916716318,75.90463215189776,2955.0,Jaipur,6,"{""type"":""MultiPoint"",""coordinates"":[]}",-8.296206711940538,-17.589468939025835,-8.051409746498965,-13.249777540843688
1_1_1_1_1_1_2_456_0_1_1_1_1_1_1_2_456_0,0.3284,0.2968,0.2889,0.25565,0.1234,0.1016,0.1782,0.1484,0.2435,0.2044,0.3603,0.3027,6,6,-0.29648638,-0.33333334,-0.046319153,-0.009841534,0.19344154,0.19384737,-0.33816156,-0.34205276,26.972410479094897,75.6042355208882,2956.0,Jaipur,6,"{""type"":""MultiPoint"",""coordinates"":[]}",-12.817212901898262,-18.3265730332146,-12.465620989935495,-17.4940144274324
1_1_1_1_1_1_2_457_0_1_1_1_1_1_1_2_457_0,0.2774,0.31645,0.1966,0.26435,0.07,0.0741,0.1038,0.1085,0.134,0.1523,0.3252,0.2429,4,4,-0.45540398,-0.4893517,-0.079322934,0.13149191,0.4163763,0.22925101,-0.5160839,-0.38247013,27.08901180297361,75.79656482321819,2957.0,Jaipur,6,"{""type"":""MultiPoint"",""coordinates"":[]}",-15.412271692636619,-20.916846236409395,-15.3862185745269,-23.38104179270247
1_1_1_1_1_1_2_458_0_1_1_1_1_1_1_2_458_0,0.2616,0.30255,0.2293,0.2837,0.1,0.1309,0.1184,0.1772,0.1405,0.203,0.2157,0.264,6,6,-0.3768421,-0.2612819,0.09616593,0.06804342,0.21111736,0.13062099,-0.29123017,-0.19673617,26.844400551107867,75.72955050302286,2958.0,Jaipur,6,"{""type"":""MultiPoint"",""coordinates"":[]}",-9.994797707714982,-15.289009185366664,-9.534135619367921,-15.932089078035679
1_1_1_1_1_1_2_459_0_1_1_1_1_1_1_2_459_0,0.2348,0.3191,0.1587,0.2451,0.0586,0.07065,0.0845,0.09355,0.1034,0.13025,0.2465,0.2107,1,4,-0.4707172,-0.54658914,-0.024309162,0.2046055,0.408974,0.23595835,-0.489426,-0.3850452,26.806491646118022,75.6312748109402,2959.0,Jaipur,6,"{""type"":""MultiPoint"",""coordinates"":[]}",-10.24740637776921,-14.743334465717712,-12.85661982959236,-20.16796983841715
1_1_1_1_1_1_2_460_0_1_1_1_1_1_1_2_460_0,0.2367,0.282,0.2101,0.27055,0.0763,0.0942,0.0948,0.12645,0.1132,0.14845,0.1985,0.194,6,6,-0.4280543,-0.38082996,0.08777574,0.18487395,0.27366057,0.13301212,-0.3535629,-0.21079731,26.999449769146896,75.73188612276158,2960.0,Jaipur,6,"{""type"":""MultiPoint"",""coordinates"":[]}",-6.873492659601265,-14.978553188793498,-6.709508562228059,-13.591521020010347
1_1_1_1_1_1_2_461_0_1_1_1_1_1_1_2_461_0,0.21405,0.1924,0.14495,0.125,0.05995,0.0617,0.08585,0.0921,0.0951,0.1128,0.32975,0.2753,6,4,-0.42747584,-0.35254833,-0.21276204,-0.17725037,0.55231255,0.4187065,-0.5868624,-0.49863908,26.77954218759444,76.02482673691296,2961.0,Jaipur,6,"{""type"":""MultiPoint"",""coordinates"":[]}",-10.78668838020638,-17.740670968285094,-11.885215166928898,-18.03493416088109
1_1_1_1_1_1_2_462_0_1_1_1_1_1_1_2_462_0,0.38865,0.3904,0.34575,0.3509,0.1128,0.0935,0.1639,0.1379,0.23005,0.1886,0.3094,0.2556,5,5,-0.40675053,-0.47794813,0.11353055,0.20866872,0.14709426,0.15083295,-0.30741602,-0.29911053,26.99397004591377,75.88828281372679,2962.0,Jaipur,6,"{""type"":""MultiPoint"",""coordinates"":[]}",-13.634327598902367,-21.71471450670368,-13.453612316182513,-21.043342100784503
1_1_1_1_1_1_2_463_0_1_1_1_1_1_1_2_463_0,0.1881,0.3481,0.1605,0.31115,0.0994,0.1464,0.1194,0.18575,0.1347,0.2394,0.1725,0.3063,6,6,-0.22341463,-0.30411163,0.04326123,0.0638753,0.123046875,0.12259483,-0.18191162,-0.24499543,26.85607864980142,75.8281855212192,2963.0,Jaipur,6,"{""type"":""MultiPoint"",""coordinates"":[]}",-2.2677134621670687,-17.462338460555248,-7.297443986498065,-14.978025719140621
1_1_1_1_1_1_2_464_0_1_1_1_1_1_1_2_464_0,0.1642,0.2484,0.0985,0.1906,0.0416,0.0595,0.0772,0.0943,0.0655,0.101,0.4306,0.30705,4,4,-0.36039767,-0.44966444,-0.44788164,-0.10559006,0.73594034,0.5049626,-0.6959433,-0.530086,27.053258854665657,75.61842890237729,2964.0,Jaipur,6,"{""type"":""MultiPoint"",""coordinates"":[]}",-11.668341808753691,-18.822546321914885,-13.102604444011728,-20.17010440527749
1_1_1_1_1_1_2_465_0_1_1_1_1_1_1_2_465_0,0.3677,0.34805,0.2889,0.30465,0.1036,0.0804,0.1424,0.116,0.1915,0.1475,0.3131,0.2284,4,6,-0.4416781,-0.5000539,0.08019976,0.20756353,0.24098295,0.21521682,-0.37475303,-0.3263647,26.81502564131716,75.87831151407306,2965.0,Jaipur,6,"{""type"":""MultiPoint"",""coordinates"":[]}",-14.471957941402373,-21.337466104134787,-11.244216099883374,-18.29982646568087
1_1_1_1_1_1_2_466_0_1_1_1_1_1_1_2_466_0,0.2558,0.22995,0.1972,0.1749,0.0594,0.0445,0.0828,0.07325,0.1103,0.0942,0.2237,0.21265,6,6,-0.5109273,-0.5168206,0.06694473,0.039087214,0.33952096,0.38601923,-0.45970637,-0.48758307,26.92515909515021,75.71805206738614,2966.0,Jaipur,6,"{""type"":""MultiPoint"",""coordinates"":[]}",-12.400382723264025,-17.07232695985525,-9.954206930241705,-15.748277379497061
1_1_1_1_1_1_2_467_0_1_1_1_1_1_1_2_467_0,0.169,0.19525,0.155,0.17725,0.0791,0.0898,0.096,0.0993,0.1198,0.1294,0.1481,0.1622,6,6,-0.2754717,-0.32575116,0.06590981,0.09246048,0.10563643,0.11248285,-0.21343711,-0.24053538,26.927674377945745,75.843187386464,2967.0,Jaipur,6,"{""type"":""MultiPoint"",""coordinates"":[]}",-1.6517169646754613,-13.73345606779848,-4.673855990495878,-12.753613950822611
1_1_1_1_1_1_2_468_0_1_1_1_1_1_1_2_468_0,0.4027,0.3417,0.3404,0.30575,0.1174,0.07375,0.1668,0.1027,0.2318,0.1425,0.3352,0.21855,5,5,-0.41422302,-0.53780377,0.09147581,0.21981259,0.18236332,0.21063565,-0.33545816,-0.36062256,26.787806688208335,75.94415802439903,2968.0,Jaipur,6,"{""type"":""MultiPoint"",""coordinates"":[]}",-16.483953576867076,-22.282042904680466,-14.642348835094625,-22.3778571638799
1_1_1_1_1_1_2_469_0_1_1_1_1_1_1_2_469_0,0.2251,0.24755,0.1728,0.191,0.04545,0.05625,0.07165,0.08615,0.06925,0.09965,0.3252,0.2733,4,6,-0.51710194,-0.48366797,-0.18190078,-0.049438417,0.64887816,0.46561202,-0.63890636,-0.5206566,27.01418213980645,75.68652120091355,2969.0,Jaipur,6,"{""type"":""MultiPoint"",""coordinates"":[]}",-9.760851838367499,-14.817983339474956,-10.169674800349002,-16.180628507512438
1_1_1_1_1_1_2_470_0_1_1_1_1_1_1_2_470_0,0.3254,0.32905,0.2616,0.26985,0.079,0.08055,0.1204,0.1155,0.1716,0.14925,0.2922,0.2531,4,4,-0.45984748,-0.4803734,0.053756475,0.13046466,0.26002586,0.25810862,-0.4163839,-0.3733044,27.076794715109585,75.95026656833103,2970.0,Jaipur,6,"{""type"":""MultiPoint"",""coordinates"":[]}",-10.775244956735456,-15.92020948258076,-11.481167220098483,-16.595998422904817
1_1_1_1_1_1_2_471_0_1_1_1_1_1_1_2_471_0,0.4431,0.32965,0.4035,0.29615,0.1152,0.079,0.1652,0.1207,0.2413,0.1671,0.3668,0.30915,4,4,-0.45684695,-0.46397248,0.094209164,0.03209142,0.20638053,0.29826772,-0.37894738,-0.43840873,26.76301318636664,75.60522366770073,2971.0,Jaipur,6,"{""type"":""MultiPoint"",""coordinates"":[]}",-14.90384401728714,-22.257010159735096,-14.137001348034726,-19.479823649720068
1_1_1_1_1_1_2_472_0_1_1_1_1_1_1_2_472_0,0.2445,0.26755,0.2101,0.23495,0.1034,0.0992,0.1338,0.1278,0.1534,0.15065,0.2363,0.2202,6,6,-0.2926249,-0.35348424,0.017054908,0.09707842,0.21272774,0.18754213,-0.27695218,-0.26551723,26.828680033635774,75.82584990148048,2972.0,Jaipur,6,"{""type"":""MultiPoint"",""coordinates"":[]}",-6.4494281378482565,-15.323586084975538,-7.103391529788029,-15.229574446756626
1_1_1_1_1_1_2_473_0_1_1_1_1_1_1_2_473_0,0.2502,0.28285,0.192,0.2342,0.058,0.0623,0.0877,0.0956,0.1188,0.1309,0.2523,0.23575,1,5,-0.48091152,-0.49478135,-0.0041791047,0.090821445,0.3597413,0.28596756,-0.48411766,-0.42296666,27.037538337193563,75.84507384856065,2973.0,Jaipur,6,"{""type"":""MultiPoint"",""coordinates"":[]}",-10.622896384183358,-14.483507064067371,-11.564829983068115,-17.102411693761923
1_1_1_1_1_1_2_474_0_1_1_1_1_1_1_2_474_0,0.2925,0.2921,0.2475,0.2409,0.0641,0.0499,0.0972,0.08095,0.121,0.10225,0.2732,0.2521,4,6,-0.5011547,-0.56600994,0.034117024,0.07350239,0.3860984,0.42288697,-0.475162,-0.5138868,27.06251150209209,75.81390230820169,2974.0,Jaipur,6,"{""type"":""MultiPoint"",""coordinates"":[]}",-9.94871314568569,-18.5478682443844,-10.893459838445839,-16.94606320525488
1_1_1_1_1_1_2_475_0_1_1_1_1_1_1_2_475_0,0.29865,0.2417,0.22775,0.1835,0.0825,0.0436,0.1125,0.0666,0.1458,0.0785,0.28775,0.217,6,5,-0.45275447,-0.5679533,0.018587995,0.05384783,0.32741323,0.46869713,-0.43785134,-0.5303244,26.85005993739782,76.06444244094263,2975.0,Jaipur,6,"{""type"":""MultiPoint"",""coordinates"":[]}",-12.42046504721262,-18.399547369417654,-10.57790349478008,-15.353786213579104
1_1_1_1_1_1_2_476_0_1_1_1_1_1_1_2_476_0,0.2678,0.30605,0.2127,0.2641,0.0827,0.0913,0.1162,0.13035,0.144,0.16285,0.3066,0.251,6,6,-0.39479166,-0.40261227,-0.067548744,0.098824166,0.3608522,0.21299988,-0.45033112,-0.31637603,26.7792726930092,75.90292535285793,2976.0,Jaipur,6,"{""type"":""MultiPoint"",""coordinates"":[]}",-11.623692680329512,-16.835986653853116,-8.778781262932974,-16.165303435877703
1_1_1_1_1_1_2_477_0_1_1_1_1_1_1_2_477_0,0.1778,0.20295,0.1132,0.1339,0.0373,0.0401,0.0686,0.0774,0.0532,0.0693,0.3499,0.3542,4,4,-0.4431818,-0.44783306,-0.32613227,-0.27147087,0.73604566,0.6727273,-0.6721625,-0.6413346,26.976722392458672,75.6095355810645,2977.0,Jaipur,6,"{""type"":""MultiPoint"",""coordinates"":[]}",-12.221343539831192,-20.050082880199025,-13.648117165818217,-19.774735153123984
1_1_1_1_1_1_2_478_0_1_1_1_1_1_1_2_478_0,0.1869,0.2387,0.122,0.1752,0.0465,0.043,0.0784,0.07895,0.0743,0.07735,0.3492,0.32145,4,4,-0.40897098,-0.502912,-0.30274203,-0.1477283,0.64911455,0.61208624,-0.63330215,-0.60564435,26.76139621885522,75.99275688126988,2978.0,Jaipur,6,"{""type"":""MultiPoint"",""coordinates"":[]}",-11.053289294111542,-17.583980804226233,-12.648034293553753,-18.35546139472234
1_1_1_1_1_1_2_479_0_1_1_1_1_1_1_2_479_0,0.2574,0.2306,0.1738,0.1721,0.0517,0.0417,0.0732,0.0535,0.1178,0.0857,0.2138,0.1656,1,1,-0.5571688,-0.6233721,0.092529714,0.16405855,0.28950542,0.31794667,-0.48989546,-0.5116385,27.067092910041097,76.08788846985814,2979.0,Jaipur,6,"{""type"":""MultiPoint"",""coordinates"":[]}",-8.714747539188359,-14.077873417726819,-10.437583183668607,-15.56475142845646
1_1_1_1_1_1_2_480_0_1_1_1_1_1_1_2_480_0,0.3493,0.3122,0.2851,0.2849,0.1076,0.077,0.1408,0.1027,0.191,0.1346,0.2831,0.19785,5,5,-0.42542338,-0.5049409,0.10468058,0.2241937,0.19426282,0.19025417,-0.33569238,-0.31658626,26.787806688208335,75.61115254857592,2980.0,Jaipur,6,"{""type"":""MultiPoint"",""coordinates"":[]}",-12.341977369597883,-19.915381072065017,-14.324180954338255,-20.34183182115624
1_1_1_1_1_1_2_481_0_1_1_1_1_1_1_2_481_0,0.1887,0.17485,0.1142,0.10435,0.0389,0.0511,0.0686,0.0868,0.0614,0.0673,0.326,0.407,4,4,-0.46677032,-0.33651826,-0.26675734,-0.39898598,0.683015,0.71621335,-0.65230614,-0.64844066,27.06682341545586,75.72317246450562,2981.0,Jaipur,6,"{""type"":""MultiPoint"",""coordinates"":[]}",-11.954211722421718,-17.972103270768713,-12.247328435327915,-17.321901125102485
1_1_1_1_1_1_2_482_0_1_1_1_1_1_1_2_482_0,0.2152,0.25015,0.1912,0.22675,0.1056,0.1182,0.126,0.1502,0.1352,0.17645,0.1779,0.2014,6,6,-0.26143023,-0.24965654,0.094886795,0.10796147,0.13637815,0.06603149,-0.17077987,-0.14562002,26.958576423719457,75.78389857771211,2982.0,Jaipur,6,"{""type"":""MultiPoint"",""coordinates"":[]}",-4.174187073042392,-14.495203598844103,-5.77143737095482,-14.996761375217687
1_1_1_1_1_1_2_483_0_1_1_1_1_1_1_2_483_0,0.3919,0.3853,0.3227,0.3468,0.0964,0.0864,0.1342,0.1187,0.1894,0.1645,0.2902,0.24565,6,4,-0.48983082,-0.5289683,0.14909837,0.22133291,0.21017514,0.19785444,-0.36757776,-0.3484287,26.920757350258025,75.88954045512456,2983.0,Jaipur,6,"{""type"":""MultiPoint"",""coordinates"":[]}",-16.26272695926321,-22.46546797758786,-15.401685003762607,-20.80696055694434
1_1_1_1_1_1_2_484_0_1_1_1_1_1_1_2_484_0,0.262,0.2952,0.2352,0.2555,0.0598,0.0741,0.0842,0.1036,0.1148,0.1334,0.2018,0.2041,6,6,-0.513576,-0.48044133,0.12979732,0.18245544,0.2747947,0.20948148,-0.4111888,-0.32661682,27.08649652017808,76.08321723038073,2984.0,Jaipur,6,"{""type"":""MultiPoint"",""coordinates"":[]}",-10.10666905436067,-14.353875993354295,-8.63532123389152,-15.025438195923698
1_1_1_1_1_1_2_485_0_1_1_1_1_1_1_2_485_0,0.3909,0.2942,0.3095,0.2242,0.09405,0.0594,0.137,0.0794,0.20205,0.1088,0.3032,0.1901,5,5,-0.4809623,-0.57494646,0.12635067,0.21494941,0.20019792,0.27199733,-0.37755567,-0.41076067,26.79113045475958,76.08402571413643,2985.0,Jaipur,6,"{""type"":""MultiPoint"",""coordinates"":[]}",-11.920815963013776,-18.41803350922443,-10.709499491062386,-17.07549162053686
1_1_1_1_1_1_2_486_0_1_1_1_1_1_1_2_486_0,0.4071,0.3497,0.3605,0.3023,0.104,0.0671,0.1532,0.09895,0.2242,0.14045,0.3128,0.21455,5,5,-0.4531501,-0.5588989,0.13099042,0.23952149,0.1649907,0.2087324,-0.34248927,-0.36874002,26.85796511189807,75.96454978134854,2986.0,Jaipur,6,"{""type"":""MultiPoint"",""coordinates"":[]}",-13.728236489110472,-19.27701847704389,-12.05249690637772,-18.095680123807888
1_1_1_1_1_1_2_487_0_1_1_1_1_1_1_2_487_0,0.4057,0.3727,0.3359,0.33185,0.1024,0.08525,0.1536,0.1279,0.2162,0.18045,0.3351,0.2717,4,4,-0.450742,-0.4890132,0.09530237,0.15673494,0.21567205,0.20181356,-0.3713935,-0.35985985,26.91168436588842,75.6876890107829,2987.0,Jaipur,6,"{""type"":""MultiPoint"",""coordinates"":[]}",-15.791700089725305,-20.45654261139822,-15.026764352260214,-21.12486311499027
1_1_1_1_1_1_2_488_0_1_1_1_1_1_1_2_488_0,0.3655,0.334,0.2939,0.2894,0.0979,0.07095,0.131,0.09795,0.1788,0.1361,0.2774,0.2106,5,5,-0.47230613,-0.5464753,0.13703531,0.22658832,0.21613328,0.21488318,-0.35847208,-0.3650948,27.039424799290213,75.79872077990008,2988.0,Jaipur,6,"{""type"":""MultiPoint"",""coordinates"":[]}",-14.808049736434363,-21.054173045702946,-14.98887711286201,-21.236958428691718
1_1_1_1_1_1_2_489_0_1_1_1_1_1_1_2_489_0,0.4123,0.4173,0.3907,0.4045,0.088,0.0877,0.1384,0.1371,0.2169,0.21575,0.3017,0.2909,4,4,-0.497367,-0.50541127,0.15490197,0.17848065,0.16351716,0.14832725,-0.37105203,-0.3593458,26.793825400611937,75.64645633924181,2989.0,Jaipur,6,"{""type"":""MultiPoint"",""coordinates"":[]}",-13.262718231174741,-21.64643966621145,-15.397835517252972,-25.022539814178838
1_1_1_1_1_1_2_490_0_1_1_1_1_1_1_2_490_0,0.1574,0.33105,0.0948,0.3095,0.0267,0.08335,0.0488,0.1247,0.0321,0.1782,0.4195,0.3029,4,6,-0.52667314,-0.45277017,-0.45432484,0.044404134,0.8578388,0.25919768,-0.7915866,-0.41674462,26.979147843725794,75.69757047890822,2990.0,Jaipur,6,"{""type"":""MultiPoint"",""coordinates"":[]}",-13.103142359277829,-19.252039977069842,-12.041714211210827,-19.152472952840814
1_1_1_1_1_1_2_491_0_1_1_1_1_1_1_2_491_0,0.3626,0.342,0.3025,0.2931,0.06765,0.06,0.10155,0.0882,0.15275,0.1302,0.25225,0.2203,5,5,-0.5624259,-0.58995813,0.17947467,0.21643251,0.245679,0.25706133,-0.42594686,-0.42820096,26.93539988938917,76.01665206782747,2991.0,Jaipur,6,"{""type"":""MultiPoint"",""coordinates"":[]}",-12.978207643705119,-19.512367637272227,-13.644518313835029,-19.552391309787435
1_1_1_1_1_1_2_492_0_1_1_1_1_1_1_2_492_0,0.304,0.3392,0.2342,0.30035,0.0661,0.0816,0.1066,0.1227,0.1461,0.1795,0.32,0.28125,5,6,-0.48075986,-0.46871617,-0.025641026,0.09339995,0.3730959,0.2208356,-0.5002344,-0.39249906,26.84449038263628,75.68481440187372,2992.0,Jaipur,6,"{""type"":""MultiPoint"",""coordinates"":[]}",-12.25995117746556,-19.092700452906445,-12.698755518518503,-19.514205830008123
1_1_1_1_1_1_2_493_0_1_1_1_1_1_1_2_493_0,0.2184,0.15895,0.1484,0.0914,0.04575,0.0298,0.0721,0.0537,0.07895,0.03855,0.3128,0.38105,4,6,-0.5036145,-0.49494475,-0.17771085,-0.4112963,0.5969368,0.8162536,-0.6253572,-0.75296146,27.025590743914773,75.66226668824231,2993.0,Jaipur,6,"{""type"":""MultiPoint"",""coordinates"":[]}",-11.344952485202997,-18.732133154550503,-13.109506669541409,-18.66745883243788
1_1_1_1_1_1_2_494_0_1_1_1_1_1_1_2_494_0,0.214,0.23965,0.2027,0.2135,0.181,0.1721,0.2204,0.2092,0.2541,0.2312,0.2731,0.25045,6,6,0.014732965,-0.06784003,-0.12133032,-0.02203632,0.036039453,0.03996678,-0.10678825,-0.0897422,26.9491441132362,75.84273822882193,2994.0,Jaipur,6,"{""type"":""MultiPoint"",""coordinates"":[]}",4.417776947678386,-17.372514999469278,-5.228181590833838,-15.583223224318987
1_1_1_1_1_1_2_495_0_1_1_1_1_1_1_2_495_0,0.4073,0.4017,0.3877,0.39155,0.113,0.1087,0.1688,0.1665,0.2365,0.2284,0.3176,0.32,5,5,-0.41399062,-0.41393876,0.1237412,0.11320493,0.14636347,0.16703136,-0.30592105,-0.315519,26.77190650767942,75.68409574964642,2995.0,Jaipur,6,"{""type"":""MultiPoint"",""coordinates"":[]}",-14.569531067469859,-21.187124201155832,-12.316536070704515,-20.103273345028395
1_1_1_1_1_1_2_496_0_1_1_1_1_1_1_2_496_0,0.3842,0.19535,0.3243,0.11875,0.1184,0.04285,0.157,0.0743,0.2111,0.059,0.3101,0.2933,4,4,-0.41980782,-0.44891527,0.1067262,-0.20045023,0.18994628,0.6650582,-0.32776707,-0.59575623,26.855898986744595,75.90993221207407,2996.0,Jaipur,6,"{""type"":""MultiPoint"",""coordinates"":[]}",-13.713938679089456,-20.35668625390354,-10.851643692761124,-18.750155402579832
1_1_1_1_1_1_2_497_0_1_1_1_1_1_1_2_497_0,0.326,0.2716,0.2486,0.2006,0.0888,0.06305,0.1294,0.0867,0.1888,0.1243,0.3055,0.22185,1,1,-0.4317084,-0.516048,0.032462392,0.10082075,0.23609145,0.28181425,-0.40492067,-0.43801653,27.03133996173314,76.00344683315092,2997.0,Jaipur,6,"{""type"":""MultiPoint"",""coordinates"":[]}",-10.461097839905733,-15.310919249121714,-9.800059474070203,-14.636926677671356
1_1_1_1_1_1_2_498_0_1_1_1_1_1_1_2_498_0,0.3848,0.35855,0.3424,0.3116,0.0788,0.07095,0.1312,0.0997,0.202,0.13865,0.2998,0.2166,4,5,-0.49147287,-0.56486636,0.124160096,0.24680518,0.19489837,0.21942294,-0.3911833,-0.36958584,26.93575921550282,75.66307517199803,2998.0,Jaipur,6,"{""type"":""MultiPoint"",""coordinates"":[]}",-13.737467709914291,-18.379967123263846,-14.641589372515151,-19.142574966432907
1_1_1_1_1_1_2_499_0_1_1_1_1_1_1_2_499_0,0.2018,0.1976,0.1411,0.131,0.038,0.063,0.0749,0.1011,0.0692,0.0874,0.4136,0.372,4,4,-0.45861945,-0.32306662,-0.3441664,-0.30617976,0.71333885,0.6195037,-0.693347,-0.5726062,27.05891824095561,76.06111867439138,2999.0,Jaipur,6,"{""type"":""MultiPoint"",""coordinates"":[]}",-11.410227038417272,-20.031213967849737,-12.017315923651427,-17.70960508433135
1_1_1_1_1_2_0_0_1_1_1_1_1_2_0_0,0.2981,0.29115,0.22445,0.21795,0.0772,0.0761,0.10265,0.1022,0.1354,0.1335,0.2198,0.22045,4,4,-0.48771054,-0.480361,0.1511875,0.1381939,0.23761262,0.24565616,-0.36331216,-0.3664962,17.43499710759794,78.24007222755169,3000.0,Hyderabad,7,"{""type"":""MultiPoint"",""coordinates"":[]}",-10.819607094510193,-18.73459210571005,-8.611511994384683,-17.890989341570986
1_1_1_1_1_2_1_0_1_1_1_1_1_2_1_0,0.19535,0.2243,0.1212,0.15535,0.04815,0.05375,0.0728,0.0755,0.07425,0.0783,0.24785,0.2386,6,6,-0.4570203,-0.4963309,-0.11845668,-0.0308922,0.5389631,0.5058378,-0.54592234,-0.51926136,17.229193076006155,78.54424178275457,3001.0,Hyderabad,7,"{""type"":""MultiPoint"",""coordinates"":[]}",-9.20862367527356,-14.641476312520998,-8.323196945805739,-15.207912268408656
1_1_1_1_1_2_2_0_1_1_1_1_1_2_2_0,0.17765,0.18735,0.15355,0.17045,0.07615,0.09515,0.09775,0.1131,0.1199,0.1333,0.1568,0.1696,6,6,-0.29012346,-0.2471293,0.062341157,0.04972685,0.13335742,0.11984153,-0.231978,-0.1998585,17.542615278635456,78.53175520030531,3002.0,Hyderabad,7,"{""type"":""MultiPoint"",""coordinates"":[]}",-12.089788330851817,-17.011630273676367,-10.624669357566983,-18.086437677908943
1_1_1_1_1_2_3_0_1_1_1_1_1_2_3_0,0.2128,0.2023,0.1803,0.1674,0.0839,0.0757,0.1106,0.10315,0.1286,0.0969,0.19525,0.22285,6,6,-0.31601733,-0.32460305,0.043009434,-0.04833588,0.20580515,0.3939015,-0.27676967,-0.3671779,17.37202520618116,78.55403341935147,3003.0,Hyderabad,7,"{""type"":""MultiPoint"",""coordinates"":[]}",-7.63585021640047,-15.876922565809526,-6.6029665765158985,-16.274288055259692
1_1_1_1_1_2_4_0_1_1_1_1_1_2_4_0,0.3071,0.33835,0.2215,0.25215,0.0714,0.0692,0.10015,0.09725,0.1441,0.1386,0.2882,0.2743,4,6,-0.5081645,-0.55348945,0.031748697,0.104545824,0.33333334,0.328651,-0.48422813,-0.4765173,17.21338272700565,78.41497421336977,3004.0,Hyderabad,7,"{""type"":""MultiPoint"",""coordinates"":[]}",-9.648147707573777,-17.17210999891212,-10.447700293005777,-16.40553586998048
1_1_1_1_1_2_5_0_1_1_1_1_1_2_5_0,0.2377,0.24445,0.16465,0.173,0.04995,0.0497,0.0825,0.07595,0.104,0.0848,0.2846,0.24985,6,6,-0.48469707,-0.52590513,-0.089795135,-0.0109245395,0.46474525,0.49320185,-0.5505312,-0.53376305,17.57872755305706,78.60927980932482,3005.0,Hyderabad,7,"{""type"":""MultiPoint"",""coordinates"":[]}",-8.464701619231235,-15.700930732445347,-8.811504998281816,-14.342600735473367
1_1_1_1_1_2_6_0_1_1_1_1_1_2_6_0,0.2177,0.21765,0.1999,0.20485,0.09455,0.0903,0.1125,0.1106,0.1203,0.1241,0.1498,0.1589,6,6,-0.31859478,-0.3261234,0.18476191,0.15602177,0.109218806,0.1229682,-0.14220358,-0.17922078,17.3392366983108,78.48082072369573,3006.0,Hyderabad,7,"{""type"":""MultiPoint"",""coordinates"":[]}",-5.676864279964676,-15.410513413513453,-3.895635925939948,-12.980208876243658
1_1_1_1_1_2_7_0_1_1_1_1_1_2_7_0,0.37185,0.34855,0.26155,0.2852,0.0859,0.09615,0.1177,0.1277,0.1768,0.1766,0.26805,0.2413,5,5,-0.51915026,-0.46372703,0.16221285,0.18182589,0.20512532,0.15482172,-0.3897602,-0.3078591,17.284439465979506,78.62625796819468,3007.0,Hyderabad,7,"{""type"":""MultiPoint"",""coordinates"":[]}",-14.236542163812853,-21.816367565451706,-14.476177039420662,-22.86431143076767
1_1_1_1_1_2_8_0_1_1_1_1_1_2_8_0,0.2789,0.3142,0.2249,0.2317,0.078,0.0706,0.1014,0.09425,0.13115,0.1291,0.19925,0.2185,4,4,-0.4667368,-0.5384992,0.16657953,0.17965083,0.2061138,0.25719216,-0.3254615,-0.39728218,17.379121896925703,78.24815706510877,3008.0,Hyderabad,7,"{""type"":""MultiPoint"",""coordinates"":[]}",-11.696327369366307,-21.23887216418337,-11.986436304319588,-17.994823375671466
1_1_1_1_1_2_9_0_1_1_1_1_1_2_9_0,0.3019,0.2582,0.2164,0.18935,0.06,0.0498,0.0916,0.06795,0.1191,0.0821,0.2368,0.16705,1,5,-0.53443456,-0.58332056,0.12084648,0.2143445,0.3307109,0.34095925,-0.44214374,-0.42170212,17.57261900912505,78.45665604255291,3009.0,Hyderabad,7,"{""type"":""MultiPoint"",""coordinates"":[]}",-10.66678455545976,-15.92479552084794,-8.743337722378085,-14.918428752706173
1_1_1_1_1_2_10_0_1_1_1_1_1_2_10_0,0.3391,0.396,0.24555,0.30655,0.07175,0.08635,0.09985,0.1272,0.14805,0.18225,0.24375,0.2994,5,4,-0.5450507,-0.51376146,0.1635927,0.13891286,0.24425727,0.24322641,-0.41880092,-0.4036568,17.410562931869887,78.218332997676,3010.0,Hyderabad,7,"{""type"":""MultiPoint"",""coordinates"":[]}",-13.457554146946771,-22.654183702401063,-8.66742149326912,-17.087725855058032
1_1_1_1_1_2_11_0_1_1_1_1_1_2_11_0,0.3199,0.31535,0.24865,0.2528,0.0805,0.06875,0.1103,0.0976,0.1573,0.1266,0.239,0.2036,6,6,-0.48721525,-0.5273036,0.14474861,0.21533866,0.20615695,0.23319201,-0.36845118,-0.35192564,17.29845318441177,78.53310267323148,3011.0,Hyderabad,7,"{""type"":""MultiPoint"",""coordinates"":[]}",-10.32232904638076,-15.225387033775231,-8.60745101888301,-15.358572297674183
1_1_1_1_1_2_12_0_1_1_1_1_1_2_12_0,0.31935,0.27075,0.28605,0.2406,0.1172,0.1239,0.161,0.1508,0.20905,0.17855,0.27855,0.2381,6,6,-0.32965547,-0.28454512,0.06823884,0.06416429,0.14253487,0.14292572,-0.2674326,-0.2244793,17.414425687591603,78.56957427376673,3012.0,Hyderabad,7,"{""type"":""MultiPoint"",""coordinates"":[]}",-9.79983142655992,-13.807564186714929,-9.200677339458139,-13.789871713440728
1_1_1_1_1_2_13_0_1_1_1_1_1_2_13_0,0.33645,0.28665,0.2369,0.21165,0.1699,0.1604,0.1879,0.18,0.2157,0.1962,0.2637,0.2349,6,6,-0.28330314,-0.22854388,0.121219695,0.09922347,0.10012516,0.089770354,-0.16784765,-0.13232104,17.23395414701199,78.53364166240196,3013.0,Hyderabad,7,"{""type"":""MultiPoint"",""coordinates"":[]}",-8.954842207610943,-17.13799271220725,-8.519963209709571,-16.29206220274888
1_1_1_1_1_2_14_0_1_1_1_1_1_2_14_0,0.4039,0.326,0.30105,0.24195,0.1012,0.08025,0.1337,0.1176,0.1917,0.134,0.30035,0.29575,4,4,-0.5026042,-0.4697926,0.14703585,0.048652995,0.22081089,0.3763816,-0.38394195,-0.4309907,17.432661487859228,78.20297180631756,3014.0,Hyderabad,7,"{""type"":""MultiPoint"",""coordinates"":[]}",-15.429212759648172,-23.947096123891136,-10.708694366805283,-18.021143489855213
1_1_1_1_1_2_15_0_1_1_1_1_1_2_15_0,0.1358,0.19295,0.0938,0.11475,0.0533,0.04225,0.07065,0.06965,0.069,0.0623,0.11235,0.271,0,0,-0.31557277,-0.4695354,0.0944993,-0.16822934,0.23904052,0.6261626,-0.22786885,-0.5910759,17.565073160738446,78.20988883400528,3015.0,Hyderabad,7,"{""type"":""MultiPoint"",""coordinates"":[]}",-13.797695411530512,-20.966614672136092,-10.087693703116496,-16.98778753410783
1_1_1_1_1_2_16_0_1_1_1_1_1_2_16_0,0.20745,0.2109,0.13455,0.14665,0.0444,0.044,0.06235,0.0611,0.0696,0.06615,0.19085,0.17845,1,1,-0.5378058,-0.5507353,0.04167713,0.083344035,0.4655404,0.45911694,-0.5075039,-0.48987687,17.379660886096175,78.3302630820773,3016.0,Hyderabad,7,"{""type"":""MultiPoint"",""coordinates"":[]}",-8.456473639513518,-13.480360669151597,-7.618365256052309,-13.66570927139019
1_1_1_1_1_2_17_0_1_1_1_1_1_2_17_0,0.22925,0.2403,0.2175,0.22355,0.1267,0.1603,0.1462,0.1857,0.1671,0.2091,0.1944,0.2236,6,6,-0.22120123,-0.12816902,0.0822613,0.035999138,0.075518675,0.033510514,-0.14151497,-0.09259712,17.375438804260813,78.46411205941111,3017.0,Hyderabad,7,"{""type"":""MultiPoint"",""coordinates"":[]}",-4.336799831873572,-13.693802191065183,-4.776225988492923,-13.427262068718932
1_1_1_1_1_2_18_0_1_1_1_1_1_2_18_0,0.01565,0.017,0.0099,0.01355,0.0338,0.04405,0.04765,0.0677,0.03405,0.0437,0.0224,0.0234,0,0,0.5055292,0.5985832,-0.17739816,-0.15841584,-0.20637733,-0.30253354,0.36045682,0.4862788,17.38343381028948,78.28606597009862,3018.0,Hyderabad,7,"{""type"":""MultiPoint"",""coordinates"":[]}",-23.169528855398696,-29.002508296250973,-19.66081319435538,-31.622926901935354
1_1_1_1_1_2_19_0_1_1_1_1_1_2_19_0,0.2343,0.24685,0.2203,0.2268,0.1182,0.1254,0.1399,0.1472,0.1663,0.1688,0.18205,0.19255,6,6,-0.2522715,-0.25288668,0.12549537,0.1235776,0.045213148,0.06572575,-0.13092095,-0.1334805,17.55833579610755,78.43806091617164,3019.0,Hyderabad,7,"{""type"":""MultiPoint"",""coordinates"":[]}",-1.3073028692642605,-18.358155473110347,4.790670273710074,-18.04832223524235
1_1_1_1_1_2_20_0_1_1_1_1_1_2_20_0,0.40295,0.3952,0.29875,0.3282,0.07565,0.07415,0.1096,0.1115,0.163,0.1701,0.2773,0.245,5,4,-0.5723344,-0.55989736,0.1847115,0.23461418,0.25959572,0.18043844,-0.43344533,-0.37447405,17.2626104045754,78.55717752284589,3020.0,Hyderabad,7,"{""type"":""MultiPoint"",""coordinates"":[]}",-12.790126559880973,-17.999505209766326,-11.872128806817702,-18.316074982253905
1_1_1_1_1_2_21_0_1_1_1_1_1_2_21_0,0.21515,0.24645,0.17025,0.1812,0.0449,0.04325,0.05185,0.06285,0.07375,0.07325,0.1272,0.1688,4,4,-0.6116105,-0.5935984,0.25690085,0.18699579,0.26598656,0.39475316,-0.42083216,-0.45737103,17.593998912887095,78.48019190299685,3021.0,Hyderabad,7,"{""type"":""MultiPoint"",""coordinates"":[]}",-10.869334858544422,-17.19247751614705,-7.614726347964938,-15.283843929690427
1_1_1_1_1_2_22_0_1_1_1_1_1_2_22_0,0.4296,0.3867,0.346,0.3053,0.1052,0.0913,0.1528,0.1269,0.22395,0.1779,0.30875,0.2619,5,5,-0.4752747,-0.50584114,0.16367577,0.19241443,0.15918903,0.1909959,-0.33788323,-0.3472222,17.301866782491427,78.69587740271395,3022.0,Hyderabad,7,"{""type"":""MultiPoint"",""coordinates"":[]}",-12.376186482409432,-19.864445072595736,-13.138721147400352,-19.829753546728305
1_1_1_1_1_2_23_0_1_1_1_1_1_2_23_0,0.20955,0.2139,0.1587,0.1712,0.0735,0.0827,0.098,0.1077,0.1193,0.1258,0.1725,0.18105,6,6,-0.36270526,-0.3302239,0.09697684,0.083175085,0.18231666,0.1800554,-0.2754159,-0.25402597,17.338607877611913,78.30780519997431,3023.0,Hyderabad,7,"{""type"":""MultiPoint"",""coordinates"":[]}",-12.929819092092412,-17.777468184184325,-12.627610837121562,-18.20651766701037
1_1_1_1_1_2_24_0_1_1_1_1_1_2_24_0,0.27365,0.2383,0.19295,0.15695,0.05125,0.04135,0.08005,0.0659,0.0859,0.05855,0.24185,0.2331,5,1,-0.54735655,-0.5667324,0.06168768,0.011030972,0.47581998,0.5984914,-0.50264055,-0.5591973,17.269168106149476,78.4625849234281,3024.0,Hyderabad,7,"{""type"":""MultiPoint"",""coordinates"":[]}",-9.029407023871865,-15.326818651827935,-8.407506259931175,-14.049873375638162
1_1_1_1_1_2_25_0_1_1_1_1_1_2_25_0,0.19095,0.2087,0.1771,0.19195,0.0883,0.0972,0.1045,0.1157,0.1186,0.132,0.14995,0.16455,6,6,-0.2926045,-0.2866831,0.12026987,0.11828533,0.11673804,0.10976227,-0.17862055,-0.17430866,17.393944099113675,78.43599479101816,3025.0,Hyderabad,7,"{""type"":""MultiPoint"",""coordinates"":[]}",-5.324583912547078,-14.98747399329857,-4.060624064067648,-16.381475220636126
1_1_1_1_1_2_26_0_1_1_1_1_1_2_26_0,0.11425,0.1265,0.0647,0.0825,0.0286,0.0352,0.0528,0.0638,0.036,0.04445,0.198,0.15845,1,4,-0.36785394,-0.32947975,-0.26821458,-0.112124935,0.6923077,0.5618531,-0.57894737,-0.42587176,17.215089526045478,78.47327487530913,3026.0,Hyderabad,7,"{""type"":""MultiPoint"",""coordinates"":[]}",-11.784084091077638,-18.00613711734272,-12.843182161875125,-18.77106474538619
1_1_1_1_1_2_27_0_1_1_1_1_1_2_27_0,0.31605,0.3223,0.21485,0.2472,0.0549,0.07255,0.077,0.09785,0.10195,0.1315,0.19655,0.2493,1,1,-0.6081923,-0.53421396,0.23312524,0.12771168,0.31691793,0.30934873,-0.43703163,-0.43626675,17.5294100439589,78.55681819673224,3027.0,Hyderabad,7,"{""type"":""MultiPoint"",""coordinates"":[]}",-11.188702426201367,-17.731826181700455,-8.586657181052267,-16.11061785484913
1_1_1_1_1_2_28_0_1_1_1_1_1_2_28_0,0.33695,0.3225,0.3324,0.28115,0.2284,0.0988,0.2495,0.1202,0.2765,0.1298,0.30325,0.2094,6,6,-0.14911757,-0.4569686,0.0526398,0.21263395,0.046140578,0.2346698,-0.09724107,-0.27063107,17.234133810068812,78.45997980910415,3028.0,Hyderabad,7,"{""type"":""MultiPoint"",""coordinates"":[]}",-9.392198872011718,-15.780079594320625,-11.011566270090931,-17.02575382133807
1_1_1_1_1_2_29_0_1_1_1_1_1_2_29_0,0.29445,0.32695,0.2157,0.2652,0.049,0.059,0.0818,0.084,0.1147,0.1398,0.26885,0.2008,4,5,-0.56518275,-0.5911911,0.045446478,0.23903364,0.40190327,0.17909572,-0.5334379,-0.41011235,17.24922550684202,78.61970026662061,3029.0,Hyderabad,7,"{""type"":""MultiPoint"",""coordinates"":[]}",-11.354063396623015,-19.341866542653644,-10.955156388572096,-18.695060692482848
1_1_1_1_1_2_30_0_1_1_1_1_1_2_30_0,0.28785,0.28695,0.2311,0.24435,0.1034,0.1185,0.1364,0.1481,0.164,0.1617,0.24445,0.25735,6,6,-0.35698292,-0.3191587,0.08153297,0.054381777,0.19696413,0.22825438,-0.2837075,-0.2694537,17.563995182397502,78.36646518802732,3030.0,Hyderabad,7,"{""type"":""MultiPoint"",""coordinates"":[]}",-6.5214171579257565,-20.084047718117247,-4.361748939307599,-17.56804525866158
1_1_1_1_1_2_31_0_1_1_1_1_1_2_31_0,0.23105,0.2459,0.1974,0.19825,0.1185,0.1348,0.1385,0.157,0.1608,0.1887,0.24655,0.2473,6,6,-0.25043973,-0.22065029,-0.032453936,-0.002838605,0.21050693,0.13440368,-0.28061292,-0.223349,17.37669644565858,78.50184130134413,3031.0,Hyderabad,7,"{""type"":""MultiPoint"",""coordinates"":[]}",-1.0671608951046705,-13.957631745583392,-3.40801246033849,-15.450804300934902
1_1_1_1_1_2_32_0_1_1_1_1_1_2_32_0,0.30585,0.3327,0.2004,0.2391,0.06125,0.06575,0.09185,0.0968,0.10545,0.12555,0.3164,0.2698,4,4,-0.53809404,-0.54924333,-0.0169546,0.10439834,0.50005925,0.36486658,-0.5500306,-0.47190398,17.429427552836398,78.35263113265188,3032.0,Hyderabad,7,"{""type"":""MultiPoint"",""coordinates"":[]}",-11.894461415085269,-18.097378308432642,-10.307654789432451,-15.621906314647905
1_1_1_1_1_2_33_0_1_1_1_1_1_2_33_0,0.1461,0.21485,0.08785,0.1092,0.05825,0.04755,0.0813,0.07685,0.0695,0.05905,0.2116,0.41525,4,4,-0.28496042,-0.4730888,-0.18311433,-0.31804475,0.505514,0.7510015,-0.44486174,-0.6876651,17.40885613283006,78.68249250498056,3033.0,Hyderabad,7,"{""type"":""MultiPoint"",""coordinates"":[]}",-7.760146965425882,-14.177464481786679,-8.419167649395298,-12.215855432186142
1_1_1_1_1_2_34_0_1_1_1_1_1_2_34_0,0.2616,0.298,0.20915,0.23925,0.06345,0.08245,0.0736,0.1005,0.11405,0.1291,0.1688,0.2004,5,4,-0.5608592,-0.49560854,0.21561338,0.19582665,0.19356549,0.21638846,-0.39273927,-0.33200398,17.349746987134996,78.58161169857394,3034.0,Hyderabad,7,"{""type"":""MultiPoint"",""coordinates"":[]}",-8.028627044795988,-15.087656480997838,-7.811923447443318,-14.686766337050775
1_1_1_1_1_2_35_0_1_1_1_1_1_2_35_0,0.2347,0.2513,0.1753,0.196,0.05465,0.0541,0.0724,0.0819,0.0788,0.08905,0.1965,0.2043,6,6,-0.52849233,-0.50840336,0.08858998,0.103160664,0.4275336,0.3928754,-0.46150985,-0.42767295,17.530757516885078,78.28247270896213,3035.0,Hyderabad,7,"{""type"":""MultiPoint"",""coordinates"":[]}",-9.121619314406871,-14.21209947753141,-7.959651847199353,-14.637416241341935
1_1_1_1_1_2_36_0_1_1_1_1_1_2_36_0,0.2616,0.26335,0.19875,0.2166,0.06225,0.05995,0.0859,0.0818,0.11095,0.108,0.2094,0.17855,5,5,-0.50561154,-0.5260032,0.11082803,0.19189861,0.30732012,0.24620485,-0.41821876,-0.37161514,17.505245362816087,78.34481578968003,3036.0,Hyderabad,7,"{""type"":""MultiPoint"",""coordinates"":[]}",-7.870915947095066,-16.49927290068581,-9.446910699402245,-14.402564977498017
1_1_1_1_1_2_37_0_1_1_1_1_1_2_37_0,0.3612,0.2795,0.3167,0.23675,0.1313,0.1311,0.1781,0.157,0.237,0.188,0.2856,0.2485,6,6,-0.3395142,-0.28064147,0.116883114,0.05871212,0.09299655,0.13860252,-0.23183092,-0.22564735,17.359089466089838,78.39512144559073,3037.0,Hyderabad,7,"{""type"":""MultiPoint"",""coordinates"":[]}",-8.935506206482533,-17.258243005249426,-6.666513316631077,-15.739403291428607
1_1_1_1_1_2_38_0_1_1_1_1_1_2_38_0,0.29105,0.2961,0.22325,0.22755,0.05685,0.0551,0.09505,0.0828,0.1286,0.1111,0.2874,0.22085,1,5,-0.5076405,-0.56294537,0.006309966,0.14556533,0.38173077,0.33062208,-0.50294155,-0.45463526,17.360526770544432,78.23117890623891,3038.0,Hyderabad,7,"{""type"":""MultiPoint"",""coordinates"":[]}",-9.834416949493523,-17.06343381005059,-9.357588133187228,-16.52880172329734
1_1_1_1_1_2_39_0_1_1_1_1_1_2_39_0,0.37075,0.3249,0.2529,0.23625,0.09415,0.077,0.1252,0.1089,0.1615,0.1378,0.3061,0.258,4,4,-0.4951104,-0.4979253,0.095515996,0.11477097,0.30923867,0.30368873,-0.41942963,-0.40637776,17.208441992942994,78.65051248086591,3039.0,Hyderabad,7,"{""type"":""MultiPoint"",""coordinates"":[]}",-11.319768881170372,-16.69352360190995,-9.70587856543181,-16.1898991146952
1_1_1_1_1_2_40_0_1_1_1_1_1_2_40_0,0.2901,0.3457,0.2328,0.27145,0.0726,0.0841,0.09525,0.1104,0.1368,0.1595,0.2071,0.2295,5,4,-0.5056442,-0.51589566,0.16693483,0.2020167,0.2044199,0.17994858,-0.3699355,-0.35039717,17.274288503268956,78.67018558558813,3040.0,Hyderabad,7,"{""type"":""MultiPoint"",""coordinates"":[]}",-11.207456111076088,-18.080690409473263,-12.100840410324874,-19.507337982078166
1_1_1_1_1_2_41_0_1_1_1_1_1_2_41_0,0.20445,0.2248,0.1898,0.21395,0.08805,0.09985,0.1075,0.1263,0.123,0.1422,0.1592,0.1893,6,6,-0.310787,-0.28054684,0.12443283,0.08572809,0.12827782,0.14208145,-0.19385077,-0.19961977,17.502909743077375,78.4287184372168,3041.0,Hyderabad,7,"{""type"":""MultiPoint"",""coordinates"":[]}",-4.417436461306687,-14.877928526107663,-5.040107102675151,-15.127337617217504
1_1_1_1_1_2_42_0_1_1_1_1_1_2_42_0,0.23435,0.26515,0.1951,0.2332,0.11,0.1617,0.1321,0.1993,0.15995,0.236,0.2135,0.2886,6,6,-0.2790285,-0.1417806,0.046555765,-0.04234763,0.1433927,0.10026687,-0.2355324,-0.18302931,17.34624355752693,78.5655318549882,3042.0,Hyderabad,7,"{""type"":""MultiPoint"",""coordinates"":[]}",-6.420253038337124,-12.299180077112092,-7.227332067658734,-9.347927452602711
1_1_1_1_1_2_43_0_1_1_1_1_1_2_43_0,0.28,0.2569,0.2117,0.20495,0.0729,0.0691,0.0942,0.0962,0.119,0.1133,0.2431,0.20875,6,6,-0.4965259,-0.45511186,0.070541,0.103403844,0.342723,0.29638255,-0.44144678,-0.3690769,17.551688263005065,78.49142084404833,3043.0,Hyderabad,7,"{""type"":""MultiPoint"",""coordinates"":[]}",-8.459144673220663,-17.638391003233572,-8.418552398106556,-16.472165651774834
1_1_1_1_1_2_44_0_1_1_1_1_1_2_44_0,0.36775,0.3499,0.27085,0.2735,0.082,0.0828,0.1139,0.1126,0.1577,0.1488,0.2616,0.2499,4,5,-0.52704245,-0.5130811,0.16866608,0.16672224,0.24779394,0.2535741,-0.3933422,-0.3787586,17.262251078461755,78.64018185509853,3044.0,Hyderabad,7,"{""type"":""MultiPoint"",""coordinates"":[]}",-13.225386362562901,-18.842853557582583,-12.29657892469323,-17.808242523771327
1_1_1_1_1_2_45_0_1_1_1_1_1_2_45_0,0.2294,0.2244,0.2244,0.20985,0.1667,0.1673,0.1907,0.1942,0.21085,0.20995,0.232,0.2258,6,6,-0.09212092,-0.072145246,-0.005635024,-0.003109729,0.047758836,0.036374066,-0.09770523,-0.075238094,17.43544626524,78.42898793180203,3045.0,Hyderabad,7,"{""type"":""MultiPoint"",""coordinates"":[]}",-4.264198310067034,-14.56120361306378,-5.1689776658782876,-11.468972501704096
1_1_1_1_1_2_46_0_1_1_1_1_1_2_46_0,0.2759,0.2288,0.19895,0.15555,0.0562,0.0533,0.0708,0.07415,0.08395,0.0757,0.1849,0.2173,4,6,-0.5915777,-0.5104803,0.19748265,0.025778973,0.3754882,0.48327646,-0.44622606,-0.49116486,17.56489349768162,78.40482325065922,3046.0,Hyderabad,7,"{""type"":""MultiPoint"",""coordinates"":[]}",-9.646029631083731,-17.039607997369536,-8.46011478720056,-15.480569050222664
1_1_1_1_1_2_47_0_1_1_1_1_1_2_47_0,0.3828,0.3082,0.3056,0.2384,0.0737,0.05225,0.1071,0.0733,0.1776,0.1065,0.27275,0.192,4,4,-0.5627679,-0.61572737,0.1678743,0.23230708,0.21128012,0.28643215,-0.43609318,-0.447418,17.438590368734417,78.20440911077215,3047.0,Hyderabad,7,"{""type"":""MultiPoint"",""coordinates"":[]}",-11.41326624939458,-21.389907171547044,-11.809793407731489,-18.151022004166872
1_1_1_1_1_2_48_0_1_1_1_1_1_2_48_0,0.20395,0.23475,0.15345,0.1763,0.0536,0.05055,0.0774,0.0724,0.0707,0.075,0.2527,0.23455,6,6,-0.44979563,-0.5285691,-0.10675572,0.00042616663,0.56277055,0.5154256,-0.5310512,-0.52826196,17.52150486945865,78.2889405790078,3048.0,Hyderabad,7,"{""type"":""MultiPoint"",""coordinates"":[]}",-7.664356687816875,-13.346010530511478,-8.449422964283329,-14.05147674486834
1_1_1_1_1_2_49_0_1_1_1_1_1_2_49_0,0.26045,0.25055,0.2453,0.18815,0.1301,0.1187,0.1579,0.1461,0.1782,0.14875,0.22435,0.20545,6,6,-0.24512967,-0.2633304,0.074463695,0.09890351,0.11464414,0.16007905,-0.1738391,-0.16882378,17.449639646729086,78.36592619885684,3049.0,Hyderabad,7,"{""type"":""MultiPoint"",""coordinates"":[]}",-6.801988086129098,-15.91575261938072,-2.025994889051807,-14.842134122875404
1_1_1_1_1_2_50_0_1_1_1_1_1_2_50_0,0.2119,0.2855,0.18605,0.25975,0.0967,0.1051,0.1265,0.1396,0.1541,0.1725,0.2121,0.2047,6,6,-0.25236407,-0.34321335,-0.00047169812,0.16483068,0.1583834,0.085365854,-0.25280568,-0.18907928,17.322078876384115,78.63245634365511,3050.0,Hyderabad,7,"{""type"":""MultiPoint"",""coordinates"":[]}",-11.055895527381587,-18.284298350256577,-11.33688326852927,-19.668926496106508
1_1_1_1_1_2_51_0_1_1_1_1_1_2_51_0,0.30565,0.3059,0.2379,0.2446,0.105,0.1187,0.1473,0.1495,0.1987,0.1864,0.2822,0.2702,6,6,-0.3495971,-0.34343433,0.039891127,0.06196841,0.17363277,0.18353043,-0.31408614,-0.28758636,17.490962149798584,78.59176266128449,3051.0,Hyderabad,7,"{""type"":""MultiPoint"",""coordinates"":[]}",-6.295359217129394,-17.83325159556536,-6.346095394025952,-16.089221628912448
1_1_1_1_1_2_52_0_1_1_1_1_1_2_52_0,0.39105,0.39905,0.2996,0.32275,0.0974,0.08415,0.1288,0.1164,0.18445,0.1601,0.28735,0.2481,4,5,-0.50447243,-0.5483558,0.15285967,0.2332535,0.21810089,0.2155806,-0.38099244,-0.36131686,17.26521551889935,78.33529364766837,3052.0,Hyderabad,7,"{""type"":""MultiPoint"",""coordinates"":[]}",-13.221970673453097,-20.5112957918719,-12.472098346716438,-19.420003368795744
1_1_1_1_1_2_53_0_1_1_1_1_1_2_53_0,0.3694,0.3144,0.2632,0.2357,0.076,0.0597,0.1109,0.0965,0.1687,0.13205,0.2966,0.269,4,4,-0.53820527,-0.53029937,0.10930931,0.077819675,0.27487642,0.34147862,-0.45570552,-0.47195622,17.378582907755234,78.20970917094846,3053.0,Hyderabad,7,"{""type"":""MultiPoint"",""coordinates"":[]}",-11.568745970239775,-17.166655518364905,-10.054363738866236,-17.89666060723305
1_1_1_1_1_2_54_0_1_1_1_1_1_2_54_0,0.25065,0.16435,0.21245,0.10555,0.0805,0.05245,0.1124,0.0775,0.13995,0.0753,0.2215,0.234,4,4,-0.38080153,-0.3591069,0.061738852,-0.17484625,0.22561903,0.51309407,-0.32674453,-0.5024077,17.23170835880169,78.38820441790301,3054.0,Hyderabad,7,"{""type"":""MultiPoint"",""coordinates"":[]}",-10.809984192510282,-16.49688911905883,-9.734647882691087,-17.48265317091213
1_1_1_1_1_2_55_0_1_1_1_1_1_2_55_0,0.22905,0.24305,0.2175,0.2235,0.1114,0.1265,0.1339,0.147,0.1538,0.1696,0.1795,0.19625,6,6,-0.26215732,-0.24625048,0.121282585,0.10653312,0.07710771,0.07284406,-0.14550096,-0.14348143,17.419995242353142,78.51136344335579,3055.0,Hyderabad,7,"{""type"":""MultiPoint"",""coordinates"":[]}",0.5123162276265908,-15.148932424340739,2.582229836459324,-13.626044810164121
1_1_1_1_1_2_56_0_1_1_1_1_1_2_56_0,0.26995,0.2793,0.20525,0.2203,0.05365,0.0552,0.07815,0.0826,0.1047,0.1052,0.22095,0.2436,6,6,-0.5509911,-0.54352033,0.099816665,0.06827309,0.35697836,0.39678898,-0.4774323,-0.49356222,17.2280252661368,78.37149575361838,3056.0,Hyderabad,7,"{""type"":""MultiPoint"",""coordinates"":[]}",-11.292018100435314,-16.373523921926694,-10.673281304828478,-15.071607428589324
1_1_1_1_1_2_57_0_1_1_1_1_1_2_57_0,0.21475,0.2697,0.1282,0.23495,0.0594,0.0846,0.08035,0.106,0.0872,0.1325,0.2507,0.1953,6,6,-0.45543882,-0.43572,-0.077237085,0.16,0.48387095,0.19158024,-0.5145748,-0.29638234,17.50039446028184,78.22318390021024,3057.0,Hyderabad,7,"{""type"":""MultiPoint"",""coordinates"":[]}",-12.325202148578583,-20.638056126855837,-13.045968873887405,-20.876241331803087
1_1_1_1_1_2_58_0_1_1_1_1_1_2_58_0,0.1874,0.2126,0.1448,0.1773,0.04565,0.06295,0.06385,0.0823,0.0703,0.09625,0.18075,0.17925,6,6,-0.4917413,-0.4418447,0.01806329,0.0851091,0.4399522,0.30127043,-0.47792313,-0.37067482,17.46643814254212,78.59679322687556,3058.0,Hyderabad,7,"{""type"":""MultiPoint"",""coordinates"":[]}",-2.515362806562539,-14.589855129327505,-2.6576603362058626,-15.17463831816686
1_1_1_1_1_2_59_0_1_1_1_1_1_2_59_0,0.2089,0.26005,0.1935,0.2047,0.0608,0.06085,0.08,0.08055,0.1036,0.09875,0.1461,0.1967,5,5,-0.44617516,-0.52701116,0.17690141,0.13869731,0.17020425,0.3315282,-0.2923485,-0.41893598,17.27069524213248,78.68141452663961,3059.0,Hyderabad,7,"{""type"":""MultiPoint"",""coordinates"":[]}",-10.740609914590832,-17.524920592836004,-10.317530343806531,-18.282926077744783
1_1_1_1_1_2_60_0_1_1_1_1_1_2_60_0,0.23065,0.24015,0.16775,0.1889,0.0601,0.06635,0.08205,0.0888,0.0971,0.1051,0.1819,0.19,1,6,-0.47521585,-0.46010032,0.1181675,0.11658724,0.30394265,0.28769907,-0.37829134,-0.3629842,17.414246024534776,78.3077153684459,3060.0,Hyderabad,7,"{""type"":""MultiPoint"",""coordinates"":[]}",-8.261240768480954,-15.13033010544941,-7.84991447836904,-13.482268946589203
1_1_1_1_1_2_61_0_1_1_1_1_1_2_61_0,0.27595,0.31395,0.18615,0.2352,0.0468,0.0492,0.0616,0.07925,0.0905,0.11895,0.1826,0.2101,5,5,-0.63501704,-0.59689724,0.20357649,0.19816811,0.33723912,0.27700958,-0.4954955,-0.4522205,17.220569249278608,78.42216073564272,3061.0,Hyderabad,7,"{""type"":""MultiPoint"",""coordinates"":[]}",-11.374274232552704,-17.010323521890058,-9.977116650484,-17.35004479646718
1_1_1_1_1_2_62_0_1_1_1_1_1_2_62_0,0.3269,0.2692,0.2198,0.2022,0.06255,0.0598,0.09025,0.07845,0.1406,0.1053,0.2266,0.15685,5,1,-0.5673019,-0.548684,0.18121047,0.26370144,0.2342048,0.19664314,-0.4303298,-0.33319166,17.212214917136297,78.63712758313252,3062.0,Hyderabad,7,"{""type"":""MultiPoint"",""coordinates"":[]}",-11.010256335956585,-18.76021206114511,-7.906877186684373,-14.414939034200437
1_1_1_1_1_2_63_0_1_1_1_1_1_2_63_0,0.10205,0.34325,0.06315,0.25495,0.0507,0.1229,0.0698,0.1565,0.0638,0.2106,0.18185,0.31715,1,4,-0.18766366,-0.37368685,-0.2810849,0.0395215,0.48056176,0.20189483,-0.44526127,-0.3391745,17.338607877611913,78.67701278174744,3063.0,Hyderabad,7,"{""type"":""MultiPoint"",""coordinates"":[]}",-11.340908578827293,-18.05437216263342,-11.19828308715564,-18.65990382406722
1_1_1_1_1_2_64_0_1_1_1_1_1_2_64_0,0.25165,0.2446,0.2408,0.22675,0.1327,0.1785,0.1606,0.2004,0.1831,0.2182,0.21805,0.2314,6,6,-0.22086112,-0.09932584,0.07153502,0.027731093,0.08712452,0.02935943,-0.15172322,-0.0717925,17.46212622917835,78.50354810038395,3064.0,Hyderabad,7,"{""type"":""MultiPoint"",""coordinates"":[]}",-2.578596601148501,-11.284452860529806,-3.685011860456623,-12.45422982972742
1_1_1_1_1_2_65_0_1_1_1_1_1_2_65_0,0.18355,0.29855,0.12165,0.2195,0.03685,0.0639,0.0543,0.1043,0.0597,0.1442,0.1565,0.2871,1,5,-0.5434097,-0.4821894,0.07954712,0.019550927,0.44773358,0.3313239,-0.48481974,-0.4670414,17.453861728564448,78.35541591003265,3065.0,Hyderabad,7,"{""type"":""MultiPoint"",""coordinates"":[]}",-9.413501355415102,-13.598754720158759,-9.160432368976977,-15.656594535487223
1_1_1_1_1_2_66_0_1_1_1_1_1_2_66_0,0.38465,0.36375,0.28825,0.27345,0.0848,0.08145,0.1308,0.1129,0.2133,0.1647,0.2995,0.2493,5,4,-0.4924823,-0.5262771,0.12446101,0.1866895,0.16809672,0.20434782,-0.39205205,-0.3765875,17.565073160738446,78.53193486336212,3066.0,Hyderabad,7,"{""type"":""MultiPoint"",""coordinates"":[]}",-13.776572847050957,-20.885590018953323,-11.745244499077803,-18.392721840339515
1_1_1_1_1_2_67_0_1_1_1_1_1_2_67_0,0.2161,0.2525,0.19125,0.2316,0.1109,0.1055,0.1427,0.1291,0.1496,0.1468,0.17255,0.1705,6,6,-0.20457079,-0.32337525,0.11205455,0.19385342,0.071240105,0.07469272,-0.094686754,-0.13818425,17.522852342384827,78.35829051894183,3067.0,Hyderabad,7,"{""type"":""MultiPoint"",""coordinates"":[]}",-11.26050303548158,-19.32752492281766,-10.188653419996385,-19.078373247741084
1_1_1_1_1_2_68_0_1_1_1_1_1_2_68_0,0.3384,0.40435,0.29045,0.36055,0.115,0.2178,0.1565,0.2638,0.1959,0.2965,0.25675,0.3534,5,6,-0.367549,-0.21035695,0.13719231,0.06723853,0.13443057,0.08755193,-0.24258924,-0.14517175,17.463833028218176,78.38029924340276,3068.0,Hyderabad,7,"{""type"":""MultiPoint"",""coordinates"":[]}",-10.152610819308281,-16.320786516578842,-7.486675342296026,-15.474494669724482
1_1_1_1_1_2_69_0_1_1_1_1_1_2_69_0,0.3159,0.28185,0.28355,0.2503,0.1296,0.1229,0.1629,0.15,0.2017,0.1781,0.25205,0.22485,6,6,-0.31954888,-0.30531433,0.11242187,0.1124926,0.11096419,0.11601936,-0.21484517,-0.19967987,17.509287781594622,78.56427421359044,3069.0,Hyderabad,7,"{""type"":""MultiPoint"",""coordinates"":[]}",-7.923621727316509,-12.615423977591345,-7.435497966851377,-11.709433298424852
1_1_1_1_1_2_70_0_1_1_1_1_1_2_70_0,0.20045,0.1985,0.1566,0.15835,0.08045,0.0662,0.1055,0.0858,0.11095,0.09085,0.2574,0.24295,6,6,-0.31034482,-0.39641225,-0.124385715,-0.1006909,0.3975838,0.45566207,-0.4185726,-0.4780228,17.459700777911227,78.40284695703416,3070.0,Hyderabad,7,"{""type"":""MultiPoint"",""coordinates"":[]}",-6.6258057874435945,-13.518159471547115,-7.073386194932347,-13.543199153355836
1_1_1_1_1_2_71_0_1_1_1_1_1_2_71_0,0.26745,0.22995,0.16135,0.1256,0.0502,0.0459,0.07955,0.0777,0.0741,0.0585,0.31845,0.44105,4,4,-0.54149854,-0.49488056,-0.08704557,-0.31460506,0.6224685,0.7657892,-0.60025126,-0.70043373,17.21239458019312,78.48297668037762,3071.0,Hyderabad,7,"{""type"":""MultiPoint"",""coordinates"":[]}",-9.524037858797778,-16.17495418273568,-9.38974630154813,-15.236971582572435
1_1_1_1_1_2_72_0_1_1_1_1_1_2_72_0,0.3393,0.3396,0.26665,0.2815,0.08715,0.09495,0.1203,0.1268,0.17095,0.169,0.2415,0.2141,5,5,-0.47650132,-0.4562607,0.16838843,0.22665703,0.17105104,0.11772383,-0.3349917,-0.25608683,17.287583569473924,78.46096795591669,3072.0,Hyderabad,7,"{""type"":""MultiPoint"",""coordinates"":[]}",-10.69867356044913,-19.156905920235126,-8.981033009298281,-17.390466664214713
1_1_1_1_1_2_73_0_1_1_1_1_1_2_73_0,0.26135,0.33245,0.24685,0.3101,0.1204,0.2407,0.148,0.2757,0.1802,0.2961,0.2388,0.3224,6,6,-0.2769024,-0.093315795,0.045086473,0.015347026,0.1398568,0.042522233,-0.23474663,-0.07808059,17.542884773220692,78.33565297378202,3073.0,Hyderabad,7,"{""type"":""MultiPoint"",""coordinates"":[]}",-7.333129537754125,-14.914031861698916,-6.044350786964012,-13.297769230211093
1_1_1_1_1_2_74_0_1_1_1_1_1_2_74_0,0.2284,0.25505,0.19965,0.23295,0.1253,0.1368,0.1554,0.1662,0.18435,0.20035,0.2189,0.2308,6,6,-0.19020323,-0.21091989,0.021238543,0.049912523,0.08567886,0.070625074,-0.16965002,-0.1627204,17.408496806716414,78.42557433372238,3074.0,Hyderabad,7,"{""type"":""MultiPoint"",""coordinates"":[]}",-4.375949425195869,-14.348635629934375,-6.52770380068514,-15.710124081232763
1_1_1_1_1_2_75_0_1_1_1_1_1_2_75_0,0.0562,0.31215,0.0383,0.2112,0.0486,0.0832,0.078,0.1167,0.0749,0.1409,0.17175,0.296,3,4,0.16244411,-0.45575377,-0.50690943,0.026555948,0.39266166,0.35500115,-0.3753754,-0.43445602,17.55896461680643,78.56095044703919,3075.0,Hyderabad,7,"{""type"":""MultiPoint"",""coordinates"":[]}",-11.671269094887311,-20.149393090973632,-12.850792129160265,-20.48316737283429
1_1_1_1_1_2_76_0_1_1_1_1_1_2_76_0,0.3231,0.3241,0.22875,0.25215,0.0715,0.1023,0.0994,0.132,0.1199,0.1432,0.23145,0.24585,4,6,-0.52946746,-0.42117956,0.16526914,0.13729274,0.31748968,0.26384783,-0.39912346,-0.30131003,17.570013894801104,78.52133474300952,3076.0,Hyderabad,7,"{""type"":""MultiPoint"",""coordinates"":[]}",-11.031253391206437,-17.716461543400715,-10.842129933242234,-17.03036765956758
1_1_1_1_1_2_77_0_1_1_1_1_1_2_77_0,0.1534,0.20455,0.1015,0.1377,0.0477,0.0619,0.0641,0.0915,0.0694,0.09995,0.18915,0.2567,1,4,-0.4105747,-0.38186118,-0.10436433,-0.11306233,0.46315992,0.43950653,-0.49378085,-0.47443998,17.46589915337165,78.27501669210395,3077.0,Hyderabad,7,"{""type"":""MultiPoint"",""coordinates"":[]}",-10.75976418993033,-15.571920278719265,-11.124974199697826,-16.639490903272005
1_1_1_1_1_2_78_0_1_1_1_1_1_2_78_0,0.391,0.35785,0.2995,0.2832,0.0832,0.07885,0.119,0.11,0.1902,0.1545,0.2749,0.2142,5,5,-0.53333336,-0.5297638,0.1743505,0.2511144,0.18211137,0.16192026,-0.39578572,-0.32140654,17.55788663846549,78.63865471911552,3078.0,Hyderabad,7,"{""type"":""MultiPoint"",""coordinates"":[]}",-8.860099220515764,-16.52804590471241,-10.749253715063345,-17.36063308180461
1_1_1_1_1_2_79_0_1_1_1_1_1_2_79_0,0.1871,0.21145,0.1196,0.1467,0.04675,0.0467,0.0593,0.0677,0.0593,0.07185,0.1797,0.1772,1,1,-0.51866883,-0.5149561,0.020174483,0.088125564,0.5037657,0.42300743,-0.5037657,-0.44712126,17.47649927372426,78.40230796786368,3079.0,Hyderabad,7,"{""type"":""MultiPoint"",""coordinates"":[]}",-8.532495737742721,-13.96374759465681,-7.067399801691478,-14.110493342169189
1_1_1_1_1_2_80_0_1_1_1_1_1_2_80_0,0.39205,0.44155,0.3363,0.3816,0.127,0.0991,0.1593,0.1538,0.1839,0.2283,0.30295,0.3111,6,6,-0.42214563,-0.48332915,0.12820144,0.17332093,0.24453117,0.1535039,-0.31076258,-0.33835232,17.25326792562056,78.3099611566562,3080.0,Hyderabad,7,"{""type"":""MultiPoint"",""coordinates"":[]}",-11.209428490031241,-19.96705563797471,-11.70120117791623,-20.27428560934284
1_1_1_1_1_2_81_0_1_1_1_1_1_2_81_0,0.32985,0.392,0.2229,0.31125,0.0692,0.07605,0.09395,0.1232,0.1375,0.1961,0.252,0.3007,1,5,-0.5566305,-0.5217391,0.13379738,0.1318031,0.29396662,0.2105475,-0.45685792,-0.41873083,17.241589826927004,78.55753684895953,3081.0,Hyderabad,7,"{""type"":""MultiPoint"",""coordinates"":[]}",-12.130287906326684,-18.343471094761902,-11.981585338658647,-18.74170497493253
1_1_1_1_1_2_82_0_1_1_1_1_1_2_82_0,0.51565,0.3113,0.3954,0.2173,0.125,0.0767,0.1771,0.1131,0.259,0.1261,0.40505,0.2905,4,4,-0.48870444,-0.46701226,0.120125994,0.03456298,0.21993826,0.39462313,-0.39156574,-0.4395441,17.207094520016817,78.35173281736775,3082.0,Hyderabad,7,"{""type"":""MultiPoint"",""coordinates"":[]}",-18.347377008473423,-24.254616192571312,-11.883382729273322,-18.537402509303668
1_1_1_1_1_2_83_0_1_1_1_1_1_2_83_0,0.1897,0.21885,0.1451,0.17155,0.06935,0.07925,0.0784,0.0948,0.0771,0.1094,0.1828,0.16475,6,6,-0.4151436,-0.39550453,0.01852349,0.14103232,0.4066949,0.20189677,-0.39969373,-0.2695049,17.46392285974659,78.47920375618432,3083.0,Hyderabad,7,"{""type"":""MultiPoint"",""coordinates"":[]}",-8.290837088816511,-13.701245600511145,-10.47272428199945,-14.984925431993203
1_1_1_1_1_2_84_0_1_1_1_1_1_2_84_0,0.39005,0.3713,0.34195,0.2915,0.1272,0.0812,0.1765,0.1324,0.2305,0.2133,0.32855,0.2938,6,6,-0.37693053,-0.47429025,0.085583076,0.11652383,0.17538682,0.15874581,-0.3010593,-0.37869546,17.207543677658876,78.46896296194535,3084.0,Hyderabad,7,"{""type"":""MultiPoint"",""coordinates"":[]}",-13.06251060559805,-20.17380074613632,-10.251354017930435,-19.17732580455823
1_1_1_1_1_2_85_0_1_1_1_1_1_2_85_0,0.3069,0.34055,0.2588,0.31805,0.0831,0.1461,0.1196,0.1967,0.1643,0.2424,0.221,0.29725,6,6,-0.4391559,-0.26775244,0.16272022,0.06788962,0.14715806,0.10163995,-0.2977099,-0.20356311,17.50955727617986,78.32074094006563,3085.0,Hyderabad,7,"{""type"":""MultiPoint"",""coordinates"":[]}",-10.34930002742154,-15.436403049969885,-9.728183132376529,-16.65955674096336
1_1_1_1_1_2_86_0_1_1_1_1_1_2_86_0,0.3356,0.28315,0.26665,0.2479,0.07505,0.1299,0.1031,0.1588,0.1561,0.1881,0.23035,0.219,6,6,-0.52997494,-0.28136668,0.18597049,0.12775066,0.19213352,0.07590273,-0.38161644,-0.15934357,17.33806888844144,78.60784250487023,3086.0,Hyderabad,7,"{""type"":""MultiPoint"",""coordinates"":[]}",-9.832711986347347,-17.19607411062356,-5.114384007462354,-16.32557199420647
1_1_1_1_1_2_87_0_1_1_1_1_1_2_87_0,0.23665,0.42085,0.19605,0.32705,0.06925,0.1144,0.0894,0.1464,0.1125,0.2006,0.1638,0.30265,4,4,-0.45161784,-0.48382547,0.18192033,0.1633725,0.18566775,0.20278192,-0.29383886,-0.3479568,17.555012029556305,78.25175032624524,3087.0,Hyderabad,7,"{""type"":""MultiPoint"",""coordinates"":[]}",-11.647456639750589,-18.101133998257815,-11.592631398112953,-19.798692696767674
1_1_1_1_1_2_88_0_1_1_1_1_1_2_88_0,0.224,0.2282,0.202,0.2072,0.1093,0.113,0.1272,0.1306,0.14605,0.1461,0.1618,0.169,6,6,-0.27562642,-0.27201784,0.16122343,0.1490433,0.051161278,0.07267534,-0.119723186,-0.1281709,17.396279718852387,78.54028919550444,3088.0,Hyderabad,7,"{""type"":""MultiPoint"",""coordinates"":[]}",-6.044816844196022,-14.255046981665556,-5.7204741299164,-16.3814770749946
1_1_1_1_1_2_89_0_1_1_1_1_1_2_89_0,0.376,0.3913,0.30085,0.3293,0.10165,0.1092,0.1375,0.1512,0.1901,0.21905,0.2655,0.2823,5,6,-0.4644596,-0.44258064,0.17225254,0.1618171,0.16549605,0.12615937,-0.31761786,-0.30242214,17.443890428910724,78.33682078365138,3089.0,Hyderabad,7,"{""type"":""MultiPoint"",""coordinates"":[]}",-14.38809535727319,-21.904409917612753,-11.22938469544699,-18.50555540448098
1_1_1_1_1_2_90_0_1_1_1_1_1_2_90_0,0.2092,0.2551,0.1799,0.21785,0.08915,0.1114,0.1165,0.1425,0.1249,0.1593,0.2111,0.2853,6,6,-0.28461775,-0.2831992,-0.0045205806,-0.05588453,0.25654763,0.2834008,-0.2887668,-0.33380085,17.459610946382814,78.48854623513915,3090.0,Hyderabad,7,"{""type"":""MultiPoint"",""coordinates"":[]}",-6.754945748256844,-13.877741032980593,-6.782375022331287,-14.392291346735519
1_1_1_1_1_2_91_0_1_1_1_1_1_2_91_0,0.27975,0.2277,0.2304,0.18365,0.106,0.0858,0.1401,0.1044,0.1717,0.1176,0.24185,0.1775,6,6,-0.3326188,-0.37127373,0.07266104,0.12388944,0.16962883,0.20298204,-0.26639614,-0.25931183,17.550250958550475,78.50354810038395,3091.0,Hyderabad,7,"{""type"":""MultiPoint"",""coordinates"":[]}",-10.007736047837684,-16.672864235808674,-2.720896165321416,-14.581584024662988
1_1_1_1_1_2_92_0_1_1_1_1_1_2_92_0,0.34955,0.41635,0.25845,0.3336,0.0609,0.07835,0.09695,0.1158,0.1524,0.1809,0.266,0.2733,4,4,-0.5657335,-0.56478435,0.13573228,0.20742406,0.2715105,0.20343462,-0.46576664,-0.40478027,17.21095727573853,78.42153191494384,3092.0,Hyderabad,7,"{""type"":""MultiPoint"",""coordinates"":[]}",-10.687871895472888,-16.11755837776067,-10.551394075851057,-18.67830273104275
1_1_1_1_1_2_93_0_1_1_1_1_1_2_93_0,0.20735,0.2163,0.19945,0.2096,0.1015,0.0937,0.1164,0.1099,0.1368,0.1255,0.1518,0.1424,6,6,-0.28092664,-0.32618025,0.15467075,0.20602174,0.051975053,0.06308324,-0.13199106,-0.1288149,17.397986517892214,78.47794611478655,3093.0,Hyderabad,7,"{""type"":""MultiPoint"",""coordinates"":[]}",-1.5554415511231445,-13.598971854430983,-0.9887960413404133,-12.941163757596525
1_1_1_1_1_2_94_0_1_1_1_1_1_2_94_0,0.3198,0.30295,0.216,0.22265,0.0642,0.06,0.0891,0.082,0.1303,0.1133,0.2545,0.2089,5,5,-0.56419665,-0.5739706,0.11370364,0.18374524,0.32276508,0.2967101,-0.4813737,-0.4362324,17.54513056143099,78.59158299822766,3094.0,Hyderabad,7,"{""type"":""MultiPoint"",""coordinates"":[]}",-10.239596573358817,-17.36102119251463,-9.513257755581481,-15.426431165980139
1_1_1_1_1_2_95_0_1_1_1_1_1_2_95_0,0.2937,0.24905,0.2674,0.2196,0.1138,0.1526,0.1538,0.1788,0.1993,0.195,0.2524,0.2355,6,6,-0.3126257,-0.16419306,0.07562718,0.02796409,0.1175559,0.094076656,-0.24273756,-0.13685735,17.305100717514257,78.52600598248694,3095.0,Hyderabad,7,"{""type"":""MultiPoint"",""coordinates"":[]}",-5.829190967791771,-17.07568964312735,-1.9449010854930742,-15.918778899528437
1_1_1_1_1_2_96_0_1_1_1_1_1_2_96_0,0.2264,0.3511,0.1627,0.29505,0.06685,0.1435,0.0904,0.2015,0.1078,0.2601,0.23095,0.34015,6,6,-0.42929292,-0.27072024,-0.009948617,0.015840868,0.36354244,0.1333611,-0.43737358,-0.2559771,17.51377935801522,78.38083823257323,3096.0,Hyderabad,7,"{""type"":""MultiPoint"",""coordinates"":[]}",-8.096383636516872,-14.69170073183907,-7.279400613383829,-17.12675521713715
1_1_1_1_1_2_97_0_1_1_1_1_1_2_97_0,0.18475,0.1828,0.14525,0.1723,0.07405,0.10125,0.0923,0.1096,0.1292,0.1213,0.17455,0.1323,6,6,-0.33369428,-0.250342,0.028388534,0.16026658,0.14930041,0.043375395,-0.3082256,-0.09384043,17.31552117481004,78.67198221615637,3097.0,Hyderabad,7,"{""type"":""MultiPoint"",""coordinates"":[]}",-11.314970598422235,-19.227333690194655,-12.784330499036809,-21.94665925406452
1_1_1_1_1_2_98_0_1_1_1_1_1_2_98_0,0.0119,0.01435,0.00815,0.01015,0.04025,0.0502,0.04765,0.0796,0.0372,0.06115,0.0201,0.02915,0,0,0.60033584,0.6945184,-0.25625,-0.3402299,-0.2984293,-0.35437432,0.40664208,0.46390805,17.30024981498001,78.34769039858922,3098.0,Hyderabad,7,"{""type"":""MultiPoint"",""coordinates"":[]}",-21.944394413264515,-30.06121521526801,-21.026886301108064,-35.00072890424017
1_1_1_1_1_2_99_0_1_1_1_1_1_2_99_0,0.193,0.1699,0.11665,0.10365,0.04165,0.03105,0.0692,0.0525,0.0748,0.0449,0.2345,0.21165,1,1,-0.47215867,-0.5278777,-0.09707602,-0.109422095,0.5163272,0.64997077,-0.54428715,-0.6024986,17.240242354000827,78.54801470694787,3099.0,Hyderabad,7,"{""type"":""MultiPoint"",""coordinates"":[]}",-7.822565112138605,-15.220328116178582,-8.30832042790829,-14.90915853155117
1_1_1_1_1_2_100_0_1_1_1_1_1_2_100_0,0.1737,0.2075,0.08505,0.0976,0.056,0.052,0.0855,0.0831,0.0662,0.0604,0.4524,0.4446,4,4,-0.3402778,-0.42807984,-0.44513655,-0.36359453,0.7446973,0.7607921,-0.682097,-0.68504834,17.402028936670753,78.66434653624135,3100.0,Hyderabad,7,"{""type"":""MultiPoint"",""coordinates"":[]}",-10.189243977756872,-15.761983050121948,-9.481334741721525,-14.85027982261047
1_1_1_1_1_2_101_0_1_1_1_1_1_2_101_0,0.32435,0.30225,0.26795,0.2126,0.0477,0.058,0.0813,0.08975,0.1385,0.1217,0.2014,0.2408,4,4,-0.59916186,-0.54209185,0.2338564,0.11315717,0.18505442,0.3285517,-0.424832,-0.45696566,17.261442594706047,78.41057246847758,3101.0,Hyderabad,7,"{""type"":""MultiPoint"",""coordinates"":[]}",-10.947638061143161,-18.264115988836735,-10.110024965147876,-16.73815871431696
1_1_1_1_1_2_102_0_1_1_1_1_1_2_102_0,0.2248,0.22645,0.12925,0.14465,0.051,0.0467,0.07175,0.0674,0.08165,0.07695,0.25465,0.21275,1,5,-0.51610184,-0.54126257,-0.06225884,0.031193078,0.51442164,0.4687608,-0.56035537,-0.5188292,17.58169199349466,78.45548823268356,3102.0,Hyderabad,7,"{""type"":""MultiPoint"",""coordinates"":[]}",-11.438103441653954,-16.021700465227436,-10.07817670434784,-15.499228904380152
1_1_1_1_1_2_103_0_1_1_1_1_1_2_103_0,0.2054,0.2218,0.1513,0.1845,0.07185,0.08045,0.08535,0.1035,0.1032,0.1147,0.1848,0.1933,6,6,-0.41289768,-0.3636643,0.05279344,0.06865816,0.28333333,0.2551948,-0.3681288,-0.30256066,17.35774199316366,78.42692180664855,3103.0,Hyderabad,7,"{""type"":""MultiPoint"",""coordinates"":[]}",-8.190905168390588,-14.734207236216722,-7.8233410821928935,-15.154241312436298
1_1_1_1_1_2_104_0_1_1_1_1_1_2_104_0,0.27455,0.20565,0.20105,0.1389,0.0818,0.04755,0.112,0.071,0.1458,0.0772,0.27245,0.2253,4,1,-0.42051482,-0.48671606,0.0038391226,-0.04559694,0.30280933,0.48958677,-0.41734946,-0.520756,17.59067514633585,78.52825177069724,3104.0,Hyderabad,7,"{""type"":""MultiPoint"",""coordinates"":[]}",-9.602422953187215,-15.909499060791639,-8.598577248273934,-15.423153085664158
1_1_1_1_1_2_105_0_1_1_1_1_1_2_105_0,0.2515,0.25575,0.1741,0.1714,0.0408,0.0402,0.0585,0.06075,0.0668,0.0608,0.20675,0.2602,4,4,-0.62258065,-0.6161137,0.09765412,-0.008624867,0.51160663,0.6211838,-0.5589067,-0.62143636,17.31866527830446,78.31014081971301,3105.0,Hyderabad,7,"{""type"":""MultiPoint"",""coordinates"":[]}",-9.607787450283023,-17.035048854780293,-9.975617494370589,-16.405414380972253
1_1_1_1_1_2_106_0_1_1_1_1_1_2_106_0,0.3212,0.31355,0.22635,0.2228,0.08145,0.07805,0.1107,0.1051,0.153,0.1304,0.27335,0.28955,4,4,-0.48738134,-0.49790996,0.08048104,0.039794397,0.28227982,0.3789737,-0.42351258,-0.46737614,17.268359622393767,78.28049641533707,3106.0,Hyderabad,7,"{""type"":""MultiPoint"",""coordinates"":[]}",-13.272997622850573,-19.97005682561634,-9.721812477566331,-15.903919943656325
1_1_1_1_1_2_107_0_1_1_1_1_1_2_107_0,0.3184,0.27475,0.249,0.2266,0.0806,0.08615,0.10025,0.109,0.1319,0.1323,0.1932,0.2102,6,6,-0.52107966,-0.4319218,0.24472244,0.1331065,0.18855737,0.22744526,-0.316749,-0.31704262,17.302854929303958,78.54918251681723,3107.0,Hyderabad,7,"{""type"":""MultiPoint"",""coordinates"":[]}",-10.12231453655067,-17.68249999503727,-8.664461676241643,-17.911483584635434
1_1_1_1_1_2_108_0_1_1_1_1_1_2_108_0,0.25665,0.2119,0.17805,0.1254,0.067,0.0605,0.091,0.0935,0.1001,0.0747,0.29525,0.327,4,4,-0.47648498,-0.38768828,-0.06994021,-0.21358323,0.49361324,0.62808067,-0.5288026,-0.5552913,17.328097588787717,78.40635038664222,3108.0,Hyderabad,7,"{""type"":""MultiPoint"",""coordinates"":[]}",-9.770774143287543,-16.154652789692587,-10.692276037634326,-16.50407064788922
1_1_1_1_1_2_109_0_1_1_1_1_1_2_109_0,0.26405,0.2769,0.18265,0.1929,0.05145,0.0484,0.07625,0.07315,0.09695,0.0885,0.22165,0.2144,1,1,-0.551866,-0.5820597,0.08729669,0.12721351,0.39139986,0.41564873,-0.48808324,-0.49121892,17.360167444430783,78.33762926740708,3109.0,Hyderabad,7,"{""type"":""MultiPoint"",""coordinates"":[]}",-10.09860523461665,-15.650975023114528,-9.87154296087044,-14.62051458958256
1_1_1_1_1_2_110_0_1_1_1_1_1_2_110_0,0.45445,0.31175,0.3269,0.2226,0.0816,0.0552,0.1189,0.08785,0.1766,0.1237,0.3232,0.27895,4,4,-0.5852446,-0.5603103,0.16877773,0.05552734,0.29331732,0.3855706,-0.46211264,-0.52099234,17.20628603626111,78.4430016502343,3110.0,Hyderabad,7,"{""type"":""MultiPoint"",""coordinates"":[]}",-11.03388132645079,-19.03896559234329,-9.507107716920029,-15.3200886332423
1_1_1_1_1_2_111_0_1_1_1_1_1_2_111_0,0.265,0.28965,0.2084,0.2363,0.0985,0.0998,0.1181,0.1287,0.1471,0.1538,0.21925,0.214,6,6,-0.3834508,-0.38472572,0.09447599,0.15020351,0.19694282,0.1636759,-0.29983696,-0.24890575,17.424307155716917,78.29621693280917,3111.0,Hyderabad,7,"{""type"":""MultiPoint"",""coordinates"":[]}",-8.250293047773813,-18.091201699287126,-8.814560757955068,-16.300883203916047
1_1_1_1_1_2_112_0_1_1_1_1_1_2_112_0,0.2339,0.2476,0.182,0.202,0.0579,0.06585,0.0755,0.08065,0.097,0.10045,0.17615,0.16185,1,1,-0.51195866,-0.50860626,0.14083648,0.20942728,0.28976753,0.23408312,-0.39996025,-0.33484536,17.54126780570928,78.41488438184136,3112.0,Hyderabad,7,"{""type"":""MultiPoint"",""coordinates"":[]}",-9.098622019573051,-15.282173833930013,-8.47965913025961,-15.015224993329536
1_1_1_1_1_2_113_0_1_1_1_1_1_2_113_0,0.29925,0.25405,0.22465,0.2033,0.0793,0.07715,0.1078,0.1054,0.1505,0.1433,0.2299,0.2151,5,6,-0.47033533,-0.41354847,0.13105924,0.08302249,0.20872766,0.20033482,-0.3615635,-0.3422777,17.318575446776048,78.37410086794233,3113.0,Hyderabad,7,"{""type"":""MultiPoint"",""coordinates"":[]}",-10.972142489344316,-17.295161551971827,-4.009631798424398,-16.001030897787945
1_1_1_1_1_2_114_0_1_1_1_1_1_2_114_0,0.26905,0.2433,0.1912,0.19425,0.0683,0.0747,0.0971,0.0994,0.1161,0.13085,0.2551,0.2086,4,5,-0.46961626,-0.41990077,0.026614519,0.0767869,0.3744612,0.22904699,-0.44860876,-0.35454544,17.507041993384323,78.22066861741472,3114.0,Hyderabad,7,"{""type"":""MultiPoint"",""coordinates"":[]}",-12.603044180595298,-19.884348547911696,-9.76669687867464,-17.732619770847755
1_1_1_1_1_2_115_0_1_1_1_1_1_2_115_0,0.20975,0.22625,0.13185,0.1462,0.0459,0.0487,0.07445,0.06905,0.07345,0.07245,0.2848,0.28085,4,4,-0.47607318,-0.53234,-0.15175413,-0.10767107,0.58995116,0.589867,-0.5855254,-0.6053158,17.516564135395992,78.5708319151645,3115.0,Hyderabad,7,"{""type"":""MultiPoint"",""coordinates"":[]}",-10.481786514691207,-15.108164653970002,-8.957654094474671,-14.255513153149174
1_1_1_1_1_2_116_0_1_1_1_1_1_2_116_0,0.2793,0.2172,0.1837,0.1448,0.0418,0.0486,0.06485,0.0821,0.068,0.07185,0.31865,0.2165,4,4,-0.6231294,-0.45138657,-0.06580818,0.0016140189,0.6482607,0.5016473,-0.6617992,-0.45010048,17.200536818442743,78.37517884628328,3116.0,Hyderabad,7,"{""type"":""MultiPoint"",""coordinates"":[]}",-10.387102692215311,-17.903713883982146,-10.726553148601095,-17.035046434438836
1_1_1_1_1_2_117_0_1_1_1_1_1_2_117_0,0.39275,0.41345,0.29425,0.33415,0.0817,0.0736,0.1174,0.1048,0.1728,0.1604,0.28095,0.2435,4,4,-0.5397432,-0.595562,0.16594924,0.25869548,0.23834711,0.205744,-0.4105686,-0.3982199,17.51557598858346,78.60910014626799,3117.0,Hyderabad,7,"{""type"":""MultiPoint"",""coordinates"":[]}",-13.364103227727478,-19.94587070731831,-10.38835036129472,-19.37068988917347
1_1_1_1_1_2_118_0_1_1_1_1_1_2_118_0,0.39915,0.37415,0.30185,0.29765,0.08275,0.07585,0.1151,0.1068,0.1841,0.1562,0.29535,0.244,5,5,-0.5523578,-0.555879,0.14946005,0.2105476,0.23203671,0.2193903,-0.43915215,-0.39110604,17.238355891904174,78.32631049482717,3118.0,Hyderabad,7,"{""type"":""MultiPoint"",""coordinates"":[]}",-12.695723737306954,-19.539215506514076,-11.248086866762751,-17.714362605565842
1_1_1_1_1_2_119_0_1_1_1_1_1_2_119_0,0.26455,0.24925,0.23085,0.23305,0.0975,0.1542,0.1235,0.1619,0.1538,0.1759,0.2335,0.23905,6,6,-0.36348408,-0.21245287,0.06234314,0.020888798,0.20578364,0.152187,-0.30812326,-0.19241801,17.46580932184324,78.34032421325944,3119.0,Hyderabad,7,"{""type"":""MultiPoint"",""coordinates"":[]}",-7.513447619745783,-14.699192942069983,-3.499605435474919,-13.654969009939816
1_1_1_1_1_2_120_0_1_1_1_1_1_2_120_0,0.2249,0.1777,0.1361,0.09545,0.0523,0.0358,0.0728,0.059,0.0748,0.04965,0.25,0.2663,1,1,-0.510917,-0.5014787,-0.052853234,-0.19954956,0.53940886,0.6857098,-0.54894674,-0.63725793,17.57953603681277,78.53040772737913,3120.0,Hyderabad,7,"{""type"":""MultiPoint"",""coordinates"":[]}",-8.92934732346341,-14.647283392946358,-9.170449355641779,-15.243897305401338
1_1_1_1_1_2_121_0_1_1_1_1_1_2_121_0,0.1461,0.32665,0.0861,0.25875,0.04475,0.0787,0.0653,0.1052,0.0622,0.14115,0.21385,0.21855,4,5,-0.3822138,-0.5127938,-0.18822059,0.19827586,0.549357,0.21517931,-0.53215116,-0.35011584,17.421971535978205,78.66632282986642,3121.0,Hyderabad,7,"{""type"":""MultiPoint"",""coordinates"":[]}",-9.445195353334995,-16.532105739499247,-9.978489620182762,-16.773666481579564
1_1_1_1_1_2_122_0_1_1_1_1_1_2_122_0,0.361,0.3292,0.2612,0.2492,0.0811,0.0594,0.1091,0.0908,0.165,0.141,0.2634,0.2329,4,4,-0.53584343,-0.567619,0.15631005,0.17132182,0.22969188,0.24578765,-0.4142282,-0.43898672,17.482787480713096,78.22084828047154,3122.0,Hyderabad,7,"{""type"":""MultiPoint"",""coordinates"":[]}",-12.124003382022943,-19.50509459508375,-10.172145688074668,-18.5455125236233
1_1_1_1_1_2_123_0_1_1_1_1_1_2_123_0,0.2182,0.2238,0.126,0.1692,0.05765,0.05865,0.0855,0.09365,0.07735,0.08195,0.4006,0.3662,6,6,-0.43694437,-0.4099858,-0.29476407,-0.24135593,0.676326,0.63427424,-0.64822054,-0.59269327,17.37939139151094,78.51837030257192,3123.0,Hyderabad,7,"{""type"":""MultiPoint"",""coordinates"":[]}",-9.88949025094892,-14.899272146687572,-8.77072457496593,-14.78256571923843
1_1_1_1_1_2_124_0_1_1_1_1_1_2_124_0,0.21905,0.26755,0.1607,0.2203,0.1054,0.1206,0.1297,0.1472,0.1344,0.1596,0.2304,0.2375,6,6,-0.25620073,-0.2901748,-0.025253087,0.05949906,0.2631579,0.19617225,-0.27964455,-0.23472837,17.405262871693584,78.43096422542709,3124.0,Hyderabad,7,"{""type"":""MultiPoint"",""coordinates"":[]}",-4.268183810106484,-11.528056397810406,-3.084928384965543,-13.842002248885683
1_1_1_1_1_2_125_0_1_1_1_1_1_2_125_0,0.18555,0.20255,0.13035,0.16165,0.04975,0.051,0.0608,0.0619,0.06115,0.0739,0.1531,0.1294,1,1,-0.5063933,-0.53185856,0.09582164,0.22036451,0.42917153,0.27299556,-0.43151006,-0.35284892,17.382894821119006,78.59284063962544,3125.0,Hyderabad,7,"{""type"":""MultiPoint"",""coordinates"":[]}",-6.753702566052943,-12.331938784270706,-7.837826186737079,-13.684116548726411
1_1_1_1_1_2_126_0_1_1_1_1_1_2_126_0,0.19545,0.2276,0.1414,0.15605,0.06195,0.0692,0.08305,0.1027,0.0789,0.0897,0.2472,0.3268,6,6,-0.40359068,-0.37814108,-0.11690952,-0.17893218,0.51609933,0.5692677,-0.4970477,-0.5217695,17.359269129146664,78.44964918333677,3126.0,Hyderabad,7,"{""type"":""MultiPoint"",""coordinates"":[]}",-5.102900000986842,-12.089040250779954,-6.443591759489251,-12.724396360981718
1_1_1_1_1_2_127_0_1_1_1_1_1_2_127_0,0.29645,0.2749,0.2679,0.24465,0.1259,0.1358,0.1568,0.1689,0.1967,0.2014,0.2544,0.2557,6,6,-0.30810812,-0.23884633,0.07633657,0.03618545,0.12790956,0.118792385,-0.23735408,-0.20442769,17.36735396670374,78.38973155388601,3127.0,Hyderabad,7,"{""type"":""MultiPoint"",""coordinates"":[]}",-10.241062664169696,-16.44554959087194,-8.09032687499668,-15.661834972891986
1_1_1_1_1_2_128_0_1_1_1_1_1_2_128_0,0.2962,0.26405,0.20735,0.1941,0.0733,0.05535,0.1007,0.07365,0.1344,0.0934,0.2464,0.1618,5,1,-0.4925674,-0.56381404,0.09178032,0.24010801,0.29411766,0.26802507,-0.41976374,-0.37438947,17.425654628643095,78.61709515229666,3128.0,Hyderabad,7,"{""type"":""MultiPoint"",""coordinates"":[]}",-9.773080787216111,-15.282021240442596,-9.754746256463157,-15.135653330581057
1_1_1_1_1_2_129_0_1_1_1_1_1_2_129_0,0.30975,0.32725,0.22555,0.2565,0.0691,0.085,0.1035,0.1194,0.1405,0.18115,0.2516,0.2646,1,6,-0.49909255,-0.4653532,0.103589565,0.105854526,0.2833461,0.18721256,-0.41706562,-0.378125,17.437512390393472,78.26145213131375,3129.0,Hyderabad,7,"{""type"":""MultiPoint"",""coordinates"":[]}",-10.83704634309099,-17.360886820237486,-10.982009927681435,-16.4752873107199
1_1_1_1_1_2_130_0_1_1_1_1_1_2_130_0,0.20255,0.2366,0.2007,0.23315,0.1377,0.17,0.1615,0.1884,0.1828,0.2099,0.1981,0.2294,6,6,-0.11275924,-0.11341176,0.011106951,0.015450643,0.040168025,0.0443888,-0.10177976,-0.09813308,17.45341257092239,78.43033540472821,3130.0,Hyderabad,7,"{""type"":""MultiPoint"",""coordinates"":[]}",-6.137870804508143,-11.403940350375192,-3.548936504300748,-9.41202255184168
1_1_1_1_1_2_131_0_1_1_1_1_1_2_131_0,0.1599,0.17545,0.0849,0.1036,0.03525,0.0362,0.05425,0.0531,0.0437,0.04705,0.2455,0.2219,1,1,-0.4933458,-0.5353314,-0.21114948,-0.11689946,0.697787,0.65012085,-0.6380317,-0.61381817,17.393944099113675,78.40275712550574,3131.0,Hyderabad,7,"{""type"":""MultiPoint"",""coordinates"":[]}",-9.770187622777723,-13.41655316007259,-7.237137545652015,-13.333503285445268
1_1_1_1_1_2_132_0_1_1_1_1_1_2_132_0,0.3483,0.3256,0.25005,0.2371,0.0689,0.0674,0.1043,0.0998,0.1248,0.1285,0.3003,0.2509,4,4,-0.5391074,-0.53079456,0.07400555,0.12957503,0.41284403,0.32261464,-0.48442906,-0.4308526,17.287673401002337,78.3160697005882,3132.0,Hyderabad,7,"{""type"":""MultiPoint"",""coordinates"":[]}",-11.016570275514647,-19.31894636306884,-9.94396016927756,-16.720342015726267
1_1_1_1_1_2_133_0_1_1_1_1_1_2_133_0,0.28735,0.2176,0.2482,0.16905,0.08515,0.0571,0.1156,0.0778,0.15095,0.0892,0.2342,0.1917,6,6,-0.42623153,-0.4732566,0.101907775,0.06327877,0.21614955,0.36489853,-0.3390509,-0.4226345,17.289919189212636,78.38218570549941,3133.0,Hyderabad,7,"{""type"":""MultiPoint"",""coordinates"":[]}",-11.997182457596448,-19.816855697893384,-10.804931588155037,-16.060273671141402
1_1_1_1_1_2_134_0_1_1_1_1_1_2_134_0,0.17815,0.17125,0.1224,0.1153,0.04145,0.0359,0.0625,0.0547,0.06245,0.0449,0.2169,0.2149,4,4,-0.48057345,-0.5158221,-0.09808885,-0.11303897,0.55289066,0.6543495,-0.5526127,-0.59421366,17.266562991825527,78.28399984494514,3134.0,Hyderabad,7,"{""type"":""MultiPoint"",""coordinates"":[]}",-10.430301597730898,-14.467646651671167,-8.573187780372528,-14.342901340126453
1_1_1_1_1_2_135_0_1_1_1_1_1_2_135_0,0.2155,0.2406,0.1316,0.1567,0.0458,0.05185,0.07275,0.0722,0.086,0.08855,0.2411,0.20575,1,5,-0.49522984,-0.53836316,-0.05606658,0.07807774,0.47416693,0.3982331,-0.53640276,-0.4804821,17.57729024860247,78.4400372097967,3135.0,Hyderabad,7,"{""type"":""MultiPoint"",""coordinates"":[]}",-11.367453682400715,-16.025885742956177,-10.898401400838395,-15.976325251702878
1_1_1_1_1_2_136_0_1_1_1_1_1_2_136_0,0.21445,0.2247,0.17495,0.1868,0.0696,0.07935,0.098,0.0997,0.1098,0.109,0.2076,0.21525,6,6,-0.37269962,-0.38532674,0.016230304,0.021479713,0.30812854,0.32767925,-0.35863873,-0.36688364,17.478206072764088,78.55591988144812,3136.0,Hyderabad,7,"{""type"":""MultiPoint"",""coordinates"":[]}",-7.329857791928765,-13.733426295082738,-8.516608485618026,-15.407584384721549
1_1_1_1_1_2_137_0_1_1_1_1_1_2_137_0,0.36885,0.43995,0.3163,0.3874,0.05575,0.07,0.0879,0.117,0.1615,0.2116,0.2407,0.29815,4,4,-0.61510676,-0.57985455,0.21023706,0.19211489,0.19691695,0.1697891,-0.46500304,-0.43634832,17.215448852159128,78.46527986928047,3137.0,Hyderabad,7,"{""type"":""MultiPoint"",""coordinates"":[]}",-10.120775196598672,-20.149944453306436,-11.649682963572907,-19.25382197164857
1_1_1_1_1_2_138_0_1_1_1_1_1_2_138_0,0.31195,0.2993,0.3065,0.29505,0.1804,0.2034,0.2048,0.2307,0.2301,0.2452,0.2499,0.2621,6,6,-0.20735365,-0.12943396,0.11043873,0.066262916,0.04125,0.03331362,-0.09918628,-0.06371753,17.398166180949037,78.41039280542076,3138.0,Hyderabad,7,"{""type"":""MultiPoint"",""coordinates"":[]}",-1.7145401604874666,-12.276538344368028,-1.4272352322176307,-11.548926773789406
1_1_1_1_1_2_139_0_1_1_1_1_1_2_139_0,0.2048,0.2141,0.1083,0.10555,0.0475,0.04545,0.0733,0.0753,0.064,0.0523,0.3384,0.41005,1,3,-0.47285149,-0.479613,-0.24594992,-0.31394696,0.68190855,0.7737645,-0.6439155,-0.6897085,17.405262871693584,78.68967902725352,3139.0,Hyderabad,7,"{""type"":""MultiPoint"",""coordinates"":[]}",-8.470095055307247,-13.98631764811958,-9.42010559201581,-14.026138646680094
1_1_1_1_1_2_140_0_1_1_1_1_1_2_140_0,0.25785,0.2812,0.1857,0.22565,0.05985,0.0859,0.0803,0.123,0.0974,0.1528,0.21065,0.2297,4,6,-0.52506286,-0.3913904,0.100747064,0.1008025,0.36763513,0.20104575,-0.44801512,-0.3025234,17.516564135395992,78.23540098807428,3140.0,Hyderabad,7,"{""type"":""MultiPoint"",""coordinates"":[]}",-9.746688956726864,-15.507230388839792,-9.89608135431629,-15.206397404615196
1_1_1_1_1_2_141_0_1_1_1_1_1_2_141_0,0.44375,0.3586,0.3068,0.2909,0.0907,0.07075,0.1327,0.1041,0.21995,0.1636,0.356,0.23625,4,4,-0.5395958,-0.55003244,0.10972179,0.2056821,0.23621842,0.18169314,-0.45692655,-0.3882768,17.224252341943497,78.24555195078483,3141.0,Hyderabad,7,"{""type"":""MultiPoint"",""coordinates"":[]}",-14.309805717767661,-21.19513637346019,-11.546617755493752,-18.530129935511177
1_1_1_1_1_2_142_0_1_1_1_1_1_2_142_0,0.1842,0.1842,0.17175,0.1709,0.1147,0.1028,0.1424,0.1219,0.17035,0.1463,0.22575,0.19695,6,6,-0.1279853,-0.20352826,-0.101353824,-0.033451397,0.13986367,0.14756009,-0.22640228,-0.23537713,17.487368888662107,78.35254130112347,3142.0,Hyderabad,7,"{""type"":""MultiPoint"",""coordinates"":[]}",-16.690338369525595,-23.875656535372435,-14.18474803899304,-20.868730588363345
1_1_1_1_1_2_143_0_1_1_1_1_1_2_143_0,0.3479,0.2307,0.24375,0.1771,0.0829,0.08335,0.1187,0.1006,0.1693,0.1179,0.2687,0.20605,4,4,-0.49121302,-0.39269546,0.12844633,0.056439612,0.22694063,0.2721099,-0.3871967,-0.34387738,17.41496467676207,78.68222301039532,3143.0,Hyderabad,7,"{""type"":""MultiPoint"",""coordinates"":[]}",-13.039152893563482,-20.473039348613508,-11.857653261695223,-18.064751991847476
1_1_1_1_1_2_144_0_1_1_1_1_1_2_144_0,0.25685,0.293,0.23365,0.2644,0.1175,0.135,0.1465,0.1843,0.1748,0.1982,0.2061,0.2483,6,6,-0.27358374,-0.22773936,0.10962307,0.08257898,0.0821738,0.11220605,-0.16903006,-0.14794268,17.351813112288472,78.53436031462925,3144.0,Hyderabad,7,"{""type"":""MultiPoint"",""coordinates"":[]}",1.7609274318199581,-12.218473302047464,1.1485438195970348,-11.5569776517202
1_1_1_1_1_2_145_0_1_1_1_1_1_2_145_0,0.3601,0.292,0.27815,0.20105,0.07945,0.04065,0.1152,0.0674,0.1616,0.0612,0.33465,0.3708,4,4,-0.51525354,-0.62493044,0.036631882,-0.11888956,0.34871536,0.71666664,-0.48782927,-0.6923779,17.218592955653545,78.37266356348773,3145.0,Hyderabad,7,"{""type"":""MultiPoint"",""coordinates"":[]}",-11.492585701642579,-17.68101815485329,-9.696422560376885,-15.205916662801455
1_1_1_1_1_2_146_0_1_1_1_1_1_2_146_0,0.30195,0.32345,0.2388,0.28555,0.0898,0.1077,0.1121,0.1291,0.1421,0.1558,0.2079,0.2107,5,5,-0.4585195,-0.4294553,0.18446602,0.21108302,0.188,0.14979537,-0.299375,-0.24014126,17.573876650522816,78.69003835336717,3146.0,Hyderabad,7,"{""type"":""MultiPoint"",""coordinates"":[]}",-9.668552261669541,-16.51663953663233,-9.587614187880227,-17.18805284427936
1_1_1_1_1_2_147_0_1_1_1_1_1_2_147_0,0.34295,0.23155,0.30395,0.17525,0.1951,0.0957,0.2379,0.117,0.2751,0.1253,0.31135,0.2471,7,6,-0.18085565,-0.32864726,0.04829589,-0.032487202,0.061812602,0.32706767,-0.1337278,-0.3573194,17.411910404796068,78.33843775116279,3147.0,Hyderabad,7,"{""type"":""MultiPoint"",""coordinates"":[]}",0.587038679539771,-19.184489093914962,3.729523775629624,-15.918896997956477
1_1_1_1_1_2_148_0_1_1_1_1_1_2_148_0,0.19455,0.24925,0.12145,0.1892,0.04035,0.04605,0.05515,0.0617,0.0579,0.0714,0.2,0.1571,1,6,-0.5582699,-0.6031516,-0.013813205,0.22677495,0.55098873,0.37505472,-0.5677053,-0.43601462,17.251201800467083,78.49348696920181,3148.0,Hyderabad,7,"{""type"":""MultiPoint"",""coordinates"":[]}",-9.627708784903588,-14.109556550841143,-8.653923424324176,-15.667668479026595
1_1_1_1_1_2_149_0_1_1_1_1_1_2_149_0,0.1913,0.174,0.14435,0.12725,0.0638,0.04935,0.0863,0.06645,0.09645,0.0768,0.1852,0.15645,6,6,-0.37824208,-0.44728634,0.01620186,0.053109396,0.3151074,0.3414791,-0.36427256,-0.4037685,17.43409879231382,78.52762294999836,3149.0,Hyderabad,7,"{""type"":""MultiPoint"",""coordinates"":[]}",-8.65189902099919,-14.828251251910453,-8.161833835398928,-14.83789609211907
1_1_1_1_1_2_150_0_1_1_1_1_1_2_150_0,0.2564,0.22975,0.2085,0.17555,0.08285,0.06365,0.1109,0.08675,0.12515,0.09625,0.2101,0.20015,6,6,-0.39613396,-0.45181674,0.099249735,0.06885322,0.253393,0.3505398,-0.30903426,-0.39525968,17.48018236638915,78.45000850945043,3150.0,Hyderabad,7,"{""type"":""MultiPoint"",""coordinates"":[]}",-9.48730615253806,-16.439423104473867,-7.2770769772332695,-13.99850102075327
1_1_1_1_1_2_151_0_1_1_1_1_1_2_151_0,0.25105,0.24085,0.1843,0.18765,0.05895,0.0571,0.07905,0.07685,0.0975,0.0888,0.1874,0.1744,5,6,-0.5210542,-0.51621026,0.14517048,0.16002408,0.3155493,0.32522798,-0.40664288,-0.3882587,17.440386999302657,78.5850252966536,3151.0,Hyderabad,7,"{""type"":""MultiPoint"",""coordinates"":[]}",-9.99283737325772,-16.45218968422447,-9.803359771381814,-14.494418542237277
1_1_1_1_1_2_152_0_1_1_1_1_1_2_152_0,0.30515,0.30845,0.212,0.2059,0.069,0.06385,0.09655,0.099,0.1148,0.1167,0.2684,0.26995,4,4,-0.519293,-0.5140508,0.06407462,0.066562936,0.40083507,0.3963533,-0.4708864,-0.46334192,17.593459923716622,78.36350074758973,3152.0,Hyderabad,7,"{""type"":""MultiPoint"",""coordinates"":[]}",-14.833331835752226,-20.32165422149064,-12.114958608633856,-18.253518190951667
1_1_1_1_1_2_153_0_1_1_1_1_1_2_153_0,0.23815,0.23125,0.14895,0.12355,0.06735,0.05475,0.09725,0.0892,0.09625,0.0659,0.29735,0.42315,4,4,-0.4200954,-0.44328287,-0.11055089,-0.29324573,0.5109248,0.7304979,-0.5070958,-0.6518005,17.37930155998253,78.63874455064393,3153.0,Hyderabad,7,"{""type"":""MultiPoint"",""coordinates"":[]}",-10.303037323527072,-15.712125540810561,-8.461909562289861,-14.36837686931548
1_1_1_1_1_2_154_0_1_1_1_1_1_2_154_0,0.2625,0.2715,0.18325,0.1885,0.0726,0.05395,0.1085,0.0828,0.1501,0.0914,0.29345,0.3086,4,4,-0.41509435,-0.5325995,-0.055670474,-0.06395449,0.32318792,0.543,-0.46013185,-0.5769034,17.218952281767194,78.28112523603596,3154.0,Hyderabad,7,"{""type"":""MultiPoint"",""coordinates"":[]}",-12.149332369649006,-17.969441407853527,-10.547409303459993,-16.43217953964794
1_1_1_1_1_2_155_0_1_1_1_1_1_2_155_0,0.24795,0.2316,0.16295,0.1839,0.04615,0.0519,0.0604,0.0625,0.0773,0.08035,0.1672,0.1273,1,1,-0.6082374,-0.5749745,0.19450802,0.2906102,0.36768916,0.2261016,-0.4692443,-0.341412,17.41981557929632,78.61718498382507,3155.0,Hyderabad,7,"{""type"":""MultiPoint"",""coordinates"":[]}",-10.93786009501274,-14.931297710627414,-9.215180596734474,-14.066239242800116
1_1_1_1_1_2_156_0_1_1_1_1_1_2_156_0,0.22835,0.2356,0.21055,0.21695,0.0997,0.1197,0.1179,0.1433,0.1394,0.1623,0.1699,0.19195,6,6,-0.31898916,-0.24359989,0.14676711,0.102093324,0.09860976,0.08369795,-0.18068103,-0.14511558,17.3633115479252,78.56795730625532,3156.0,Hyderabad,7,"{""type"":""MultiPoint"",""coordinates"":[]}",-7.15272630913664,-13.911280751770702,-7.899387470043635,-11.98740203241632
1_1_1_1_1_2_157_0_1_1_1_1_1_2_157_0,0.3692,0.33355,0.26365,0.23585,0.0817,0.06445,0.1098,0.1018,0.148,0.1269,0.26865,0.2861,4,4,-0.5415449,-0.53233033,0.15763894,0.07657549,0.28957158,0.38547215,-0.4197384,-0.47512245,17.226048972511737,78.3219985814634,3157.0,Hyderabad,7,"{""type"":""MultiPoint"",""coordinates"":[]}",-13.673259918918063,-20.302587167551795,-11.303090894114858,-16.569233157785618
1_1_1_1_1_2_158_0_1_1_1_1_1_2_158_0,0.2361,0.27325,0.23475,0.27385,0.1347,0.1656,0.1636,0.197,0.191,0.2261,0.22545,0.249,6,6,-0.18138604,-0.16214779,0.023074424,0.046433702,0.082723014,0.04820038,-0.158977,-0.11659193,17.515486157055047,78.44075586202399,3158.0,Hyderabad,7,"{""type"":""MultiPoint"",""coordinates"":[]}",-9.019779012381948,-12.733275472791728,-9.287338291103065,-13.765696638864124
1_1_1_1_1_2_159_0_1_1_1_1_1_2_159_0,0.18915,0.16,0.1619,0.1324,0.0896,0.0732,0.1052,0.0824,0.1179,0.0904,0.1606,0.13355,4,6,-0.28520468,-0.32013202,0.08162974,0.0901039,0.15332137,0.19267693,-0.20842738,-0.23686038,17.396728876494446,78.34975652374268,3159.0,Hyderabad,7,"{""type"":""MultiPoint"",""coordinates"":[]}",-12.52178822738806,-3.799075294998664,-9.340789690797349,-8.482129535198546
1_1_1_1_1_2_160_0_1_1_1_1_1_2_160_0,0.26985,0.24865,0.25725,0.2286,0.1307,0.1132,0.1608,0.134,0.1859,0.1499,0.2286,0.209,6,6,-0.25322187,-0.29962108,0.08275654,0.086638264,0.10301568,0.16466983,-0.17411402,-0.2186589,17.42367833501803,78.5798150680057,3160.0,Hyderabad,7,"{""type"":""MultiPoint"",""coordinates"":[]}",-2.7349655232913865,-17.276736073958336,-1.022588571396359,-15.442331963939274
1_1_1_1_1_2_161_0_1_1_1_1_1_2_161_0,0.15415,0.31885,0.08675,0.2666,0.0561,0.09055,0.0896,0.1209,0.06475,0.1464,0.31215,0.2661,4,6,-0.26482052,-0.45014212,-0.33883765,0.090178646,0.65640754,0.29018182,-0.55395144,-0.3751938,17.55052045313571,78.42898793180203,3161.0,Hyderabad,7,"{""type"":""MultiPoint"",""coordinates"":[]}",-11.947776784425432,-18.005295374058473,-12.511848865858639,-18.994751361386143
1_1_1_1_1_2_162_0_1_1_1_1_1_2_162_0,0.2823,0.28955,0.2312,0.25,0.075,0.0801,0.1039,0.1093,0.14005,0.14425,0.21085,0.2093,6,6,-0.46193683,-0.4519243,0.14488493,0.16087,0.20176688,0.18399096,-0.33979347,-0.3138732,17.588339526597142,78.41003347930712,3162.0,Hyderabad,7,"{""type"":""MultiPoint"",""coordinates"":[]}",-7.262871364656053,-15.965997048590115,-6.209371527146733,-17.433648788106332
1_1_1_1_1_2_163_0_1_1_1_1_1_2_163_0,0.1856,0.19005,0.1557,0.1658,0.0684,0.0917,0.08715,0.1178,0.1008,0.1253,0.161,0.1193,0,0,-0.36095324,-0.23469222,0.070975184,0.22870535,0.22994652,-0.024529845,-0.29760227,-0.0063264444,17.583398792534485,78.32981392443524,3163.0,Hyderabad,7,"{""type"":""MultiPoint"",""coordinates"":[]}",-11.834908916752745,-17.45486824643261,-9.156423513640537,-16.967587356451883
1_1_1_1_1_2_164_0_1_1_1_1_1_2_164_0,0.26815,0.2552,0.2473,0.2355,0.1021,0.09495,0.1395,0.1203,0.1607,0.1418,0.24525,0.20725,6,6,-0.31558937,-0.35925433,0.044604596,0.103686884,0.20827688,0.18750896,-0.2748538,-0.26545566,17.33663158398685,78.56867595848261,3164.0,Hyderabad,7,"{""type"":""MultiPoint"",""coordinates"":[]}",-7.417928145418547,-13.148300175072773,-5.518844298256582,-13.500864542976704
1_1_1_1_1_2_165_0_1_1_1_1_1_2_165_0,0.2689,0.3212,0.2329,0.31345,0.1311,0.2364,0.1616,0.2745,0.1957,0.3066,0.2478,0.3202,6,6,-0.24924506,-0.078395166,0.040836073,0.0015590895,0.11747463,0.021697512,-0.21055202,-0.07684547,17.450537962013208,78.38937222777236,3165.0,Hyderabad,7,"{""type"":""MultiPoint"",""coordinates"":[]}",-6.440348458815914,-14.03192120547297,-2.932845682219732,-5.428061150505812
1_1_1_1_1_2_166_0_1_1_1_1_1_2_166_0,0.2979,0.4061,0.2619,0.37415,0.10145,0.175,0.1342,0.2279,0.1698,0.2808,0.2073,0.32165,6,6,-0.37884748,-0.28107256,0.17933492,0.1160426,0.099443115,0.06780646,-0.21405564,-0.17059413,17.528152402561133,78.40185881022163,3166.0,Hyderabad,7,"{""type"":""MultiPoint"",""coordinates"":[]}",-11.894641105124265,-17.914432721993524,-0.9016439130077589,-16.88378505436848
1_1_1_1_1_2_167_0_1_1_1_1_1_2_167_0,0.3387,0.35365,0.25165,0.3004,0.0525,0.1444,0.0845,0.1833,0.145,0.2313,0.26605,0.30645,4,6,-0.60066164,-0.31725487,0.12013228,0.07150432,0.2944897,0.13974896,-0.51790047,-0.25145483,17.56669012824986,78.53373149393038,3167.0,Hyderabad,7,"{""type"":""MultiPoint"",""coordinates"":[]}",-10.214998685970368,-19.167537160405633,-8.5658971454898,-18.89450751058448
1_1_1_1_1_2_168_0_1_1_1_1_1_2_168_0,0.36525,0.34,0.259,0.2544,0.08725,0.0879,0.1124,0.1143,0.1556,0.1542,0.2691,0.239,5,5,-0.5293625,-0.4968083,0.15157248,0.17443869,0.26724747,0.21566632,-0.41074705,-0.35295781,17.290368346854695,78.54720622319216,3168.0,Hyderabad,7,"{""type"":""MultiPoint"",""coordinates"":[]}",-12.278351075603016,-21.60885306765944,-10.709369317619327,-17.217417186122624
1_1_1_1_1_2_169_0_1_1_1_1_1_2_169_0,0.26915,0.2666,0.20855,0.21145,0.0878,0.1091,0.1169,0.1401,0.15655,0.1847,0.21865,0.2461,6,6,-0.39437896,-0.31104007,0.10352603,0.039984398,0.16551173,0.14252554,-0.3032335,-0.2744692,17.49168080202588,78.5106447911285,3169.0,Hyderabad,7,"{""type"":""MultiPoint"",""coordinates"":[]}",-9.367165960541284,-15.464907160352352,-7.2856625064525,-12.167250220645222
1_1_1_1_1_2_170_0_1_1_1_1_1_2_170_0,0.20305,0.20595,0.19215,0.2042,0.1145,0.106,0.1283,0.1181,0.1486,0.1344,0.1698,0.1455,6,7,-0.22559227,-0.27110013,0.08917795,0.1720017,0.06658292,0.03965702,-0.13921502,-0.103945374,17.23063038046075,78.41308775127311,3170.0,Hyderabad,7,"{""type"":""MultiPoint"",""coordinates"":[]}",-20.250189146258137,-26.287013572163836,-19.5209649608006,-28.387364207673933
1_1_1_1_1_2_171_0_1_1_1_1_1_2_171_0,0.38055,0.31095,0.31235,0.2383,0.08085,0.0578,0.1274,0.09195,0.1944,0.1143,0.3059,0.3047,6,6,-0.49837583,-0.5435592,0.10874791,0.010151872,0.22286628,0.45441526,-0.41195476,-0.53636706,17.283451319166975,78.46294424954175,3171.0,Hyderabad,7,"{""type"":""MultiPoint"",""coordinates"":[]}",-10.839062730505509,-16.408849937244018,-10.834437919603701,-17.182219423498793
1_1_1_1_1_2_172_0_1_1_1_1_1_2_172_0,0.3074,0.31805,0.2062,0.22635,0.06355,0.081,0.08955,0.1139,0.1129,0.1502,0.2529,0.2849,5,5,-0.54880965,-0.47262415,0.09726932,0.054979682,0.3827228,0.309584,-0.47700393,-0.42878637,17.414156193006367,78.23243654763668,3172.0,Hyderabad,7,"{""type"":""MultiPoint"",""coordinates"":[]}",-11.924576203783657,-17.832182430976516,-10.813796212482782,-18.470319995218638
1_1_1_1_1_2_173_0_1_1_1_1_1_2_173_0,0.0128,0.0142,0.00935,0.0103,0.03185,0.04385,0.0369,0.0604,0.0278,0.041,0.0217,0.02095,0,0,0.48490945,0.6193029,-0.25797102,-0.19203414,-0.12323232,-0.3236481,0.25938568,0.4849416,17.322977191668233,78.35299045876552,3173.0,Hyderabad,7,"{""type"":""MultiPoint"",""coordinates"":[]}",-21.60640763358839,-29.48698273094911,-20.006240330955215,-30.785903923133212
1_1_1_1_1_2_174_0_1_1_1_1_1_2_174_0,0.2746,0.22305,0.22975,0.17305,0.09515,0.0598,0.1226,0.0836,0.1583,0.0993,0.24915,0.2229,6,6,-0.38267875,-0.45475298,0.048591886,0.00033636056,0.22297214,0.38361266,-0.34041694,-0.45448613,17.472097528832077,78.24851639122242,3174.0,Hyderabad,7,"{""type"":""MultiPoint"",""coordinates"":[]}",-8.205724876862542,-16.080773525843053,-8.30342071322298,-15.428660741907638
1_1_1_1_1_2_175_0_1_1_1_1_1_2_175_0,0.3201,0.31035,0.21965,0.23125,0.0608,0.0517,0.08315,0.0698,0.1149,0.09975,0.2021,0.1754,5,5,-0.58760077,-0.63277656,0.22596706,0.27781782,0.27507886,0.27494094,-0.41700262,-0.43066883,17.2528187679785,78.43824057922846,3175.0,Hyderabad,7,"{""type"":""MultiPoint"",""coordinates"":[]}",-11.718846581891277,-19.930742435777514,-9.881617420183243,-16.985695959373302
1_1_1_1_1_2_176_0_1_1_1_1_1_2_176_0,0.24315,0.24625,0.1645,0.197,0.0444,0.0498,0.0671,0.068,0.07415,0.08425,0.22185,0.1582,1,5,-0.56744564,-0.56722355,0.045806453,0.21770306,0.49898648,0.30501133,-0.5355598,-0.39876217,17.442093798342484,78.59445760713685,3176.0,Hyderabad,7,"{""type"":""MultiPoint"",""coordinates"":[]}",-9.804797721653935,-15.336523627126567,-10.065466475989568,-17.784213083746398
1_1_1_1_1_2_177_0_1_1_1_1_1_2_177_0,0.01215,0.01235,0.00835,0.0094,0.03235,0.0375,0.0367,0.05745,0.0262,0.03765,0.0196,0.0185,0,0,0.5025588,0.6461318,-0.23464566,-0.1993517,-0.14410481,-0.34105074,0.30373,0.5128374,17.321629718742056,78.36242276924878,3177.0,Hyderabad,7,"{""type"":""MultiPoint"",""coordinates"":[]}",-21.99972846391602,-33.89129173376511,-20.414776425333685,-28.783286324190207
1_1_1_1_1_2_178_0_1_1_1_1_1_2_178_0,0.27525,0.28975,0.25515,0.26935,0.1534,0.142,0.183,0.1674,0.2082,0.1853,0.2459,0.2248,6,6,-0.20130932,-0.26763645,0.056317758,0.1262268,0.08302136,0.09631797,-0.14665423,-0.1463539,17.549711969380002,78.3994333589545,3178.0,Hyderabad,7,"{""type"":""MultiPoint"",""coordinates"":[]}",-11.68514097196411,-20.566672192654938,-11.507088274462486,-19.93429284677747
1_1_1_1_1_2_179_0_1_1_1_1_1_2_179_0,0.3682,0.31465,0.30975,0.26685,0.09485,0.0973,0.1376,0.125,0.20625,0.167,0.28595,0.2392,6,6,-0.45591143,-0.43136585,0.12573569,0.13622822,0.16192605,0.17774495,-0.35025382,-0.31356397,17.32567213752059,78.53948071174874,3179.0,Hyderabad,7,"{""type"":""MultiPoint"",""coordinates"":[]}",-12.04287134630147,-18.560129274104046,-4.877881453980592,-13.585007922000456
1_1_1_1_1_2_180_0_1_1_1_1_1_2_180_0,0.29595,0.38285,0.1808,0.3072,0.0638,0.1073,0.09925,0.1504,0.08875,0.2108,0.35655,0.2996,4,4,-0.4977227,-0.43591186,-0.092873566,0.121986955,0.6013923,0.17398119,-0.564502,-0.33155555,17.590405651750615,78.59346946032431,3180.0,Hyderabad,7,"{""type"":""MultiPoint"",""coordinates"":[]}",-10.259554511871144,-17.62037593747563,-10.608819948561337,-16.709553493247682
1_1_1_1_1_2_181_0_1_1_1_1_1_2_181_0,0.0101,0.0133,0.00805,0.0107,0.0335,0.034,0.0365,0.0498,0.024,0.0314,0.0139,0.0166,0,0,0.5665236,0.5784469,-0.15833333,-0.110367894,-0.26649076,-0.30833334,0.4484127,0.5,17.366725146004853,78.31103913499715,3181.0,Hyderabad,7,"{""type"":""MultiPoint"",""coordinates"":[]}",-22.62774420237826,-29.410320988181354,-21.40637473778578,-31.316132537222483
1_1_1_1_1_2_182_0_1_1_1_1_1_2_182_0,0.16865,0.1861,0.0907,0.1121,0.03685,0.03375,0.0599,0.0539,0.051,0.0546,0.2536,0.20795,1,1,-0.47582585,-0.55083334,-0.20118414,-0.055449817,0.6651346,0.5840792,-0.6178628,-0.58831394,17.492399454253174,78.31202728180968,3182.0,Hyderabad,7,"{""type"":""MultiPoint"",""coordinates"":[]}",-7.745786045930796,-12.577330800631103,-7.203761179063819,-13.34107845840252
1_1_1_1_1_2_183_0_1_1_1_1_1_2_183_0,0.26935,0.33935,0.20155,0.297,0.0678,0.1232,0.0858,0.1682,0.1097,0.2123,0.17825,0.27985,6,6,-0.5168239,-0.33720815,0.20352994,0.09609173,0.23806216,0.13725491,-0.35012308,-0.24919094,17.352352101458944,78.69435026673094,3183.0,Hyderabad,7,"{""type"":""MultiPoint"",""coordinates"":[]}",-11.901343495644296,-17.842416340057323,-12.51398807864874,-18.882550038342814
1_1_1_1_1_2_184_0_1_1_1_1_1_2_184_0,0.2953,0.2461,0.2595,0.1889,0.1756,0.1081,0.2086,0.1393,0.2388,0.1463,0.307,0.2503,6,6,-0.17205794,-0.2771147,-0.019425536,-0.008460918,0.124954194,0.26222894,-0.19084562,-0.2849076,17.431493677989874,78.41847764297783,3184.0,Hyderabad,7,"{""type"":""MultiPoint"",""coordinates"":[]}",-6.222818801144129,-12.832253583807828,-3.1966189358759305,-12.190509002354911
1_1_1_1_1_2_185_0_1_1_1_1_1_2_185_0,0.182,0.1917,0.129,0.13755,0.05535,0.0571,0.06575,0.0747,0.0731,0.07465,0.1974,0.2257,6,6,-0.469223,-0.4391892,-0.040590405,-0.08145664,0.45951942,0.5029133,-0.500285,-0.50266314,17.42529530252945,78.40446392454557,3185.0,Hyderabad,7,"{""type"":""MultiPoint"",""coordinates"":[]}",-8.73552399381933,-14.816148250336262,-7.33833118792862,-14.910342730762757
1_1_1_1_1_2_186_0_1_1_1_1_1_2_186_0,0.3657,0.2368,0.268,0.17455,0.07785,0.0651,0.1118,0.09325,0.165,0.1204,0.2503,0.23235,4,4,-0.53172773,-0.4349341,0.18733767,0.009485239,0.20539369,0.31736356,-0.38249102,-0.4272113,17.479912871803915,78.67871958078726,3186.0,Hyderabad,7,"{""type"":""MultiPoint"",""coordinates"":[]}",-12.827585320796278,-18.80331767473491,-10.849190409416483,-17.48114118016895
1_1_1_1_1_2_187_0_1_1_1_1_1_2_187_0,0.3645,0.35535,0.26015,0.2634,0.0976,0.0853,0.132,0.112,0.189,0.1493,0.2995,0.2413,4,5,-0.46827793,-0.5207018,0.09789157,0.19115059,0.22620267,0.23553507,-0.38818076,-0.3659779,17.405801860864056,78.24779773899512,3187.0,Hyderabad,7,"{""type"":""MultiPoint"",""coordinates"":[]}",-14.874166057524114,-21.034117602501283,-13.473443325166482,-19.149400460637324
1_1_1_1_1_2_188_0_1_1_1_1_1_2_188_0,0.16975,0.18725,0.08225,0.0969,0.048,0.04945,0.0856,0.07735,0.05225,0.0629,0.3512,0.3718,4,4,-0.32954767,-0.4153439,-0.34830597,-0.3301136,0.740984,0.710605,-0.60805863,-0.65557164,17.399333990818395,78.66731097667895,3188.0,Hyderabad,7,"{""type"":""MultiPoint"",""coordinates"":[]}",-12.30473838955464,-17.457515302800577,-10.732146776388827,-17.044809235449826
1_1_1_1_1_2_189_0_1_1_1_1_1_2_189_0,0.25825,0.2485,0.1884,0.16625,0.0656,0.0578,0.0981,0.092,0.11735,0.09875,0.25135,0.2561,5,1,-0.4494177,-0.4596182,0.013540031,-0.015061434,0.3634391,0.4434268,-0.4385463,-0.47141626,17.597322679438335,78.26774033830257,3189.0,Hyderabad,7,"{""type"":""MultiPoint"",""coordinates"":[]}",-10.007882242623973,-16.943266739482667,-8.822427121429033,-16.698074803342458
1_1_1_1_1_2_190_0_1_1_1_1_1_2_190_0,0.2507,0.32715,0.1561,0.22905,0.0488,0.06075,0.0689,0.0851,0.067,0.1135,0.2526,0.247,1,6,-0.56883603,-0.5871437,-0.0037750844,0.13959767,0.5807259,0.370319,-0.57138413,-0.48750377,17.30384307611649,78.33035291360571,3190.0,Hyderabad,7,"{""type"":""MultiPoint"",""coordinates"":[]}",-10.312521039426885,-15.970234829586662,-10.12400621173284,-15.319862919219958
1_1_1_1_1_2_191_0_1_1_1_1_1_2_191_0,0.24355,0.2042,0.1363,0.1236,0.0608,0.05085,0.08605,0.0725,0.10495,0.07675,0.2854,0.2455,1,1,-0.47785193,-0.47596675,-0.07911901,-0.091839,0.46227744,0.52366173,-0.5366806,-0.5440252,17.58411744476178,78.45387126517214,3191.0,Hyderabad,7,"{""type"":""MultiPoint"",""coordinates"":[]}",-11.633387683956864,-17.735365488760888,-11.91736463708921,-15.887613063780245
1_1_1_1_1_2_192_0_1_1_1_1_1_2_192_0,0.3843,0.32995,0.2854,0.24275,0.0846,0.06195,0.12,0.0895,0.179,0.136,0.2885,0.2205,4,4,-0.5240928,-0.5732507,0.14239001,0.19883731,0.2342246,0.23702665,-0.4124847,-0.42258066,17.358011487748897,78.2355806511311,3192.0,Hyderabad,7,"{""type"":""MultiPoint"",""coordinates"":[]}",-12.315789813531403,-20.134958681694904,-10.744253552915916,-18.22151437585164
1_1_1_1_1_2_193_0_1_1_1_1_1_2_193_0,0.26615,0.2656,0.19745,0.20045,0.08515,0.0588,0.1123,0.0846,0.14135,0.0935,0.2348,0.2308,6,6,-0.40652663,-0.5168475,0.0625811,0.070104755,0.24843812,0.42337343,-0.35292423,-0.46353838,17.32504331682171,78.43446765503516,3193.0,Hyderabad,7,"{""type"":""MultiPoint"",""coordinates"":[]}",-11.753592968538342,-19.605639393557603,-9.822505020710063,-15.697932616302994
1_1_1_1_1_2_194_0_1_1_1_1_1_2_194_0,0.35825,0.3469,0.2746,0.24715,0.1034,0.074,0.1337,0.0998,0.1559,0.1332,0.2945,0.2527,4,4,-0.45644882,-0.5531677,0.09766373,0.15710473,0.30772647,0.3096657,-0.37552544,-0.43375885,17.569025747988572,78.33915640339008,3194.0,Hyderabad,7,"{""type"":""MultiPoint"",""coordinates"":[]}",-14.6527355070089,-22.367074950899088,-11.011474132566548,-18.768975953063492
1_1_1_1_1_2_195_0_1_1_1_1_1_2_195_0,0.00975,0.0131,0.00715,0.01005,0.03235,0.0406,0.03855,0.06435,0.0278,0.04255,0.0163,0.0207,0,0,0.5962733,0.66171724,-0.25143954,-0.22485207,-0.26077098,-0.34545454,0.40565178,0.5132275,17.30752616878138,78.35873967658388,3195.0,Hyderabad,7,"{""type"":""MultiPoint"",""coordinates"":[]}",-21.251267029376656,-29.219361226910323,-21.451411556025036,-30.981964213022472
1_1_1_1_1_2_196_0_1_1_1_1_1_2_196_0,0.2505,0.29595,0.1964,0.24695,0.0604,0.0631,0.0816,0.08415,0.1006,0.1163,0.1764,0.18075,1,5,-0.50858176,-0.5572218,0.17357695,0.24166143,0.2736462,0.21696684,-0.36744186,-0.36466593,17.32279752861141,78.38550947205064,3196.0,Hyderabad,7,"{""type"":""MultiPoint"",""coordinates"":[]}",-11.243904987226141,-16.31126843046744,-11.957914351989889,-19.361173107271938
1_1_1_1_1_2_197_0_1_1_1_1_1_2_197_0,0.21025,0.2271,0.1942,0.1972,0.08725,0.0969,0.10085,0.1114,0.1074,0.12835,0.1726,0.18295,6,6,-0.35165542,-0.34180206,0.09834139,0.10766979,0.23285714,0.1753935,-0.262388,-0.24307796,17.427810585324984,78.55169779961275,3197.0,Hyderabad,7,"{""type"":""MultiPoint"",""coordinates"":[]}",-8.756518421888897,-11.27761070970907,-7.778982305561637,-12.66076741130486
1_1_1_1_1_2_198_0_1_1_1_1_1_2_198_0,0.2668,0.20935,0.24005,0.17805,0.0992,0.0834,0.1369,0.1082,0.17175,0.1158,0.2106,0.1809,6,6,-0.3217736,-0.31853253,0.11772099,0.07290199,0.10160848,0.21941355,-0.21208633,-0.2514701,17.45583802218951,78.3731127211298,3198.0,Hyderabad,7,"{""type"":""MultiPoint"",""coordinates"":[]}",-8.823287026047158,-12.560910104320778,2.2269422509333086,-3.654138567061376
1_1_1_1_1_2_199_0_1_1_1_1_1_2_199_0,0.1939,0.214,0.1835,0.20405,0.1139,0.1397,0.1357,0.1658,0.1598,0.1831,0.17435,0.19115,6,6,-0.17657767,-0.1269089,0.053088933,0.056398865,0.04354332,0.021509686,-0.12465731,-0.07101835,17.513509863429984,78.44102535660923,3199.0,Hyderabad,7,"{""type"":""MultiPoint"",""coordinates"":[]}",-10.861322361728602,-14.661742155592702,-8.786338072772656,-14.939577435134318
1_1_1_1_1_2_200_0_1_1_1_1_1_2_200_0,0.31175,0.27685,0.23535,0.2154,0.0784,0.08915,0.09385,0.0981,0.10605,0.0992,0.2457,0.28245,6,6,-0.5372288,-0.47673023,0.118485965,-0.010012516,0.39701492,0.48015198,-0.44720954,-0.48443043,17.24913567531361,78.58933721001736,3200.0,Hyderabad,7,"{""type"":""MultiPoint"",""coordinates"":[]}",-9.485922996296424,-15.550567989076097,-7.834396504007948,-15.129587033366434
1_1_1_1_1_2_201_0_1_1_1_1_1_2_201_0,0.18005,0.21235,0.08975,0.1218,0.0404,0.0404,0.0611,0.07075,0.0476,0.05075,0.2854,0.2747,1,1,-0.49326146,-0.5001766,-0.2263401,-0.12801561,0.7141141,0.6881241,-0.64733046,-0.5903894,17.401759442085517,78.69677571799807,3201.0,Hyderabad,7,"{""type"":""MultiPoint"",""coordinates"":[]}",-8.453497828181968,-12.792716842228526,-8.59072403657417,-14.222091362585564
1_1_1_1_1_2_202_0_1_1_1_1_1_2_202_0,0.3017,0.269,0.2364,0.20355,0.1045,0.0811,0.1596,0.1176,0.2166,0.1583,0.3046,0.2555,0,0,-0.3080425,-0.39161924,-0.0047831107,0.025738798,0.16884114,0.23489608,-0.31236535,-0.36960602,17.571181704670458,78.28112523603596,3202.0,Hyderabad,7,"{""type"":""MultiPoint"",""coordinates"":[]}",-12.233038284383905,-21.07040915410236,-11.226658686533346,-19.175292210839483
1_1_1_1_1_2_203_0_1_1_1_1_1_2_203_0,0.27785,0.2937,0.2226,0.24905,0.08175,0.0846,0.1127,0.1114,0.1345,0.1392,0.24365,0.214,4,6,-0.42286518,-0.45001236,0.065580055,0.15698247,0.28864208,0.21177803,-0.3674758,-0.31530425,17.34480625307234,78.40078083188068,3203.0,Hyderabad,7,"{""type"":""MultiPoint"",""coordinates"":[]}",-13.126010763477645,-21.186697069867293,-4.681458187754251,-15.931154714239296
1_1_1_1_1_2_204_0_1_1_1_1_1_2_204_0,0.36,0.3892,0.2465,0.30815,0.0708,0.05595,0.09745,0.0863,0.1492,0.1484,0.2692,0.21985,5,5,-0.5739425,-0.6370137,0.14431024,0.278056,0.28680688,0.1940258,-0.46843037,-0.43622407,17.214460705346596,78.42665231206333,3204.0,Hyderabad,7,"{""type"":""MultiPoint"",""coordinates"":[]}",-14.38388778959406,-17.252479523121895,-11.754608670095193,-17.028865416723875
1_1_1_1_1_2_205_0_1_1_1_1_1_2_205_0,0.43905,0.29325,0.3132,0.21475,0.0732,0.0489,0.0971,0.08655,0.1621,0.1254,0.2726,0.2691,5,6,-0.63778794,-0.5442338,0.23389307,0.042944785,0.25419828,0.36425856,-0.4747092,-0.5132855,17.363401379453613,78.23324503139239,3205.0,Hyderabad,7,"{""type"":""MultiPoint"",""coordinates"":[]}",-11.881669987776913,-19.80710928026396,-9.293184590976384,-15.551267799118648
1_1_1_1_1_2_206_0_1_1_1_1_1_2_206_0,0.4016,0.47475,0.2956,0.5148,0.084,0.2648,0.1228,0.2966,0.1926,0.3208,0.3218,0.3166,4,6,-0.53165525,-0.23095872,0.11031242,0.19984835,0.2511664,-0.006589269,-0.44759333,-0.032615785,17.57360715593758,78.50678203540679,3206.0,Hyderabad,7,"{""type"":""MultiPoint"",""coordinates"":[]}",-13.529338785682508,-20.481137603764942,-5.465465893647325,-15.378360660803107
1_1_1_1_1_2_207_0_1_1_1_1_1_2_207_0,0.3507,0.2516,0.24605,0.2168,0.075,0.0483,0.1108,0.0688,0.1659,0.0945,0.2666,0.1367,4,5,-0.51982665,-0.57053685,0.13623846,0.29590523,0.23283237,0.18252595,-0.4128246,-0.33041364,17.48691973102005,78.66964659641765,3207.0,Hyderabad,7,"{""type"":""MultiPoint"",""coordinates"":[]}",-12.449303135152263,-19.444114786299647,-11.606086931463416,-19.323484965059386
1_1_1_1_1_2_208_0_1_1_1_1_1_2_208_0,0.19205,0.1842,0.12775,0.12885,0.0447,0.0654,0.0751,0.08995,0.06845,0.0954,0.23615,0.25545,4,6,-0.43776906,-0.3437899,-0.10298926,-0.16206072,0.5505581,0.45617786,-0.5174297,-0.47915462,17.381008359022356,78.34239033841291,3208.0,Hyderabad,7,"{""type"":""MultiPoint"",""coordinates"":[]}",-11.08988763657251,-17.556595749934917,-11.921723397037148,-17.83234635105078
1_1_1_1_1_2_209_0_1_1_1_1_1_2_209_0,0.26715,0.32565,0.1746,0.23025,0.06255,0.0829,0.0919,0.108,0.1038,0.1537,0.28675,0.26275,5,4,-0.48809358,-0.50190246,-0.03538545,0.106900066,0.46844193,0.26185617,-0.51459134,-0.41739717,17.28408013986586,78.25920634310344,3209.0,Hyderabad,7,"{""type"":""MultiPoint"",""coordinates"":[]}",-7.339802839353487,-17.136420207853853,-9.84350054490131,-16.02049227504418
1_1_1_1_1_2_210_0_1_1_1_1_1_2_210_0,0.2613,0.38235,0.1779,0.31475,0.04285,0.0874,0.0598,0.1212,0.0722,0.1648,0.17255,0.2528,5,6,-0.62753034,-0.5186178,0.2045638,0.20396757,0.41001022,0.21072797,-0.4852593,-0.35187167,17.364838683908204,78.60721368417134,3210.0,Hyderabad,7,"{""type"":""MultiPoint"",""coordinates"":[]}",-9.241616373296125,-14.899531095756915,-6.686959910526894,-16.626790701481838
1_1_1_1_1_2_211_0_1_1_1_1_1_2_211_0,0.26675,0.29285,0.2453,0.26225,0.0967,0.0986,0.116,0.1172,0.13535,0.1315,0.20855,0.2502,6,6,-0.39386022,-0.4283624,0.12244898,0.07853789,0.21285257,0.31097722,-0.2851641,-0.36200327,17.322438202497764,78.44497794385936,3211.0,Hyderabad,7,"{""type"":""MultiPoint"",""coordinates"":[]}",-6.301054755532439,-12.890343452448295,-5.520942301831024,-13.006540450102108
1_1_1_1_1_2_212_0_1_1_1_1_1_2_212_0,0.31535,0.33695,0.2303,0.26575,0.045,0.05285,0.07865,0.0847,0.1053,0.148,0.29245,0.2324,4,4,-0.6007614,-0.59824497,0.037676867,0.18363045,0.4705217,0.22187172,-0.576125,-0.46578366,17.24545258264872,78.31939346713945,3212.0,Hyderabad,7,"{""type"":""MultiPoint"",""coordinates"":[]}",-9.796980607404599,-15.571265205181401,-10.985262500417377,-19.85079811698099
1_1_1_1_1_2_213_0_1_1_1_1_1_2_213_0,0.20915,0.23565,0.16205,0.18395,0.057,0.0673,0.08025,0.09155,0.0991,0.1143,0.2043,0.2046,6,6,-0.4454043,-0.44040343,0.01173056,0.07052811,0.34673697,0.28316087,-0.4359515,-0.38173223,17.44137514611519,78.49294798003135,3213.0,Hyderabad,7,"{""type"":""MultiPoint"",""coordinates"":[]}",-6.486173293298761,-15.179980607713565,-6.424543097607172,-16.37785756492508
1_1_1_1_1_2_214_0_1_1_1_1_1_2_214_0,0.3395,0.3559,0.28875,0.28545,0.0996,0.10255,0.1291,0.1308,0.1714,0.1705,0.25005,0.25425,6,6,-0.44899702,-0.46250257,0.15172589,0.16659838,0.18661763,0.1971748,-0.31900305,-0.32060772,17.380020212209825,78.37284322654456,3214.0,Hyderabad,7,"{""type"":""MultiPoint"",""coordinates"":[]}",-12.596357832363106,-19.088399723443594,-10.87695259516427,-19.45284175952002
1_1_1_1_1_2_215_0_1_1_1_1_1_2_215_0,0.26285,0.29005,0.2603,0.2682,0.1225,0.1271,0.1488,0.1611,0.1791,0.1963,0.2161,0.2308,6,6,-0.27705574,-0.2858251,0.097609356,0.11375636,0.09362348,0.08077733,-0.18443409,-0.1778515,17.32504331682171,78.4302455731998,3215.0,Hyderabad,7,"{""type"":""MultiPoint"",""coordinates"":[]}",-8.692393056802455,-11.557234121662812,-4.081934957587313,-14.316328673863538
1_1_1_1_1_2_216_0_1_1_1_1_1_2_216_0,0.2673,0.3119,0.16535,0.236,0.04605,0.05605,0.06705,0.0829,0.0756,0.1119,0.2156,0.234,1,1,-0.59892327,-0.5800405,0.107061505,0.14270012,0.48076922,0.3529922,-0.52556163,-0.47680655,17.57504446039217,78.50220062745777,3216.0,Hyderabad,7,"{""type"":""MultiPoint"",""coordinates"":[]}",-10.402012947744037,-15.53986750028686,-8.849198014078699,-14.962026292221436
1_1_1_1_1_2_217_0_1_1_1_1_1_2_217_0,0.3106,0.404,0.2164,0.3027,0.0583,0.1053,0.0867,0.1383,0.1163,0.1879,0.25805,0.2988,4,4,-0.563554,-0.4899502,0.09241185,0.14968696,0.37865633,0.2278611,-0.49702683,-0.36719286,17.23431347312564,78.52888059139612,3217.0,Hyderabad,7,"{""type"":""MultiPoint"",""coordinates"":[]}",-11.350952686320543,-18.830153197166393,-11.238149901820787,-19.083096897562402
1_1_1_1_1_2_218_0_1_1_1_1_1_2_218_0,0.141,0.15605,0.0913,0.1197,0.0353,0.03705,0.0441,0.05225,0.0464,0.06505,0.1444,0.1324,6,6,-0.5235008,-0.49831975,-0.011913104,0.081989944,0.5136268,0.34109902,-0.5320955,-0.43406445,17.33663158398685,78.50723119304884,3218.0,Hyderabad,7,"{""type"":""MultiPoint"",""coordinates"":[]}",-8.691665670474475,-13.880889228644511,-6.74576423310829,-14.237800775667186
1_1_1_1_1_2_219_0_1_1_1_1_1_2_219_0,0.2416,0.23235,0.1678,0.16465,0.0509,0.04385,0.06735,0.06195,0.0899,0.0713,0.1956,0.1755,4,6,-0.5640071,-0.579001,0.105215006,0.13938949,0.37022766,0.42220423,-0.4877353,-0.47820595,17.42313934584756,78.3543379316917,3219.0,Hyderabad,7,"{""type"":""MultiPoint"",""coordinates"":[]}",-8.950915558492799,-16.892797562618945,-8.370755296852481,-15.447421416181907
1_1_1_1_1_2_220_0_1_1_1_1_1_2_220_0,0.296,0.27825,0.27355,0.2528,0.1032,0.0954,0.1241,0.1191,0.16115,0.1564,0.21635,0.2108,6,6,-0.4091883,-0.4005285,0.15546013,0.13792045,0.14622517,0.14814815,-0.2709649,-0.277963,17.38343381028948,78.43455748656358,3220.0,Hyderabad,7,"{""type"":""MultiPoint"",""coordinates"":[]}",-4.492217674377363,-13.845541449994501,-3.2983142462624606,-13.057969999607337
1_1_1_1_1_2_221_0_1_1_1_1_1_2_221_0,0.22055,0.2369,0.20795,0.22415,0.1122,0.1188,0.1352,0.1405,0.15795,0.1577,0.18505,0.18915,6,6,-0.23991567,-0.2554319,0.08752465,0.112076044,0.07900874,0.0906732,-0.15565965,-0.14758077,17.38307448417583,78.43662361171705,3221.0,Hyderabad,7,"{""type"":""MultiPoint"",""coordinates"":[]}",-5.559581882415028,-15.189430191695061,-8.905592434593459,-15.056618560174744
1_1_1_1_1_2_222_0_1_1_1_1_1_2_222_0,0.28835,0.28155,0.25785,0.25795,0.1206,0.1382,0.1522,0.1708,0.1845,0.199,0.2614,0.24835,6,6,-0.30904552,-0.24483255,0.049022283,0.06265333,0.1724602,0.11031631,-0.2640232,-0.1850173,17.467336457826242,78.55187746266958,3222.0,Hyderabad,7,"{""type"":""MultiPoint"",""coordinates"":[]}",-6.1704946783087635,-15.565203826005575,-5.166325008876608,-15.711972943597004
1_1_1_1_1_2_223_0_1_1_1_1_1_2_223_0,0.33205,0.34845,0.22795,0.2649,0.0694,0.0709,0.09615,0.0917,0.13905,0.1282,0.23555,0.2165,5,5,-0.5509108,-0.5833239,0.1700141,0.23356049,0.25760812,0.2561648,-0.42025927,-0.40493187,17.228294760722036,78.60397974914852,3223.0,Hyderabad,7,"{""type"":""MultiPoint"",""coordinates"":[]}",-10.572295795151746,-18.149448034308968,-11.08018672798147,-18.35932608517272
1_1_1_1_1_2_224_0_1_1_1_1_1_2_224_0,0.10495,0.08845,0.0698,0.05705,0.0533,0.05015,0.0872,0.08425,0.0912,0.08645,0.19195,0.1741,4,4,-0.09237575,-0.02431963,-0.29302797,-0.32622358,0.35581848,0.33640376,-0.3752463,-0.347784,17.438051379563944,78.2070142250961,3224.0,Hyderabad,7,"{""type"":""MultiPoint"",""coordinates"":[]}",-13.085029328331911,-20.970856682379875,-10.984484322911165,-18.429759643417242
1_1_1_1_1_2_225_0_1_1_1_1_1_2_225_0,0.2692,0.25495,0.18175,0.1866,0.04955,0.0489,0.0719,0.0626,0.1028,0.0876,0.2027,0.1642,1,1,-0.5784227,-0.60573137,0.14091969,0.2165096,0.3270049,0.30420968,-0.4763292,-0.4479718,17.242847468324772,78.5858337804093,3225.0,Hyderabad,7,"{""type"":""MultiPoint"",""coordinates"":[]}",-11.34536598538753,-17.10195053909571,-8.981843505181434,-16.156358909186068
1_1_1_1_1_2_226_0_1_1_1_1_1_2_226_0,0.1713,0.22055,0.1015,0.1744,0.0373,0.04025,0.0518,0.0562,0.0478,0.07365,0.19165,0.13455,1,6,-0.5356342,-0.5938573,-0.056068327,0.2421853,0.6007517,0.2925072,-0.5744506,-0.41074705,17.32136022415682,78.50417692108283,3226.0,Hyderabad,7,"{""type"":""MultiPoint"",""coordinates"":[]}",-9.238899117870144,-13.635086005658765,-8.841406780413188,-15.033977927043406
1_1_1_1_1_2_227_0_1_1_1_1_1_2_227_0,0.30615,0.31505,0.2225,0.25845,0.0502,0.07115,0.0738,0.1014,0.0939,0.1302,0.2449,0.2414,6,6,-0.61152786,-0.5130268,0.111151434,0.13235691,0.44569066,0.2992465,-0.5368685,-0.4084014,17.221737059147966,78.31544087988932,3227.0,Hyderabad,7,"{""type"":""MultiPoint"",""coordinates"":[]}",-9.199031505059496,-17.384450435351745,-9.83650201816157,-16.185610394775605
1_1_1_1_1_2_228_0_1_1_1_1_1_2_228_0,0.50465,0.3985,0.4047,0.32535,0.175,0.1399,0.2582,0.1985,0.3432,0.2656,0.4116,0.3442,6,6,-0.32306483,-0.33500838,0.10155525,0.073111616,0.09062003,0.12889472,-0.22902359,-0.26847246,17.24509325653507,78.45557806421198,3228.0,Hyderabad,7,"{""type"":""MultiPoint"",""coordinates"":[]}",-13.039073415811524,-19.953855626200586,-12.627737383908062,-19.09923367385921
1_1_1_1_1_2_229_0_1_1_1_1_1_2_229_0,0.0134,0.0159,0.01085,0.0118,0.0311,0.0408,0.03935,0.061,0.0297,0.0423,0.02305,0.02115,0,0,0.49194312,0.58647597,-0.26474622,-0.1417004,-0.12606636,-0.33333334,0.26121795,0.48508826,17.33231967062308,78.3543379316917,3229.0,Hyderabad,7,"{""type"":""MultiPoint"",""coordinates"":[]}",-20.872519930319918,-29.543034767917703,-20.792608612239295,-30.974032002855225
1_1_1_1_1_2_230_0_1_1_1_1_1_2_230_0,0.27155,0.3204,0.18385,0.2571,0.05525,0.09885,0.07985,0.1379,0.1015,0.1792,0.1919,0.2768,4,6,-0.54553217,-0.3982108,0.1718632,0.07300737,0.3081118,0.2140351,-0.4123275,-0.3349409,17.224432005000324,78.33816825657755,3230.0,Hyderabad,7,"{""type"":""MultiPoint"",""coordinates"":[]}",-11.212945093384917,-17.671812103980727,-10.53198186862089,-17.898498117993416
1_1_1_1_1_2_231_0_1_1_1_1_1_2_231_0,0.4417,0.39285,0.3293,0.3088,0.10165,0.08035,0.1453,0.1111,0.2243,0.163,0.3432,0.24115,4,4,-0.5049404,-0.5590832,0.12549369,0.23927444,0.20951542,0.19336879,-0.40511772,-0.36919802,17.28192418318397,78.22641783523308,3231.0,Hyderabad,7,"{""type"":""MultiPoint"",""coordinates"":[]}",-16.757518680922463,-23.69894027487338,-11.290869362114972,-19.38955428024942
1_1_1_1_1_2_232_0_1_1_1_1_1_2_232_0,0.42065,0.36485,0.36045,0.31555,0.09795,0.1049,0.1579,0.1403,0.2528,0.1786,0.3252,0.2452,5,5,-0.4541526,-0.44452143,0.1279748,0.19613147,0.12525952,0.1571496,-0.3463051,-0.27211413,17.21553868368754,78.67413817283825,3232.0,Hyderabad,7,"{""type"":""MultiPoint"",""coordinates"":[]}",-13.512200102416642,-22.116834895899554,-12.60146237084232,-19.28126866682087
1_1_1_1_1_2_233_0_1_1_1_1_1_2_233_0,0.2857,0.31625,0.23225,0.2318,0.0592,0.05055,0.0853,0.09045,0.1446,0.1238,0.1841,0.2577,4,4,-0.5401617,-0.5552004,0.21626224,0.10201237,0.12017037,0.35098296,-0.3667409,-0.4803964,17.50506569975926,78.27708281725742,3233.0,Hyderabad,7,"{""type"":""MultiPoint"",""coordinates"":[]}",-10.647063817523142,-18.306110906380827,-12.068455596593203,-19.29109544601381
1_1_1_1_1_2_234_0_1_1_1_1_1_2_234_0,0.31305,0.3064,0.2312,0.2394,0.05335,0.06275,0.0742,0.08785,0.0977,0.114,0.1732,0.2144,5,4,-0.61678505,-0.5543437,0.28760925,0.1766513,0.27870062,0.30572474,-0.40016168,-0.41869313,17.33887737219715,78.33673095212296,3234.0,Hyderabad,7,"{""type"":""MultiPoint"",""coordinates"":[]}",-10.77279522594571,-18.56688420123361,-10.567042106150026,-15.536975723361182
1_1_1_1_1_2_235_0_1_1_1_1_1_2_235_0,0.22465,0.2479,0.181,0.19085,0.0686,0.07115,0.0824,0.0892,0.11,0.1179,0.1607,0.1779,4,4,-0.4632796,-0.4707802,0.16595303,0.16439644,0.1872922,0.20283976,-0.32208967,-0.33208537,17.50039446028184,78.24950453803496,3235.0,Hyderabad,7,"{""type"":""MultiPoint"",""coordinates"":[]}",-11.116627816163822,-18.461039939043246,-9.883866667480017,-16.354707720581658
1_1_1_1_1_2_236_0_1_1_1_1_1_2_236_0,0.244,0.254,0.17995,0.2091,0.0821,0.0954,0.1111,0.1242,0.11605,0.1393,0.28565,0.2481,6,6,-0.37426078,-0.34320465,-0.07863683,0.011750647,0.42220563,0.28084666,-0.4399496,-0.33279613,17.431224183404638,78.64179882260994,3236.0,Hyderabad,7,"{""type"":""MultiPoint"",""coordinates"":[]}",-5.374763965548076,-13.604548067478904,-3.2396840974266086,-11.682849048781925
1_1_1_1_1_2_237_0_1_1_1_1_1_2_237_0,0.28725,0.2886,0.23035,0.2331,0.08605,0.1252,0.1063,0.1494,0.1312,0.1753,0.2057,0.2556,6,6,-0.4597891,-0.3178082,0.1654326,0.06063947,0.22113387,0.18635415,-0.31858975,-0.26222223,17.290727672968345,78.68042637982708,3237.0,Hyderabad,7,"{""type"":""MultiPoint"",""coordinates"":[]}",-6.647880574269246,-13.825315049497176,-7.674424804375676,-13.13290904176854
1_1_1_1_1_2_238_0_1_1_1_1_1_2_238_0,0.2543,0.1822,0.2157,0.13885,0.08065,0.06155,0.1051,0.0812,0.14,0.09635,0.19745,0.1682,6,6,-0.41513634,-0.38344723,0.12584394,0.03995434,0.17024745,0.27159327,-0.3052388,-0.3488372,17.45898212568393,78.4850428055311,3238.0,Hyderabad,7,"{""type"":""MultiPoint"",""coordinates"":[]}",-10.23092915861553,-16.90938228669362,-8.120825155418768,-16.218233977617125
1_1_1_1_1_2_239_0_1_1_1_1_1_2_239_0,0.361,0.3633,0.27595,0.3079,0.08005,0.0842,0.1136,0.1211,0.1645,0.1791,0.2646,0.2529,5,4,-0.52128106,-0.5,0.15409207,0.1791626,0.23327896,0.17083333,-0.39925966,-0.3524064,17.363581042510436,78.6691974387756,3239.0,Hyderabad,7,"{""type"":""MultiPoint"",""coordinates"":[]}",-12.655504414187636,-17.595898677839873,-13.260680218943852,-20.47003160892846
1_1_1_1_1_2_240_0_1_1_1_1_1_2_240_0,0.32835,0.25785,0.2369,0.1781,0.064,0.03915,0.0935,0.06315,0.1378,0.0676,0.2305,0.2409,4,6,-0.5567145,-0.60654205,0.1750917,0.033984963,0.25169697,0.5617504,-0.4228395,-0.5846078,17.589327673409674,78.48656994151409,3240.0,Hyderabad,7,"{""type"":""MultiPoint"",""coordinates"":[]}",-10.718615701678617,-18.25418501454685,-8.422403343248508,-15.089604776751662
1_1_1_1_1_2_241_0_1_1_1_1_1_2_241_0,0.26345,0.3497,0.23855,0.26135,0.08915,0.07535,0.1142,0.09885,0.1391,0.1403,0.1791,0.2319,4,4,-0.3952072,-0.5592465,0.19059993,0.2025447,0.1257071,0.24610424,-0.22127515,-0.40226758,17.550071295493648,78.24384515174499,3241.0,Hyderabad,7,"{""type"":""MultiPoint"",""coordinates"":[]}",-11.438513500955537,-21.20492986855139,-11.782049228896863,-16.60352406099984
1_1_1_1_1_2_242_0_1_1_1_1_1_2_242_0,0.06125,0.1033,0.0433,0.0617,0.05365,0.0553,0.08155,0.0726,0.0772,0.06855,0.1569,0.19945,4,4,0.14215687,-0.17453098,-0.43845978,-0.31758878,0.3404528,0.48843282,-0.31599915,-0.4662746,17.55429337732901,78.5535842617094,3242.0,Hyderabad,7,"{""type"":""MultiPoint"",""coordinates"":[]}",-10.824432421337347,-19.25557372219608,-10.284589956596442,-15.359690198868968
1_1_1_1_1_2_243_0_1_1_1_1_1_2_243_0,0.265,0.3102,0.20075,0.22,0.07285,0.08135,0.1068,0.1094,0.135,0.1372,0.2495,0.2824,4,6,-0.4254976,-0.478551,0.030126337,0.046911914,0.29778934,0.34604385,-0.4005052,-0.4415518,17.410473100341477,78.26603353926275,3243.0,Hyderabad,7,"{""type"":""MultiPoint"",""coordinates"":[]}",-12.768668485705309,-18.868571965359116,-12.013027420855273,-20.67851487925784
1_1_1_1_1_2_244_0_1_1_1_1_1_2_244_0,0.2939,0.399,0.2161,0.2741,0.07015,0.1217,0.10155,0.1496,0.1345,0.1706,0.2545,0.34975,4,6,-0.48640788,-0.45461175,0.07184537,0.065776296,0.3084833,0.34428748,-0.4295745,-0.40082106,17.283810645280624,78.30591873787766,3244.0,Hyderabad,7,"{""type"":""MultiPoint"",""coordinates"":[]}",-11.810375174219203,-18.32697710983127,-12.653075252301253,-16.81821646027627
1_1_1_1_1_2_245_0_1_1_1_1_1_2_245_0,0.3215,0.3331,0.25655,0.26695,0.08,0.0756,0.105,0.106,0.13855,0.1405,0.23125,0.2276,5,5,-0.50762016,-0.5171943,0.16327454,0.18815766,0.25067604,0.23662049,-0.37546468,-0.3645084,17.530937179941905,78.30520008565036,3245.0,Hyderabad,7,"{""type"":""MultiPoint"",""coordinates"":[]}",-12.922640158328171,-20.887490939593384,-11.220193384761725,-16.830825253750355
1_1_1_1_1_2_246_0_1_1_1_1_1_2_246_0,0.2415,0.1754,0.1836,0.09605,0.0611,0.0432,0.09105,0.0778,0.1139,0.0568,0.2606,0.2827,4,1,-0.45241317,-0.38546604,-0.038040232,-0.23422833,0.3917223,0.66539025,-0.48215556,-0.56837726,17.33654175245844,78.34391747439591,3246.0,Hyderabad,7,"{""type"":""MultiPoint"",""coordinates"":[]}",-9.303286306204317,-16.841407657665663,-7.118846446023726,-15.234155757163997
1_1_1_1_1_2_247_0_1_1_1_1_1_2_247_0,0.18635,0.2171,0.1123,0.1505,0.0433,0.04585,0.0604,0.0637,0.06045,0.0735,0.22285,0.1901,1,1,-0.51043564,-0.5462963,-0.08919843,0.06630649,0.5732439,0.4423369,-0.5735216,-0.49802995,17.469851740621777,78.46878329888852,3247.0,Hyderabad,7,"{""type"":""MultiPoint"",""coordinates"":[]}",-8.001351014123216,-13.984076331137809,-7.537624717589609,-13.24249808465722
1_1_1_1_1_2_248_0_1_1_1_1_1_2_248_0,0.2499,0.2575,0.2068,0.23615,0.07415,0.0977,0.099,0.1224,0.1226,0.1565,0.1767,0.1829,6,6,-0.43250215,-0.3556199,0.17158931,0.16939147,0.1807551,0.07778432,-0.28182808,-0.19816574,17.22524048875603,78.34679208330509,3248.0,Hyderabad,7,"{""type"":""MultiPoint"",""coordinates"":[]}",-9.778819090365062,-16.22176478286455,-11.095251988886918,-18.353074608947242
1_1_1_1_1_2_249_0_1_1_1_1_1_2_249_0,0.31965,0.30675,0.27345,0.2601,0.1035,0.1116,0.1391,0.1492,0.1808,0.1757,0.2665,0.2723,6,6,-0.39356947,-0.34554228,0.09067645,0.059494,0.191594,0.215625,-0.31410256,-0.2920522,17.511623401333335,78.41955562131878,3249.0,Hyderabad,7,"{""type"":""MultiPoint"",""coordinates"":[]}",-8.839156048859504,-16.592120929670273,-8.050500587296696,-15.93105857754338
1_1_1_1_1_2_250_0_1_1_1_1_1_2_250_0,0.22835,0.2299,0.17065,0.17045,0.06895,0.0629,0.0889,0.0887,0.1139,0.10405,0.1995,0.26095,6,6,-0.4395587,-0.44318897,0.067430176,-0.06325761,0.27313337,0.429863,-0.38349515,-0.4926355,17.532913473566968,78.35236163806664,3250.0,Hyderabad,7,"{""type"":""MultiPoint"",""coordinates"":[]}",-9.810982375614904,-15.389440195469355,-6.9289905610516955,-15.58426267609259
1_1_1_1_1_2_251_0_1_1_1_1_1_2_251_0,0.3525,0.3922,0.2801,0.361,0.0953,0.2134,0.1362,0.1773,0.18115,0.1843,0.2665,0.3073,5,6,-0.4426028,-0.37734854,0.13893376,0.12137241,0.19066235,0.25020343,-0.32356593,-0.26826248,17.203321595823514,78.32415453814528,3251.0,Hyderabad,7,"{""type"":""MultiPoint"",""coordinates"":[]}",-10.86745806612414,-18.754951403963744,-11.272793442838228,-16.951618773118028
1_1_1_1_1_2_252_0_1_1_1_1_1_2_252_0,0.1814,0.18615,0.10605,0.11875,0.0489,0.0479,0.06965,0.0727,0.06585,0.06215,0.23035,0.2139,1,1,-0.44513044,-0.43828472,-0.11888282,-0.06936633,0.555368,0.5497193,-0.53566664,-0.4926727,17.597232847909925,78.26360808799564,3252.0,Hyderabad,7,"{""type"":""MultiPoint"",""coordinates"":[]}",-8.559480717166462,-15.356372352430988,-8.417879960229246,-14.618080307861444
1_1_1_1_1_2_253_0_1_1_1_1_1_2_253_0,0.27445,0.40305,0.1972,0.3405,0.0593,0.1393,0.0825,0.1974,0.09915,0.2751,0.2162,0.32275,5,6,-0.53775036,-0.34249312,0.11872006,0.11063654,0.37117487,0.079702266,-0.4476063,-0.24098818,17.565073160738446,78.38353317842558,3253.0,Hyderabad,7,"{""type"":""MultiPoint"",""coordinates"":[]}",-8.002158596016734,-16.791587806619567,-7.873508603060462,-18.905342654031358
1_1_1_1_1_2_254_0_1_1_1_1_1_2_254_0,0.31895,0.24545,0.2194,0.21145,0.08075,0.05675,0.1112,0.0738,0.1549,0.089,0.2766,0.1579,4,4,-0.48297104,-0.5376664,0.07111074,0.21705715,0.2820394,0.27906033,-0.42650852,-0.36296937,17.480901018616446,78.67871958078726,3254.0,Hyderabad,7,"{""type"":""MultiPoint"",""coordinates"":[]}",-11.955788024237457,-19.94683870278878,-11.204338788792654,-17.2761814424721
1_1_1_1_1_2_255_0_1_1_1_1_1_2_255_0,0.19825,0.1254,0.134,0.07895,0.06055,0.0536,0.0913,0.0756,0.09895,0.08435,0.2222,0.1801,4,4,-0.36936626,-0.24776119,-0.056962777,-0.17905074,0.38377705,0.36207223,-0.41754386,-0.40868205,17.26440703514364,78.2957677751671,3255.0,Hyderabad,7,"{""type"":""MultiPoint"",""coordinates"":[]}",-12.556588275737779,-20.348032961586107,-10.695294260527488,-17.743369535949213
1_1_1_1_1_2_256_0_1_1_1_1_1_2_256_0,0.3205,0.3218,0.23725,0.24455,0.08305,0.06785,0.107,0.0925,0.1389,0.12405,0.2571,0.22835,4,4,-0.49941522,-0.5534637,0.109764546,0.16986276,0.29848486,0.2959705,-0.4122494,-0.42340657,17.5910344724495,78.23207722152303,3256.0,Hyderabad,7,"{""type"":""MultiPoint"",""coordinates"":[]}",-12.6067764420306,-18.76457788898015,-10.027356644946842,-16.745361982144978
1_1_1_1_1_2_257_0_1_1_1_1_1_2_257_0,0.2364,0.2763,0.18495,0.2289,0.0589,0.0736,0.0858,0.1016,0.1005,0.1356,0.18235,0.23045,6,6,-0.46741155,-0.4622916,0.12907463,0.09047854,0.289376,0.2591176,-0.36005968,-0.38804397,17.397717023306978,78.32415453814528,3257.0,Hyderabad,7,"{""type"":""MultiPoint"",""coordinates"":[]}",-10.566017386130802,-17.975747346925598,-7.6692665396423445,-12.733632754505695
1_1_1_1_1_2_258_0_1_1_1_1_1_2_258_0,0.26665,0.2336,0.19005,0.18095,0.05685,0.04735,0.0744,0.0614,0.1023,0.082,0.20265,0.1387,1,1,-0.5637003,-0.5837288,0.13637333,0.25490198,0.32907033,0.25690982,-0.46291283,-0.38630685,17.42951738436481,78.62257487552979,3258.0,Hyderabad,7,"{""type"":""MultiPoint"",""coordinates"":[]}",-6.381190619637928,-12.342056158391204,-5.991783974754533,-12.445603841473483
1_1_1_1_1_2_259_0_1_1_1_1_1_2_259_0,0.19545,0.24005,0.1906,0.23625,0.1112,0.1205,0.1319,0.1421,0.1505,0.1665,0.16765,0.1773,6,6,-0.19413471,-0.25631297,0.07656293,0.15035342,0.05390539,0.03141361,-0.11934569,-0.110206634,17.378852402340467,78.4753410004626,3259.0,Hyderabad,7,"{""type"":""MultiPoint"",""coordinates"":[]}",-2.939432420938365,-10.874978814545278,-1.9660201670419988,-11.379346925854023
1_1_1_1_1_2_260_0_1_1_1_1_1_2_260_0,0.28855,0.33825,0.2399,0.30025,0.1152,0.1842,0.1334,0.2169,0.1629,0.232,0.2611,0.2929,6,6,-0.3676976,-0.21858957,0.049940873,0.07185297,0.23160377,0.1160221,-0.32370088,-0.14907807,17.495094400105536,78.21941097601695,3260.0,Hyderabad,7,"{""type"":""MultiPoint"",""coordinates"":[]}",-12.37708022928829,-19.20510688361273,-8.411999276004153,-14.253775281079424
1_1_1_1_1_2_261_0_1_1_1_1_1_2_261_0,0.4374,0.37345,0.318,0.28605,0.10155,0.106,0.1462,0.1431,0.2225,0.1899,0.3361,0.2697,5,5,-0.4989719,-0.4459394,0.13096316,0.1613154,0.20336555,0.17362924,-0.39373833,-0.30668604,17.47272634953096,78.68482812471927,3261.0,Hyderabad,7,"{""type"":""MultiPoint"",""coordinates"":[]}",-12.012340400160145,-19.06579639721221,-11.365499115172899,-17.8394816241783
1_1_1_1_1_2_262_0_1_1_1_1_1_2_262_0,0.2039,0.2525,0.1802,0.2199,0.0712,0.0715,0.0895,0.08785,0.10485,0.08905,0.192,0.21375,6,6,-0.38991138,-0.4837667,0.030058095,0.08310992,0.29358262,0.41182297,-0.36412078,-0.41744033,17.47092971896272,78.47857493548543,3262.0,Hyderabad,7,"{""type"":""MultiPoint"",""coordinates"":[]}",-2.937717812169028,-14.91423852110067,-3.895685145859539,-13.522221296089377
1_1_1_1_1_2_263_0_1_1_1_1_1_2_263_0,0.21595,0.21245,0.2018,0.201,0.0934,0.1038,0.1057,0.1246,0.1308,0.1407,0.156,0.163,6,6,-0.34276387,-0.2606438,0.16117758,0.13170862,0.087866105,0.07342772,-0.19220482,-0.13351877,17.454131223149684,78.39027054305649,3263.0,Hyderabad,7,"{""type"":""MultiPoint"",""coordinates"":[]}",-7.582410541732837,-15.134927107151054,-6.423216213086378,-14.677674335128625
1_1_1_1_1_2_264_0_1_1_1_1_1_2_264_0,0.2982,0.29395,0.19845,0.2237,0.0602,0.0633,0.0801,0.08315,0.1091,0.113,0.2248,0.1972,4,4,-0.5765266,-0.55900294,0.14034417,0.19698666,0.34651092,0.2714378,-0.47458184,-0.4068129,17.284888623621566,78.54540959262393,3264.0,Hyderabad,7,"{""type"":""MultiPoint"",""coordinates"":[]}",-11.827747745013735,-18.05584022124257,-10.147852653151913,-17.144802844898308
1_1_1_1_1_2_265_0_1_1_1_1_1_2_265_0,0.19185,0.18705,0.1679,0.1577,0.10105,0.1045,0.1271,0.1294,0.1477,0.1467,0.2052,0.22135,6,6,-0.20300987,-0.18217728,-0.03362297,-0.08398629,0.16293567,0.20282571,-0.2350286,-0.26215252,17.387925386710076,78.4783952724286,3265.0,Hyderabad,7,"{""type"":""MultiPoint"",""coordinates"":[]}",-0.07010440359378667,-15.752398199433902,1.2593687179139392,-14.519747594144235
1_1_1_1_1_2_266_0_1_1_1_1_1_2_266_0,0.2815,0.28625,0.2084,0.22035,0.07665,0.0773,0.1041,0.1082,0.13725,0.1482,0.2331,0.22705,4,6,-0.46006224,-0.451388,0.09405363,0.115332164,0.25880924,0.21012658,-0.38256228,-0.35451156,17.510725086049213,78.52546699331647,3266.0,Hyderabad,7,"{""type"":""MultiPoint"",""coordinates"":[]}",-11.815374157053737,-17.68106273549701,-11.247797770938792,-17.511029477865172
1_1_1_1_1_2_267_0_1_1_1_1_1_2_267_0,0.23575,0.1348,0.1799,0.0966,0.0756,0.04965,0.1049,0.0753,0.1257,0.0651,0.18555,0.14765,4,0,-0.3841186,-0.28319848,0.119155,-0.045494776,0.19228916,0.3880141,-0.2776726,-0.3245122,17.26584433959823,78.26181145742738,3267.0,Hyderabad,7,"{""type"":""MultiPoint"",""coordinates"":[]}",-10.046417974881361,-18.79965912027898,-10.683591967058824,-16.598478643402302
1_1_1_1_1_2_268_0_1_1_1_1_1_2_268_0,0.3712,0.3559,0.2768,0.27165,0.10035,0.0835,0.1339,0.1068,0.1896,0.1455,0.28975,0.2259,4,4,-0.46980795,-0.5383618,0.12323171,0.22344448,0.20892876,0.21647818,-0.3678744,-0.35798016,17.44559722795055,78.24420447785864,3268.0,Hyderabad,7,"{""type"":""MultiPoint"",""coordinates"":[]}",-15.427086385413348,-24.1363570162104,-13.664812485477201,-19.777985586375607
1_1_1_1_1_2_269_0_1_1_1_1_1_2_269_0,0.27755,0.2981,0.20865,0.2167,0.06075,0.0619,0.0843,0.0854,0.1106,0.1167,0.19,0.1823,1,1,-0.5340611,-0.55462843,0.1872527,0.24104913,0.2641384,0.21939799,-0.3853445,-0.36197236,17.56561214990892,78.6128730704613,3269.0,Hyderabad,7,"{""type"":""MultiPoint"",""coordinates"":[]}",-9.403739988053237,-16.669617088678915,-8.815066847275101,-14.77171457310929
1_1_1_1_1_2_270_0_1_1_1_1_1_2_270_0,0.35545,0.31835,0.254,0.24865,0.0695,0.0508,0.0973,0.07975,0.13755,0.1151,0.2354,0.2381,4,4,-0.5701822,-0.5993469,0.20318186,0.1442178,0.2623676,0.3482446,-0.41508868,-0.49819097,17.21499969451707,78.29855255254787,3270.0,Hyderabad,7,"{""type"":""MultiPoint"",""coordinates"":[]}",-10.830568297159381,-18.60582051996334,-10.688749035761116,-16.974744944164087
1_1_1_1_1_2_271_0_1_1_1_1_1_2_271_0,0.22615,0.23615,0.17325,0.1702,0.04605,0.04795,0.06905,0.0728,0.0768,0.0664,0.22845,0.249,6,6,-0.53218156,-0.52872634,-0.0050593927,-0.026486654,0.4968059,0.57894737,-0.5357983,-0.5475451,17.521684532515472,78.52906025445294,3271.0,Hyderabad,7,"{""type"":""MultiPoint"",""coordinates"":[]}",-7.879132844557583,-13.871118107378344,-5.506273171171439,-13.292965581985907
1_1_1_1_1_2_272_0_1_1_1_1_1_2_272_0,0.0651,0.12855,0.0465,0.0734,0.055,0.06515,0.08265,0.0961,0.0828,0.0892,0.1544,0.21955,4,4,0.11878172,-0.14444692,-0.4068337,-0.26141915,0.30185497,0.42218623,-0.30267876,-0.39109772,17.59920914153499,78.59311013421068,3272.0,Hyderabad,7,"{""type"":""MultiPoint"",""coordinates"":[]}",-11.800000171219814,-20.829440831307878,-10.910737200061607,-18.830890557926438
1_1_1_1_1_2_273_0_1_1_1_1_1_2_273_0,0.2919,0.29435,0.20545,0.2271,0.06865,0.0659,0.09715,0.0978,0.1259,0.1402,0.2278,0.2464,1,1,-0.50057834,-0.5012113,0.12334039,0.08867314,0.28809726,0.27470255,-0.40206185,-0.43172574,17.243386457495244,78.53552812449861,3273.0,Hyderabad,7,"{""type"":""MultiPoint"",""coordinates"":[]}",-11.365953294863438,-17.3622946312892,-10.895140538298943,-16.67243762612757
1_1_1_1_1_2_274_0_1_1_1_1_1_2_274_0,0.2387,0.2364,0.21,0.2074,0.0993,0.07935,0.1196,0.0955,0.1363,0.1132,0.16455,0.14215,6,6,-0.332403,-0.42452547,0.18388097,0.24897635,0.09390061,0.1133738,-0.1581911,-0.19629708,17.404274724881052,78.5723590511475,3274.0,Hyderabad,7,"{""type"":""MultiPoint"",""coordinates"":[]}",-8.348770170668177,-17.445987320135266,-4.6001173819021,-17.05606427987991
1_1_1_1_1_2_275_0_1_1_1_1_1_2_275_0,0.15335,0.17645,0.12365,0.1313,0.0611,0.0644,0.07975,0.08565,0.0821,0.0869,0.169,0.20635,6,6,-0.3157443,-0.34643266,-0.04854971,-0.078108676,0.34607726,0.40733162,-0.35879397,-0.41335616,17.399333990818395,78.45108648779137,3275.0,Hyderabad,7,"{""type"":""MultiPoint"",""coordinates"":[]}",-6.596793106821012,-13.78603118861021,-6.472638341769834,-13.230016777294342
1_1_1_1_1_2_276_0_1_1_1_1_1_2_276_0,0.36255,0.3739,0.32625,0.32715,0.10125,0.1203,0.1655,0.1687,0.23,0.2138,0.29315,0.2943,6,6,-0.37316543,-0.37817913,0.105841085,0.11912601,0.12071108,0.15843338,-0.2783168,-0.2712743,17.53938134361263,78.47848510395701,3276.0,Hyderabad,7,"{""type"":""MultiPoint"",""coordinates"":[]}",-8.490513904748877,-13.68114584141437,-9.589989315859498,-15.789554603194134
1_1_1_1_1_2_277_0_1_1_1_1_1_2_277_0,0.22435,0.27795,0.1764,0.24225,0.1134,0.1568,0.141,0.132,0.1709,0.155,0.2203,0.2421,1,6,-0.2281374,-0.35601902,0.009108287,0.06893568,0.12627812,0.21934022,-0.2194852,-0.29430634,17.2851581182068,78.40338594620462,3277.0,Hyderabad,7,"{""type"":""MultiPoint"",""coordinates"":[]}",-6.7325318526626665,-13.370067955722504,-5.940620928112774,-9.359010889976954
1_1_1_1_1_2_278_0_1_1_1_1_1_2_278_0,0.4301,0.38925,0.3238,0.27355,0.1183,0.1091,0.1614,0.1477,0.2379,0.2056,0.35965,0.3296,4,4,-0.4542688,-0.44985566,0.089205444,0.08297976,0.20374864,0.2316891,-0.38048172,-0.38110203,17.572349514539813,78.2956779436387,3278.0,Hyderabad,7,"{""type"":""MultiPoint"",""coordinates"":[]}",-11.498204793392617,-22.11746152138561,-10.560622543151641,-19.788591358696145
1_1_1_1_1_2_279_0_1_1_1_1_1_2_279_0,0.2883,0.26425,0.2351,0.2174,0.1344,0.1427,0.1715,0.1711,0.201,0.1916,0.2672,0.26875,6,6,-0.2540235,-0.21396577,0.037983797,-0.008442776,0.14139257,0.16758987,-0.21814452,-0.2220075,17.35675384635113,78.32307655980433,3279.0,Hyderabad,7,"{""type"":""MultiPoint"",""coordinates"":[]}",5.989459804414574,0.8122390272292835,3.6072966529210815,-2.607221049495082
1_1_1_1_1_2_280_0_1_1_1_1_1_2_280_0,0.22235,0.19455,0.1403,0.1191,0.0456,0.0296,0.0658,0.0474,0.0663,0.0427,0.22615,0.2384,1,1,-0.5432934,-0.6081835,-0.008472687,-0.1012819,0.54658914,0.6961935,-0.5492379,-0.6682995,17.231977853386926,78.46501037469523,3280.0,Hyderabad,7,"{""type"":""MultiPoint"",""coordinates"":[]}",-9.032985226391872,-14.765998781779913,-7.802027264185854,-13.828051438339479
1_1_1_1_1_2_281_0_1_1_1_1_1_2_281_0,0.25455,0.2754,0.1871,0.21745,0.0512,0.0632,0.07565,0.0841,0.0962,0.11575,0.18715,0.193,1,1,-0.54179287,-0.532128,0.15259226,0.17591801,0.32098112,0.25020242,-0.424277,-0.3929989,17.35549620495336,78.35200231195299,3281.0,Hyderabad,7,"{""type"":""MultiPoint"",""coordinates"":[]}",-9.511551884222749,-16.41389287395993,-9.32040961086242,-15.422314012795447
1_1_1_1_1_2_282_0_1_1_1_1_1_2_282_0,0.2043,0.22565,0.1535,0.16445,0.0494,0.05195,0.0675,0.0808,0.07585,0.0828,0.1649,0.1495,0,0,-0.5033113,-0.4726709,0.10671723,0.20298547,0.36988577,0.28712872,-0.419105,-0.29830655,17.344716421543925,78.66955676488924,3282.0,Hyderabad,7,"{""type"":""MultiPoint"",""coordinates"":[]}",-12.09368262663661,-22.0267900017341,-13.752523035081587,-21.746178306000214
1_1_1_1_1_2_283_0_1_1_1_1_1_2_283_0,0.18245,0.20385,0.1765,0.19215,0.104,0.1093,0.1242,0.1386,0.147,0.1575,0.1694,0.19805,6,6,-0.18995598,-0.19053876,0.03708967,0.0144314505,0.07079646,0.11404866,-0.15395096,-0.1765929,17.389003365051018,78.49007337112216,3283.0,Hyderabad,7,"{""type"":""MultiPoint"",""coordinates"":[]}",-6.114500867446209,-16.073427593606034,-3.5196281964004705,-15.798528857693253
1_1_1_1_1_2_284_0_1_1_1_1_1_2_284_0,0.32155,0.30095,0.25895,0.2399,0.0638,0.0624,0.0944,0.0867,0.14105,0.1329,0.2192,0.19945,4,4,-0.5460993,-0.55268925,0.18927416,0.20283774,0.21693268,0.20024072,-0.39795917,-0.3940241,17.292075145894522,78.60739334722817,3284.0,Hyderabad,7,"{""type"":""MultiPoint"",""coordinates"":[]}",-13.238317899360105,-21.427559693812718,-10.740575453502444,-16.945304767368416
1_1_1_1_1_2_285_0_1_1_1_1_1_2_285_0,0.2096,0.3034,0.14385,0.23995,0.06415,0.09015,0.0831,0.1143,0.1172,0.1515,0.23055,0.2264,4,4,-0.43218312,-0.45271727,-0.04759741,0.14533786,0.32595256,0.19820058,-0.47011,-0.32902846,17.49123164438382,78.25049268484749,3285.0,Hyderabad,7,"{""type"":""MultiPoint"",""coordinates"":[]}",-12.120154043159225,-19.59964145773209,-11.538318540773158,-19.327047365054447
1_1_1_1_1_2_286_0_1_1_1_1_1_2_286_0,0.35345,0.2903,0.25155,0.22985,0.09275,0.0978,0.1259,0.1345,0.1891,0.1732,0.2866,0.24275,4,6,-0.47470534,-0.36676082,0.104444966,0.08920364,0.2049611,0.1672076,-0.38957575,-0.286945,17.335912931759555,78.20369045854486,3286.0,Hyderabad,7,"{""type"":""MultiPoint"",""coordinates"":[]}",-15.937331438801577,-23.70055822696049,-9.637492413633577,-18.32783754503173
1_1_1_1_1_2_287_0_1_1_1_1_1_2_287_0,0.276,0.30575,0.19375,0.22825,0.05235,0.0615,0.07345,0.0847,0.09965,0.121,0.2227,0.2145,1,6,-0.5796251,-0.5661416,0.106877886,0.17539644,0.38172793,0.27868852,-0.5039676,-0.43382353,17.307885494895025,78.48046139758208,3287.0,Hyderabad,7,"{""type"":""MultiPoint"",""coordinates"":[]}",-9.090347941258878,-15.299359985613295,-8.547053590154977,-14.25893215035067
1_1_1_1_1_2_288_0_1_1_1_1_1_2_288_0,0.37595,0.3371,0.27345,0.26215,0.07955,0.0618,0.1126,0.0873,0.16915,0.13515,0.2772,0.20495,5,4,-0.5390441,-0.5885957,0.15119039,0.24379669,0.24207461,0.20523375,-0.42226782,-0.40256628,17.218952281767194,78.2175245139203,3288.0,Hyderabad,7,"{""type"":""MultiPoint"",""coordinates"":[]}",-15.06785812713419,-22.1263671966118,-13.605950976723628,-21.362749468334947
1_1_1_1_1_2_289_0_1_1_1_1_1_2_289_0,0.2958,0.2793,0.1962,0.1973,0.0557,0.0466,0.0785,0.0677,0.1049,0.08355,0.222,0.1929,5,1,-0.5805504,-0.60979825,0.14252608,0.18297331,0.3582135,0.39555073,-0.47753742,-0.48042977,17.59247177690409,78.65383624741715,3289.0,Hyderabad,7,"{""type"":""MultiPoint"",""coordinates"":[]}",-10.23613969434888,-15.541507912787536,-8.270833192676909,-14.68610618508415
1_1_1_1_1_2_290_0_1_1_1_1_1_2_290_0,0.256,0.2894,0.19285,0.22145,0.0599,0.0601,0.08595,0.08725,0.10525,0.1041,0.2096,0.2272,6,6,-0.49729493,-0.53670514,0.09965636,0.120402634,0.33142766,0.37156656,-0.4183725,-0.44506282,17.485392595037045,78.43006591014297,3290.0,Hyderabad,7,"{""type"":""MultiPoint"",""coordinates"":[]}",-11.507396735186965,-17.06048265055398,-9.797709407244295,-16.553349357256913
1_1_1_1_1_2_291_0_1_1_1_1_1_2_291_0,0.2872,0.2758,0.18805,0.20175,0.0475,0.0533,0.0716,0.07225,0.0997,0.09805,0.2149,0.1788,1,1,-0.6008919,-0.58482975,0.14399523,0.21337439,0.3661793,0.2916742,-0.5001745,-0.42441744,17.235481282994993,78.60065598259727,3291.0,Hyderabad,7,"{""type"":""MultiPoint"",""coordinates"":[]}",-9.495473477319319,-15.747801181722616,-8.251303618757767,-14.401642757664025
1_1_1_1_1_2_292_0_1_1_1_1_1_2_292_0,0.31265,0.2737,0.2071,0.1931,0.05465,0.04295,0.07945,0.0648,0.0966,0.0832,0.22545,0.1937,5,1,-0.59474623,-0.6171344,0.16205166,0.17115961,0.40009317,0.39906102,-0.47884554,-0.49864602,17.22847442377886,78.46833414124647,3292.0,Hyderabad,7,"{""type"":""MultiPoint"",""coordinates"":[]}",-11.532413165351867,-17.565999741507287,-9.652170898001472,-15.898591851299457
1_1_1_1_1_2_293_0_1_1_1_1_1_2_293_0,0.2764,0.26605,0.18625,0.2053,0.0585,0.05225,0.07635,0.06925,0.1063,0.09545,0.22505,0.16345,1,1,-0.56711555,-0.58693707,0.10240303,0.23888242,0.35838237,0.2626497,-0.4933643,-0.40481305,17.44236329292772,78.61341205963177,3293.0,Hyderabad,7,"{""type"":""MultiPoint"",""coordinates"":[]}",-8.943469664529287,-15.15417623846433,-7.330021475736542,-15.001254456937227
1_1_1_1_1_2_294_0_1_1_1_1_1_2_294_0,0.25525,0.27005,0.18095,0.21755,0.0539,0.051,0.0735,0.0692,0.0931,0.09515,0.1816,0.1508,5,5,-0.55285174,-0.59204125,0.16859333,0.28335512,0.32216963,0.2262655,-0.42375538,-0.3709091,17.24958483295567,78.68716374445798,3294.0,Hyderabad,7,"{""type"":""MultiPoint"",""coordinates"":[]}",-9.524209244372184,-15.60549955045574,-10.773812095462162,-17.931069519468807
1_1_1_1_1_2_295_0_1_1_1_1_1_2_295_0,0.22945,0.2103,0.1963,0.1693,0.09165,0.0698,0.1173,0.0919,0.156,0.1151,0.2011,0.2019,4,6,-0.32343188,-0.39179352,0.06584601,0.020378457,0.12629515,0.27381703,-0.26319095,-0.37440437,17.2182336295399,78.55070965280022,3295.0,Hyderabad,7,"{""type"":""MultiPoint"",""coordinates"":[]}",-11.251347635080037,-16.342889230425822,-10.450038742015447,-15.889575519938415
1_1_1_1_1_2_296_0_1_1_1_1_1_2_296_0,0.38765,0.35645,0.2941,0.26685,0.0884,0.0725,0.1277,0.1065,0.1998,0.1605,0.2755,0.23105,4,5,-0.5044145,-0.5399071,0.1691171,0.21344681,0.15926783,0.18018132,-0.36656746,-0.36898237,17.257220512870685,78.24213835270517,3296.0,Hyderabad,7,"{""type"":""MultiPoint"",""coordinates"":[]}",-13.707400011328145,-21.37062764582026,-13.316345851194319,-22.174039960169303
1_1_1_1_1_2_297_0_1_1_1_1_1_2_297_0,0.0183,0.01605,0.0152,0.01395,0.0328,0.04355,0.0431,0.0886,0.03465,0.04625,0.02465,0.0898,0,0,0.4039088,0.69326323,-0.14784633,-0.6967407,-0.16863406,0.3201029,0.2723247,-0.0067264573,17.490512992156525,78.26127246825692,3297.0,Hyderabad,7,"{""type"":""MultiPoint"",""coordinates"":[]}",-17.35019838864888,-24.669930050057147,-21.469673813195193,-28.458176650045232
1_1_1_1_1_2_298_0_1_1_1_1_1_2_298_0,0.2511,0.27675,0.2114,0.2138,0.0837,0.0626,0.1132,0.0866,0.1567,0.1234,0.2068,0.1793,4,5,-0.37853417,-0.5233246,0.09674601,0.21368271,0.13782668,0.1846713,-0.2925,-0.3486273,17.315790669395277,78.24968420109178,3298.0,Hyderabad,7,"{""type"":""MultiPoint"",""coordinates"":[]}",-14.54204270718311,-22.950883457162817,-11.865788973267513,-18.8760661330959
1_1_1_1_1_2_299_0_1_1_1_1_1_2_299_0,0.2819,0.25155,0.18035,0.14795,0.0433,0.0477,0.07505,0.07405,0.0734,0.06765,0.2853,0.4104,4,4,-0.5794929,-0.5451474,-0.005994358,-0.23997281,0.5907444,0.7169752,-0.5834605,-0.6942925,17.51521666246981,78.63811572994506,3299.0,Hyderabad,7,"{""type"":""MultiPoint"",""coordinates"":[]}",-9.089196037630437,-17.15158439091439,-9.836063602927435,-15.585673121975372
1_1_1_1_1_2_300_0_1_1_1_1_1_2_300_0,0.37285,0.3289,0.2909,0.24965,0.06425,0.05375,0.0949,0.0805,0.1571,0.1155,0.26775,0.2292,5,5,-0.5942277,-0.60674155,0.16406494,0.17864183,0.26044485,0.32985204,-0.47663036,-0.4801421,17.2626104045754,78.3212799292361,3300.0,Hyderabad,7,"{""type"":""MultiPoint"",""coordinates"":[]}",-11.540921130758267,-20.13389694944655,-6.160661642119895,-18.484336072339495
1_1_1_1_1_2_301_0_1_1_1_1_1_2_301_0,0.3349,0.32815,0.24945,0.3217,0.085,0.1779,0.113,0.1988,0.1501,0.2203,0.2528,0.24345,5,6,-0.49542308,-0.24546921,0.13969712,0.14818054,0.25490198,0.049919136,-0.38217604,-0.10096099,17.387027071425955,78.6865349237591,3301.0,Hyderabad,7,"{""type"":""MultiPoint"",""coordinates"":[]}",-11.940100964959967,-20.07773929844931,-9.16007103443792,-17.934697400187147
1_1_1_1_1_2_302_0_1_1_1_1_1_2_302_0,0.22525,0.2293,0.20765,0.20295,0.1491,0.1208,0.1867,0.1512,0.2017,0.1633,0.27465,0.2278,6,6,-0.093579315,-0.20525624,-0.09881976,0.0032815577,0.1531437,0.16491945,-0.19063617,-0.20211081,17.43230216174558,78.43500664420563,3302.0,Hyderabad,7,"{""type"":""MultiPoint"",""coordinates"":[]}",-3.1183982650972237,-13.547383087988818,-3.485480508313755,-14.71703756146536
1_1_1_1_1_2_303_0_1_1_1_1_1_2_303_0,0.2867,0.2762,0.21975,0.2222,0.0662,0.05575,0.0891,0.0751,0.1198,0.1037,0.2082,0.1818,5,5,-0.5258116,-0.5724452,0.1586179,0.20611353,0.2695122,0.27355516,-0.40060544,-0.4153367,17.291805651309286,78.37338221571504,3303.0,Hyderabad,7,"{""type"":""MultiPoint"",""coordinates"":[]}",-8.94664614188338,-13.734260710880836,-8.720767776299269,-13.967945675347124
1_1_1_1_1_2_304_0_1_1_1_1_1_2_304_0,0.2,0.2972,0.147,0.21145,0.0545,0.0747,0.0719,0.1058,0.0824,0.1354,0.19175,0.26305,1,4,-0.4711291,-0.47493798,0.02105935,0.060954932,0.39886925,0.3203664,-0.45457995,-0.42632505,17.55833579610755,78.33017325054888,3304.0,Hyderabad,7,"{""type"":""MultiPoint"",""coordinates"":[]}",-9.312760429395263,-15.888240414124912,-9.267948379070528,-15.312507838006614
1_1_1_1_1_2_305_0_1_1_1_1_1_2_305_0,0.1629,0.2019,0.09855,0.1444,0.04735,0.04845,0.06205,0.06435,0.0708,0.08125,0.2086,0.1738,1,1,-0.44832185,-0.51661974,-0.12301481,0.07479372,0.4931997,0.36287004,-0.5414742,-0.4595843,17.451885434939385,78.31283576556538,3305.0,Hyderabad,7,"{""type"":""MultiPoint"",""coordinates"":[]}",-8.460422468203951,-13.92530674543968,-8.672019283812961,-14.373240390176274
1_1_1_1_1_2_306_0_1_1_1_1_1_2_306_0,0.3899,0.33705,0.3331,0.27775,0.1647,0.1205,0.2129,0.161,0.2681,0.1762,0.3452,0.31165,6,6,-0.29362974,-0.35347858,0.060808055,0.039155234,0.12571335,0.2776468,-0.23705429,-0.3187348,17.40876630130165,78.30232547674117,3306.0,Hyderabad,7,"{""type"":""MultiPoint"",""coordinates"":[]}",-11.572321573131495,-16.903011816870993,-9.31941448978174,-14.845132736349724
1_1_1_1_1_2_307_0_1_1_1_1_1_2_307_0,0.28495,0.3713,0.2426,0.34705,0.1064,0.1326,0.1286,0.1795,0.1676,0.2415,0.2609,0.2963,6,6,-0.37806794,-0.34822077,0.044059724,0.11234272,0.21773629,0.101896614,-0.33966625,-0.2454813,17.2423084791543,78.42925742638727,3307.0,Hyderabad,7,"{""type"":""MultiPoint"",""coordinates"":[]}",-9.41452456430904,-15.156775061416756,-11.165840643823135,-20.568044180308338
1_1_1_1_1_2_308_0_1_1_1_1_1_2_308_0,0.30275,0.28265,0.21015,0.20045,0.0654,0.0451,0.09145,0.0664,0.12145,0.0816,0.2679,0.2543,5,6,-0.5360223,-0.6195387,0.06107071,0.05279821,0.37613973,0.51414114,-0.49102545,-0.58590585,17.37202520618116,78.25417577751237,3308.0,Hyderabad,7,"{""type"":""MultiPoint"",""coordinates"":[]}",-11.28486562904688,-17.204992156121463,-9.446855187573378,-16.565902526839945
1_1_1_1_1_2_309_0_1_1_1_1_1_2_309_0,0.0582,0.13905,0.0332,0.07545,0.04195,0.03495,0.062,0.06015,0.0535,0.05115,0.1316,0.24485,1,4,0.031613976,-0.39608434,-0.38672286,-0.2755926,0.4219341,0.6543919,-0.35950413,-0.6055738,17.581063172795773,78.69578757118553,3309.0,Hyderabad,7,"{""type"":""MultiPoint"",""coordinates"":[]}",-11.293194619115772,-17.590430285068344,-11.434875030993847,-17.610551720265697
1_1_1_1_1_2_310_0_1_1_1_1_1_2_310_0,0.3038,0.32235,0.2292,0.2475,0.08545,0.07165,0.1081,0.0953,0.132,0.1138,0.2396,0.24175,4,6,-0.47511533,-0.54363704,0.11814501,0.14288247,0.28955868,0.359865,-0.3781996,-0.43450525,17.486470573377986,78.24492313008594,3310.0,Hyderabad,7,"{""type"":""MultiPoint"",""coordinates"":[]}",-10.25353948524021,-17.894764236491337,-10.304763189391057,-15.389891617034113
1_1_1_1_1_2_311_0_1_1_1_1_1_2_311_0,0.2292,0.23595,0.1577,0.1656,0.06045,0.0614,0.0814,0.08225,0.1052,0.0998,0.2177,0.21725,1,1,-0.47585317,-0.48302954,0.025732826,0.041262135,0.3484051,0.3704463,-0.45570043,-0.45075125,17.45152610882574,78.33798859352072,3311.0,Hyderabad,7,"{""type"":""MultiPoint"",""coordinates"":[]}",-8.337813904028742,-14.03230645794948,-7.88353058725407,-15.309390688072558
1_1_1_1_1_2_312_0_1_1_1_1_1_2_312_0,0.31825,0.31765,0.22785,0.2381,0.0592,0.0664,0.0877,0.0882,0.1212,0.1258,0.2683,0.2236,6,6,-0.56792706,-0.5653567,0.08515898,0.17376444,0.37766367,0.27990842,-0.50730336,-0.43425274,17.282463172354444,78.5752336600567,3312.0,Hyderabad,7,"{""type"":""MultiPoint"",""coordinates"":[]}",-13.103477449407306,-18.011636226378677,-10.812506408768627,-16.242369780595848
1_1_1_1_1_2_313_0_1_1_1_1_1_2_313_0,0.23745,0.2082,0.15785,0.13075,0.04695,0.03785,0.06795,0.0604,0.0718,0.06085,0.19595,0.1835,1,1,-0.55500984,-0.5502606,0.0957545,0.063058466,0.4636788,0.50194395,-0.4850322,-0.504715,17.314263533412277,78.33143089194665,3313.0,Hyderabad,7,"{""type"":""MultiPoint"",""coordinates"":[]}",-9.949731510205146,-16.31668003907393,-9.392218760061947,-16.595950180847314
1_1_1_1_1_2_314_0_1_1_1_1_1_2_314_0,0.34905,0.31355,0.2606,0.2281,0.0863,0.0645,0.1198,0.0824,0.1652,0.1075,0.27275,0.19445,4,6,-0.48896235,-0.58378583,0.12270827,0.23444882,0.24557598,0.28796157,-0.3896319,-0.4047318,17.474253485513962,78.63910387675759,3314.0,Hyderabad,7,"{""type"":""MultiPoint"",""coordinates"":[]}",-11.401698015648243,-19.800740211486723,-9.982965491319309,-17.778068967404906
1_1_1_1_1_2_315_0_1_1_1_1_1_2_315_0,0.2651,0.25795,0.22355,0.21715,0.0873,0.1002,0.1131,0.1196,0.1349,0.1422,0.22705,0.1983,6,6,-0.40190375,-0.36644152,0.077313825,0.13073972,0.25459316,0.16475771,-0.33499926,-0.24756213,17.41900709554061,78.56795730625532,3315.0,Hyderabad,7,"{""type"":""MultiPoint"",""coordinates"":[]}",-9.447098032474306,-14.6719277289472,-8.711823861339333,-15.16654451730612
1_1_1_1_1_2_316_0_1_1_1_1_1_2_316_0,0.34755,0.38045,0.28835,0.3277,0.09535,0.1052,0.1453,0.1583,0.201,0.2267,0.2795,0.3043,6,6,-0.41036826,-0.41234338,0.10852404,0.11120847,0.16337149,0.14613935,-0.31591338,-0.31560743,17.472097528832077,78.34203101229926,3316.0,Hyderabad,7,"{""type"":""MultiPoint"",""coordinates"":[]}",-10.848064292486965,-17.38726543975512,-9.246199775683586,-16.133300204820788
1_1_1_1_1_2_317_0_1_1_1_1_1_2_317_0,0.18155,0.21045,0.1724,0.2023,0.0946,0.1136,0.1094,0.1326,0.12175,0.1413,0.1441,0.1721,6,6,-0.24798076,-0.22693485,0.11500077,0.10024834,0.08406997,0.098276965,-0.13688363,-0.1296357,17.473175507173018,78.5098363073728,3317.0,Hyderabad,7,"{""type"":""MultiPoint"",""coordinates"":[]}",-0.5799537873104578,-12.609742609321902,0.7097491433870524,-14.369732010342007
1_1_1_1_1_2_318_0_1_1_1_1_1_2_318_0,0.281,0.30435,0.216,0.2231,0.0638,0.0547,0.088,0.0774,0.11025,0.09635,0.20085,0.2094,1,5,-0.5230352,-0.594499,0.16633807,0.18481752,0.2912247,0.36974654,-0.3906872,-0.46025103,17.3588199715046,78.65671085632633,3318.0,Hyderabad,7,"{""type"":""MultiPoint"",""coordinates"":[]}",-9.631736383614216,-15.182175811560386,-9.419451573889273,-15.675974006448273
1_1_1_1_1_2_319_0_1_1_1_1_1_2_319_0,0.2106,0.21025,0.18415,0.1748,0.1199,0.08695,0.1318,0.11,0.1394,0.11255,0.24495,0.23335,6,6,-0.2301402,-0.31303668,-0.075403355,-0.05207394,0.2746195,0.3492339,-0.30033177,-0.35925442,17.40696967073341,78.48971404500851,3319.0,Hyderabad,7,"{""type"":""MultiPoint"",""coordinates"":[]}",-2.388805219540145,-15.559025202998694,-3.081793891819215,-15.611104509433932
1_1_1_1_1_2_320_0_1_1_1_1_1_2_320_0,0.2185,0.2882,0.1715,0.22045,0.056,0.07425,0.0812,0.09775,0.118,0.1383,0.1685,0.2175,4,6,-0.4581248,-0.4934577,0.12919897,0.13980621,0.17626527,0.22259696,-0.34961954,-0.37985724,17.309682125463265,78.2273161505172,3320.0,Hyderabad,7,"{""type"":""MultiPoint"",""coordinates"":[]}",-10.14499759099838,-19.4662151650516,-11.071290376137442,-17.705657160643053
1_1_1_1_1_2_321_0_1_1_1_1_1_2_321_0,0.2345,0.2422,0.2145,0.22285,0.1169,0.1442,0.1452,0.1652,0.1695,0.1884,0.2092,0.21915,6,6,-0.23518567,-0.18900344,0.057020508,0.049962066,0.10483232,0.07545087,-0.1805869,-0.14036685,17.456466842888396,78.52735345541312,3321.0,Hyderabad,7,"{""type"":""MultiPoint"",""coordinates"":[]}",-4.0741299857725775,-15.339828912585789,-2.712800332138344,-15.378167782149813
1_1_1_1_1_2_322_0_1_1_1_1_1_2_322_0,0.31465,0.29435,0.22085,0.2302,0.0785,0.05895,0.1086,0.0839,0.1407,0.1033,0.2784,0.2283,4,6,-0.48682812,-0.55637807,0.061124694,0.1263752,0.32856122,0.3769602,-0.43875968,-0.46252403,17.504347047531965,78.23674846100046,3322.0,Hyderabad,7,"{""type"":""MultiPoint"",""coordinates"":[]}",-10.998127825455091,-17.405205878171465,-10.361006145179868,-16.186649205807846
1_1_1_1_1_2_323_0_1_1_1_1_1_2_323_0,0.25325,0.2267,0.1894,0.1776,0.06305,0.0662,0.0934,0.0888,0.09125,0.08495,0.2678,0.2223,6,6,-0.46112794,-0.437084,-0.027924383,0.009799555,0.49171424,0.4470301,-0.482835,-0.42912248,17.51458784177093,78.47291554919548,3323.0,Hyderabad,7,"{""type"":""MultiPoint"",""coordinates"":[]}",-8.581949615274521,-14.046657996293302,-10.238417442477466,-15.67119929073078
1_1_1_1_1_2_324_0_1_1_1_1_1_2_324_0,0.23105,0.26625,0.12385,0.1723,0.0485,0.0506,0.082,0.08205,0.0598,0.07635,0.3774,0.3108,4,6,-0.47612202,-0.5288544,-0.24052921,-0.07720301,0.72644097,0.60557926,-0.64301264,-0.5822833,17.45071762507003,78.6587769814798,3324.0,Hyderabad,7,"{""type"":""MultiPoint"",""coordinates"":[]}",-9.15952147848554,-14.756593584362399,-7.435300194254167,-15.337008245692537
1_1_1_1_1_2_325_0_1_1_1_1_1_2_325_0,0.3358,0.34005,0.2298,0.24455,0.0598,0.0526,0.0871,0.0799,0.1238,0.1002,0.2662,0.2495,5,4,-0.5880823,-0.6194785,0.115614615,0.15359172,0.36512822,0.42693737,-0.50693464,-0.51487553,17.296656553843533,78.29361181848522,3325.0,Hyderabad,7,"{""type"":""MultiPoint"",""coordinates"":[]}",-11.37346086535835,-18.043693027191065,-9.706727313707844,-16.34356927569582
1_1_1_1_1_2_326_0_1_1_1_1_1_2_326_0,0.24205,0.2655,0.15065,0.1877,0.0603,0.049,0.08175,0.07335,0.1061,0.0787,0.2377,0.20535,1,4,-0.4950587,-0.56706506,0.0090672225,0.12774768,0.3827807,0.44587222,-0.4881828,-0.47362757,17.592831103017737,78.33987505561737,3326.0,Hyderabad,7,"{""type"":""MultiPoint"",""coordinates"":[]}",-10.209447714083177,-17.27484905475519,-9.826945507027746,-17.27480526051362
1_1_1_1_1_2_327_0_1_1_1_1_1_2_327_0,0.33185,0.3333,0.2752,0.256,0.05505,0.0576,0.0934,0.08705,0.16735,0.1437,0.2475,0.2266,4,4,-0.56072897,-0.58582133,0.1455942,0.19056974,0.19320236,0.22387254,-0.45203874,-0.4449227,17.254076409376268,78.62607830513785,3327.0,Hyderabad,7,"{""type"":""MultiPoint"",""coordinates"":[]}",-12.69071284388319,-18.27998406801474,-11.23951081930439,-19.419447756968687
1_1_1_1_1_2_328_0_1_1_1_1_1_2_328_0,0.01305,0.01255,0.0082,0.0094,0.03005,0.04395,0.0392,0.0687,0.02945,0.0463,0.024,0.02025,0,0,0.50047845,0.69107693,-0.29554656,-0.2347561,-0.10196445,-0.391435,0.24050634,0.54468805,17.372115037709573,78.29001855734874,3328.0,Hyderabad,7,"{""type"":""MultiPoint"",""coordinates"":[]}",-20.04465773133882,-29.115068414725727,-21.04403539922222,-30.644403215199937
1_1_1_1_1_2_329_0_1_1_1_1_1_2_329_0,0.2971,0.2665,0.2228,0.221,0.0909,0.08245,0.1232,0.1022,0.1672,0.1262,0.25295,0.18515,4,4,-0.41375208,-0.44561973,0.08026543,0.18011735,0.20409377,0.18933676,-0.34494218,-0.28867236,17.494645242463474,78.20647523592562,3329.0,Hyderabad,7,"{""type"":""MultiPoint"",""coordinates"":[]}",-12.596446374732322,-18.306454314246853,-12.966839264412293,-20.617189216135536
1_1_1_1_1_2_330_0_1_1_1_1_1_2_330_0,0.34115,0.42285,0.2232,0.37705,0.05875,0.1706,0.08245,0.2282,0.10635,0.2749,0.2363,0.335,4,6,-0.61071765,-0.29897857,0.18157417,0.11592004,0.37924996,0.098540746,-0.48266667,-0.18963069,17.321270392628406,78.25723004947838,3330.0,Hyderabad,7,"{""type"":""MultiPoint"",""coordinates"":[]}",-12.33057944238098,-18.82469640804737,-12.673939354308661,-20.02694513969144
1_1_1_1_1_2_331_0_1_1_1_1_1_2_331_0,0.35995,0.3313,0.3171,0.32255,0.1199,0.1797,0.1638,0.2008,0.2361,0.2266,0.3029,0.2781,6,6,-0.37451074,-0.24525465,0.086067736,0.08729898,0.12393321,0.10204082,-0.29805014,-0.16141157,17.531566000640787,78.48216819662191,3331.0,Hyderabad,7,"{""type"":""MultiPoint"",""coordinates"":[]}",-8.355061304270833,-16.82308895230533,-1.059666932388773,-12.785409373930726
1_1_1_1_1_2_332_0_1_1_1_1_1_2_332_0,0.2489,0.38835,0.1707,0.3382,0.086,0.1174,0.1161,0.1475,0.1431,0.1933,0.25235,0.2622,6,4,-0.3638356,-0.4494728,-0.006882793,0.19391285,0.27626753,0.15126234,-0.36979237,-0.27996096,17.464641511973884,78.20063618657885,3332.0,Hyderabad,7,"{""type"":""MultiPoint"",""coordinates"":[]}",-11.373486613731586,-16.840184733242857,-10.328482056809776,-20.3824326334892
1_1_1_1_1_2_333_0_1_1_1_1_1_2_333_0,0.27505,0.2868,0.2357,0.24125,0.09865,0.09105,0.1287,0.118,0.1448,0.1424,0.25255,0.24405,6,6,-0.36247677,-0.41699606,0.042645942,0.080531225,0.2711715,0.26303533,-0.32485247,-0.34815633,17.56300703558497,78.5467570655501,3333.0,Hyderabad,7,"{""type"":""MultiPoint"",""coordinates"":[]}",-6.799344935490387,-15.822711735661946,-6.181468280370151,-16.356400153222957
1_1_1_1_1_2_334_0_1_1_1_1_1_2_334_0,0.3236,0.2902,0.24325,0.25095,0.06835,0.1044,0.0951,0.1227,0.1353,0.1482,0.2188,0.1732,6,6,-0.5457368,-0.40566725,0.19321534,0.25248167,0.23580909,0.077784695,-0.39407456,-0.17066577,17.331421355338957,78.6159273424273,3334.0,Hyderabad,7,"{""type"":""MultiPoint"",""coordinates"":[]}",-12.582016346921105,-18.941329276605295,-7.227746598452228,-15.963576366235365
1_1_1_1_1_2_335_0_1_1_1_1_1_2_335_0,0.3536,0.3124,0.3294,0.25995,0.1561,0.1092,0.1938,0.1411,0.2363,0.1686,0.29255,0.28375,6,6,-0.29192546,-0.3777288,0.094482705,0.048058376,0.106362864,0.25455952,-0.20304307,-0.33576557,17.45215492952462,78.27798113254154,3335.0,Hyderabad,7,"{""type"":""MultiPoint"",""coordinates"":[]}",-9.893300287499635,-16.957565002686955,-8.206526441636958,-15.024968454832305
1_1_1_1_1_2_336_0_1_1_1_1_1_2_336_0,0.40685,0.3234,0.28805,0.25855,0.0988,0.08045,0.1347,0.11,0.2048,0.14445,0.32345,0.217,4,4,-0.502539,-0.49238577,0.114199646,0.19689119,0.22460955,0.20071933,-0.41198298,-0.32721713,17.524469309896244,78.63299533282557,3336.0,Hyderabad,7,"{""type"":""MultiPoint"",""coordinates"":[]}",-13.585052777212995,-20.606828829706462,-13.528738984945829,-19.097708917691072
1_1_1_1_1_2_337_0_1_1_1_1_1_2_337_0,0.28725,0.2774,0.2775,0.2636,0.1266,0.1206,0.1561,0.1381,0.1811,0.1614,0.22065,0.2038,7,6,-0.29581594,-0.33525872,0.13112818,0.15295096,0.098444305,0.116100766,-0.17133377,-0.19216146,17.348938503379287,78.4220709041143,3337.0,Hyderabad,7,"{""type"":""MultiPoint"",""coordinates"":[]}",-8.620650288082569,-15.518509262428939,-6.148081092224718,-15.40458757297355
1_1_1_1_1_2_338_0_1_1_1_1_1_2_338_0,0.2515,0.34335,0.18975,0.29735,0.0549,0.09455,0.07195,0.128,0.09515,0.1726,0.1655,0.24435,1,5,-0.55510896,-0.45687917,0.206235,0.16845329,0.26990217,0.17208299,-0.39397767,-0.31247482,17.415503665932544,78.3129255970938,3338.0,Hyderabad,7,"{""type"":""MultiPoint"",""coordinates"":[]}",-9.690110536680669,-15.689610891088996,-9.49228817477297,-15.327353018766551
1_1_1_1_1_2_339_0_1_1_1_1_1_2_339_0,0.2829,0.30415,0.20325,0.22615,0.06085,0.0596,0.08735,0.08425,0.1066,0.09645,0.23285,0.22735,4,6,-0.52815664,-0.5661689,0.09704314,0.14449671,0.37192518,0.4042619,-0.4544035,-0.4592426,17.334475627304965,78.64682938820101,3339.0,Hyderabad,7,"{""type"":""MultiPoint"",""coordinates"":[]}",-9.399147586330727,-15.457847498448473,-10.228574366917847,-17.239791951498503
1_1_1_1_1_2_340_0_1_1_1_1_1_2_340_0,0.2472,0.28955,0.177,0.2272,0.0518,0.0631,0.0666,0.08155,0.08145,0.1131,0.1729,0.17865,1,5,-0.5755258,-0.5604958,0.17686266,0.23686458,0.35954395,0.22467867,-0.44384134,-0.3731745,17.245632245705544,78.36080580173736,3340.0,Hyderabad,7,"{""type"":""MultiPoint"",""coordinates"":[]}",-9.681874439721867,-15.73661629457945,-8.491514948264893,-15.323342578542274
1_1_1_1_1_2_341_0_1_1_1_1_1_2_341_0,0.2831,0.24,0.22515,0.1726,0.06965,0.05375,0.0962,0.07985,0.13,0.0873,0.227,0.24505,4,4,-0.4927498,-0.50070345,0.10997844,-0.010411298,0.2717087,0.4746502,-0.40470296,-0.50846416,17.568307095761277,78.61781380452396,3341.0,Hyderabad,7,"{""type"":""MultiPoint"",""coordinates"":[]}",-12.767389635409298,-18.596914567753164,-9.27417615443688,-15.82664616773819
1_1_1_1_1_2_342_0_1_1_1_1_1_2_342_0,0.01335,0.02275,0.0121,0.01765,0.0599,0.0545,0.0945,0.07625,0.0593,0.05305,0.0662,0.06565,0,0,0.75243396,0.540404,-0.664362,-0.4852941,0.05498008,0.10614996,0.17610455,0.07470049,17.42484614488739,78.46465104858157,3342.0,Hyderabad,7,"{""type"":""MultiPoint"",""coordinates"":[]}",-20.892159463220263,-27.14759957182666,-20.411333973931757,-24.745070353924984
1_1_1_1_1_2_343_0_1_1_1_1_1_2_343_0,0.19965,0.20605,0.13975,0.16465,0.04645,0.03975,0.05825,0.0554,0.0654,0.0644,0.1572,0.1182,1,1,-0.5482745,-0.5762096,0.11895754,0.2709329,0.41239893,0.2946331,-0.45927128,-0.36175114,17.248506854614725,78.50381759496919,3343.0,Hyderabad,7,"{""type"":""MultiPoint"",""coordinates"":[]}",-9.002729647420598,-15.254948185117968,-9.39004450303981,-15.99077820186611
1_1_1_1_1_2_344_0_1_1_1_1_1_2_344_0,0.3285,0.3263,0.24395,0.25,0.06425,0.06105,0.09305,0.0819,0.1336,0.1159,0.215,0.1819,5,5,-0.55853397,-0.5987261,0.20883165,0.2841401,0.23350546,0.22162525,-0.3958773,-0.37907505,17.240332185529237,78.62446133762644,3344.0,Hyderabad,7,"{""type"":""MultiPoint"",""coordinates"":[]}",-9.668924027891418,-15.71392068158248,-10.451335033980953,-15.987672272123486
1_1_1_1_1_2_345_0_1_1_1_1_1_2_345_0,0.28675,0.35245,0.1964,0.27275,0.0757,0.1091,0.10165,0.1649,0.1367,0.23725,0.2504,0.3186,4,4,-0.47657055,-0.36252055,0.06767197,0.050443336,0.29372254,0.14635244,-0.4225252,-0.31789038,17.596424364154217,78.61035778766576,3345.0,Hyderabad,7,"{""type"":""MultiPoint"",""coordinates"":[]}",-11.432855849030055,-18.18856539190048,-12.230357329485383,-19.114010665642432
1_1_1_1_1_2_346_0_1_1_1_1_1_2_346_0,0.27905,0.30965,0.1945,0.21645,0.0674,0.0585,0.0856,0.0866,0.1107,0.1145,0.2184,0.24965,4,4,-0.5305087,-0.5629022,0.1219218,0.107276954,0.32725614,0.37113827,-0.4368421,-0.48490706,17.567408780477155,78.22641783523308,3346.0,Hyderabad,7,"{""type"":""MultiPoint"",""coordinates"":[]}",-11.282351350680266,-18.282746109412052,-10.858022398890398,-18.172558998505316
1_1_1_1_1_2_347_0_1_1_1_1_1_2_347_0,0.2108,0.21455,0.11905,0.1269,0.04605,0.0446,0.0608,0.064,0.06475,0.05975,0.2311,0.2386,1,1,-0.55228275,-0.54047745,-0.045937996,-0.053072933,0.5622782,0.5994637,-0.58341897,-0.57699937,17.429697047421634,78.47480201129213,3347.0,Hyderabad,7,"{""type"":""MultiPoint"",""coordinates"":[]}",-10.774374358688663,-15.874777172713637,-10.102249787949589,-16.69413450907637
1_1_1_1_1_2_348_0_1_1_1_1_1_2_348_0,0.38755,0.33685,0.2832,0.27515,0.0898,0.0729,0.1237,0.09995,0.1789,0.1484,0.28345,0.2184,4,4,-0.516088,-0.54235345,0.15514158,0.21332733,0.22612739,0.1908397,-0.39236155,-0.37207475,17.298183689826537,78.55520122922083,3348.0,Hyderabad,7,"{""type"":""MultiPoint"",""coordinates"":[]}",-11.25383754498497,-19.016832879067582,-9.960432340639228,-18.493720508960536
1_1_1_1_1_2_349_0_1_1_1_1_1_2_349_0,0.26305,0.26365,0.2511,0.23245,0.125,0.1034,0.1416,0.1311,0.1774,0.14955,0.1973,0.1807,6,6,-0.3001359,-0.33578214,0.14282611,0.18667717,0.053109154,0.09432248,-0.16435526,-0.15907633,17.531116842998728,78.35424810016329,3349.0,Hyderabad,7,"{""type"":""MultiPoint"",""coordinates"":[]}",-5.92342839221965,-14.162740251279292,-0.6286781099163243,-10.441278329834542
1_1_1_1_1_2_350_0_1_1_1_1_1_2_350_0,0.19845,0.2127,0.142,0.1592,0.0614,0.03935,0.07895,0.0566,0.08655,0.07015,0.19285,0.1663,1,6,-0.43078586,-0.57965094,0.01431127,0.12242744,0.38045812,0.40663987,-0.41905814,-0.49214894,17.389632185749903,78.52169406912317,3350.0,Hyderabad,7,"{""type"":""MultiPoint"",""coordinates"":[]}",-8.64451757059566,-15.635057533195422,-8.092897992889034,-15.110057990158618
1_1_1_1_1_2_351_0_1_1_1_1_1_2_351_0,0.3459,0.3288,0.274,0.2639,0.05365,0.06165,0.0908,0.095,0.1312,0.1432,0.20715,0.1978,4,4,-0.5841539,-0.5516753,0.25088146,0.24876566,0.2244717,0.1601173,-0.39050177,-0.3510929,17.50183176473643,78.27187258860953,3351.0,Hyderabad,7,"{""type"":""MultiPoint"",""coordinates"":[]}",-11.453545209225277,-17.380972417894924,-12.631318363739247,-21.261805052943135
1_1_1_1_1_2_352_0_1_1_1_1_1_2_352_0,0.2197,0.21335,0.16795,0.1648,0.05695,0.04415,0.0738,0.05875,0.0855,0.0741,0.1561,0.1399,1,1,-0.49710393,-0.56817347,0.16923895,0.2079264,0.29221854,0.30747664,-0.35798174,-0.40850744,17.299082005110655,78.40599106052858,3352.0,Hyderabad,7,"{""type"":""MultiPoint"",""coordinates"":[]}",-9.376981896136465,-13.617874441680335,-8.305535683657116,-13.797182233523248
1_1_1_1_1_2_353_0_1_1_1_1_1_2_353_0,0.2468,0.23465,0.17025,0.1828,0.0447,0.0458,0.05665,0.0573,0.0793,0.07515,0.1606,0.13805,1,4,-0.62662715,-0.60746706,0.21158567,0.2591897,0.3388912,0.29502815,-0.47848102,-0.41336063,17.28183435165556,78.68015688524186,3353.0,Hyderabad,7,"{""type"":""MultiPoint"",""coordinates"":[]}",-7.680256465668523,-12.172146631812673,-6.543416654677183,-12.471649666911036
1_1_1_1_1_2_354_0_1_1_1_1_1_2_354_0,0.23725,0.0234,0.1529,0.02005,0.04985,0.0374,0.073,0.0575,0.082,0.0349,0.2271,0.035,1,0,-0.5294118,0.42150804,0.021858511,-0.19863014,0.46942738,0.0014306152,-0.5134955,0.24324325,17.289559863098987,78.57280820878957,3354.0,Hyderabad,7,"{""type"":""MultiPoint"",""coordinates"":[]}",-10.102173282063191,-16.092710047340177,-19.135123446015005,-28.01532751673325
1_1_1_1_1_2_355_0_1_1_1_1_1_2_355_0,0.3666,0.332,0.25825,0.2405,0.0799,0.0637,0.1014,0.0807,0.1484,0.1073,0.25275,0.1956,1,1,-0.56666666,-0.6089169,0.18382175,0.2585292,0.26012713,0.29151535,-0.42736128,-0.41585234,17.435805591353645,78.69875201162313,3355.0,Hyderabad,7,"{""type"":""MultiPoint"",""coordinates"":[]}",-12.39868361050039,-18.653162557798346,-10.68848135243686,-17.205951303689616
1_1_1_1_1_2_356_0_1_1_1_1_1_2_356_0,0.1993,0.4228,0.135,0.3684,0.04775,0.1263,0.0795,0.1753,0.0719,0.2201,0.23515,0.292,1,7,-0.4296987,-0.4138104,-0.08251812,0.18298824,0.53167236,0.14040227,-0.49467662,-0.24973251,17.57459530275011,78.5813422039887,3356.0,Hyderabad,7,"{""type"":""MultiPoint"",""coordinates"":[]}",-10.552290400422045,-18.15380319508368,-11.501583686217955,-19.35070644336429
1_1_1_1_1_2_357_0_1_1_1_1_1_2_357_0,0.24635,0.2495,0.1711,0.20005,0.05685,0.05875,0.0754,0.07475,0.08775,0.08685,0.20155,0.1622,1,5,-0.5313131,-0.538936,0.10002232,0.2120476,0.3933633,0.3025497,-0.45549738,-0.3690652,17.58366828711972,78.66704148209371,3357.0,Hyderabad,7,"{""type"":""MultiPoint"",""coordinates"":[]}",-7.5252378461710645,-14.263137394015537,-6.737682250019137,-13.187840157042102
1_1_1_1_1_2_358_0_1_1_1_1_1_2_358_0,0.1934,0.21085,0.12715,0.166,0.0443,0.04555,0.05685,0.0561,0.05905,0.0701,0.1587,0.1301,1,1,-0.54565436,-0.5796966,0.09855155,0.23683825,0.4576349,0.2997003,-0.4725122,-0.39742213,17.382804989590593,78.58969653613102,3358.0,Hyderabad,7,"{""type"":""MultiPoint"",""coordinates"":[]}",-8.153535416978215,-13.91578045331396,-8.317845863488802,-14.378382542329291
1_1_1_1_1_2_359_0_1_1_1_1_1_2_359_0,0.3808,0.3313,0.28765,0.26975,0.0785,0.0742,0.1103,0.0992,0.16745,0.1414,0.2656,0.2208,5,6,-0.5508043,-0.5391405,0.17821783,0.2001449,0.2266482,0.2192159,-0.4131418,-0.38,17.467965278525124,78.63560044714953,3359.0,Hyderabad,7,"{""type"":""MultiPoint"",""coordinates"":[]}",-14.158323848012081,-20.641999229506528,-9.160004521099879,-16.666638865918184
1_1_1_1_1_2_360_0_1_1_1_1_1_2_360_0,0.2013,0.21435,0.12415,0.15765,0.04085,0.05075,0.0523,0.06305,0.06215,0.07125,0.1696,0.15205,1,1,-0.58753943,-0.5454218,0.08546778,0.17003275,0.46364617,0.36184505,-0.5286165,-0.41376105,17.54324409933434,78.45189497154708,3360.0,Hyderabad,7,"{""type"":""MultiPoint"",""coordinates"":[]}",-8.867743474222943,-14.671709514185356,-7.037928130289229,-13.769706458100664
1_1_1_1_1_2_361_0_1_1_1_1_1_2_361_0,0.31305,0.32815,0.2009,0.2432,0.04985,0.0564,0.07885,0.0827,0.09715,0.1236,0.2652,0.2323,1,6,-0.5976014,-0.59742,0.08274967,0.17102328,0.4637781,0.30542287,-0.5416364,-0.47492063,17.359808118317133,78.27492686057553,3361.0,Hyderabad,7,"{""type"":""MultiPoint"",""coordinates"":[]}",-9.72539267894301,-16.664318017743184,-9.406952306297635,-16.818564222600777
1_1_1_1_1_2_362_0_1_1_1_1_1_2_362_0,0.268,0.4304,0.23135,0.4376,0.08125,0.2235,0.1025,0.2688,0.1314,0.317,0.1664,0.3514,5,7,-0.44669366,-0.23112129,0.23388582,0.101048864,0.11752854,0.05146619,-0.23763481,-0.13318284,17.40095095832981,78.31768666809963,3362.0,Hyderabad,7,"{""type"":""MultiPoint"",""coordinates"":[]}",-12.529278753809914,-18.612427727252253,-5.489880060860635,-14.589166494974329
1_1_1_1_1_2_363_0_1_1_1_1_1_2_363_0,0.2913,0.27225,0.2484,0.2427,0.1301,0.169,0.1554,0.194,0.1915,0.2277,0.24655,0.2527,6,6,-0.30423102,-0.16782841,0.08320164,0.03724164,0.12567058,0.052039966,-0.22676949,-0.13140811,17.393944099113675,78.58673209569342,3363.0,Hyderabad,7,"{""type"":""MultiPoint"",""coordinates"":[]}",-1.7391560491523617,-15.984867678751334,-1.757993372988245,-16.391670008569204
1_1_1_1_1_2_364_0_1_1_1_1_1_2_364_0,0.284,0.30135,0.20005,0.2179,0.0601,0.0585,0.08475,0.07895,0.1115,0.1034,0.2186,0.2086,1,5,-0.540339,-0.5848015,0.13012336,0.18188058,0.32444713,0.33717948,-0.4412395,-0.4508781,17.583488624062895,78.5723590511475,3364.0,Hyderabad,7,"{""type"":""MultiPoint"",""coordinates"":[]}",-8.669461773120446,-16.436686256139915,-9.346878372147502,-16.287273860504577
1_1_1_1_1_2_365_0_1_1_1_1_1_2_365_0,0.24925,0.3156,0.1913,0.24755,0.0812,0.0983,0.1011,0.1318,0.137,0.1605,0.2226,0.28125,4,6,-0.42286286,-0.41081807,0.05647981,0.057552148,0.23804227,0.27334467,-0.37534755,-0.3618206,17.540279658896747,78.26127246825692,3365.0,Hyderabad,7,"{""type"":""MultiPoint"",""coordinates"":[]}",-9.343207416056883,-17.606559185069436,-8.62166413895983,-13.166615046391989
1_1_1_1_1_2_366_0_1_1_1_1_1_2_366_0,0.2436,0.2209,0.18115,0.15465,0.06805,0.06645,0.0882,0.0918,0.1044,0.102,0.23385,0.2962,6,6,-0.46835443,-0.41285577,0.020420987,-0.14561981,0.3827051,0.48769462,-0.45225897,-0.52680415,17.507850477140032,78.4753410004626,3366.0,Hyderabad,7,"{""type"":""MultiPoint"",""coordinates"":[]}",-8.729609732018783,-15.166539970533846,-7.189688693334416,-15.070305442528323
1_1_1_1_1_2_367_0_1_1_1_1_1_2_367_0,0.25875,0.261,0.1793,0.19445,0.05735,0.04555,0.08245,0.07235,0.1076,0.0823,0.2203,0.2274,1,4,-0.51670575,-0.5659217,0.08026302,0.06879607,0.34370235,0.46851793,-0.45532617,-0.51726437,17.20727418307364,78.61619683701254,3367.0,Hyderabad,7,"{""type"":""MultiPoint"",""coordinates"":[]}",-9.00928099979626,-15.021662286488247,-9.139228910268628,-16.470071159204473
1_1_1_1_1_2_368_0_1_1_1_1_1_2_368_0,0.2299,0.2405,0.19145,0.20795,0.1345,0.1214,0.162,0.1343,0.1914,0.1542,0.21095,0.21095,6,6,-0.17325848,-0.28335112,0.04298514,0.06545576,0.048589535,0.15541558,-0.13125084,-0.22201304,17.31722797384987,78.57613197534081,3368.0,Hyderabad,7,"{""type"":""MultiPoint"",""coordinates"":[]}",-9.648426714355896,-14.900930087657473,-7.17907726803616,-14.919077211271073
1_1_1_1_1_2_369_0_1_1_1_1_1_2_369_0,0.2475,0.2439,0.19185,0.2019,0.05595,0.0539,0.0734,0.068,0.10275,0.0892,0.175,0.1386,5,5,-0.5425366,-0.5639628,0.17159763,0.27529413,0.26012602,0.2168569,-0.4090177,-0.34172314,17.27258170422913,78.67162289004271,3369.0,Hyderabad,7,"{""type"":""MultiPoint"",""coordinates"":[]}",-5.819034331276221,-13.142478075953356,-7.101279086402098,-13.78836679229109
1_1_1_1_1_2_370_0_1_1_1_1_1_2_370_0,0.3192,0.3077,0.24695,0.2598,0.09185,0.116,0.1314,0.1515,0.1872,0.1966,0.2922,0.26815,6,6,-0.41677764,-0.3401568,0.044160943,0.06868108,0.21902378,0.15395375,-0.3796034,-0.27796975,17.451705771882562,78.52250255287888,3370.0,Hyderabad,7,"{""type"":""MultiPoint"",""coordinates"":[]}",-11.051618217330088,-15.816964823938838,-9.720279419655645,-15.472889718200687
1_1_1_1_1_2_371_0_1_1_1_1_1_2_371_0,0.30045,0.0901,0.2301,0.06695,0.0983,0.0462,0.1358,0.07835,0.1713,0.06035,0.252,0.0524,6,0,-0.3774212,-0.06975364,0.08770025,0.2645614,0.19064493,-0.07050998,-0.299639,0.19847037,17.21886245023878,78.47102908709883,3371.0,Hyderabad,7,"{""type"":""MultiPoint"",""coordinates"":[]}",-12.61420245566541,-19.056888291977323,-15.55404873329968,-23.23412456976665
1_1_1_1_1_2_372_0_1_1_1_1_1_2_372_0,0.3927,0.37365,0.2721,0.29145,0.0765,0.06815,0.1064,0.09515,0.1684,0.1623,0.26475,0.23145,5,4,-0.57363254,-0.59406996,0.19461556,0.23500247,0.22244026,0.17561905,-0.42664692,-0.41733006,17.472636518002545,78.66362788401405,3372.0,Hyderabad,7,"{""type"":""MultiPoint"",""coordinates"":[]}",-16.037426248064683,-22.859222977582007,-11.531229959370965,-20.07172372995109
1_1_1_1_1_2_373_0_1_1_1_1_1_2_373_0,0.20235,0.2035,0.17935,0.17105,0.07495,0.0722,0.0957,0.09005,0.1006,0.09635,0.2219,0.25225,6,6,-0.35782588,-0.3864759,-0.04608132,-0.10696654,0.37612402,0.44721743,-0.39735517,-0.47385335,17.449549815200676,78.42557433372238,3373.0,Hyderabad,7,"{""type"":""MultiPoint"",""coordinates"":[]}",-9.954978313999256,-17.1591411739694,-8.694552634672608,-14.208750694359864
1_1_1_1_1_2_374_0_1_1_1_1_1_2_374_0,0.2466,0.2543,0.2274,0.22955,0.1346,0.1422,0.1623,0.1699,0.1832,0.1877,0.20905,0.2178,6,6,-0.20616287,-0.19896275,0.08240975,0.07731413,0.065901846,0.074229345,-0.12589201,-0.12354913,17.340494339708567,78.48513263705951,3374.0,Hyderabad,7,"{""type"":""MultiPoint"",""coordinates"":[]}",-2.755125753767869,-14.248772253608939,-3.8206686459434307,-13.151681622764421
1_1_1_1_1_2_375_0_1_1_1_1_1_2_375_0,0.2248,0.2422,0.149,0.1874,0.05165,0.0618,0.07245,0.0847,0.09055,0.1181,0.2134,0.19445,4,4,-0.5125315,-0.4817987,0.026015518,0.109355316,0.40417832,0.24428092,-0.49309078,-0.3931578,17.33708074162891,78.23081958012527,3375.0,Hyderabad,7,"{""type"":""MultiPoint"",""coordinates"":[]}",-10.32999242887743,-17.95366171110373,-9.641094145483358,-17.263694786406305
1_1_1_1_1_2_376_0_1_1_1_1_1_2_376_0,0.1442,0.16475,0.11505,0.1214,0.0561,0.0511,0.07425,0.0665,0.08195,0.0692,0.1476,0.1908,6,6,-0.32021058,-0.42486486,-0.011651817,-0.07326677,0.28599435,0.46769232,-0.3306288,-0.48309368,17.422510525148677,78.48683943609933,3376.0,Hyderabad,7,"{""type"":""MultiPoint"",""coordinates"":[]}",-8.71892061603386,-14.157555979610887,-7.685924720987529,-14.089307191614141
1_1_1_1_1_2_377_0_1_1_1_1_1_2_377_0,0.30455,0.33915,0.2674,0.2883,0.1105,0.10185,0.1477,0.1357,0.1872,0.1752,0.2687,0.2974,6,6,-0.34682146,-0.4284511,0.06253816,0.06558794,0.17876728,0.25856963,-0.29058596,-0.37335488,17.31076010380421,78.48755808832662,3377.0,Hyderabad,7,"{""type"":""MultiPoint"",""coordinates"":[]}",-8.415724120899183,-15.882777320454853,-8.631832179906064,-14.704997224801833
1_1_1_1_1_2_378_0_1_1_1_1_1_2_378_0,0.33525,0.34675,0.24295,0.26655,0.09445,0.07895,0.1249,0.1206,0.1794,0.1595,0.3061,0.2415,4,4,-0.45713353,-0.48389858,0.045451,0.17892052,0.26096806,0.20448878,-0.42041764,-0.33388567,17.593100597602973,78.66883811266194,3378.0,Hyderabad,7,"{""type"":""MultiPoint"",""coordinates"":[]}",-14.34860788733451,-21.01455244950896,-12.154486375001184,-19.759328467939987
1_1_1_1_1_2_379_0_1_1_1_1_1_2_379_0,0.37405,0.296,0.28345,0.26775,0.0908,0.1088,0.1342,0.1386,0.1834,0.1833,0.3046,0.22105,4,6,-0.47191343,-0.36217213,0.10233552,0.14495696,0.24836065,0.093359716,-0.3883318,-0.22925065,17.415593497460957,78.66767030279259,3379.0,Hyderabad,7,"{""type"":""MultiPoint"",""coordinates"":[]}",-12.094280829540146,-17.929667482581483,-8.31541960032303,-16.72131976455165
1_1_1_1_1_2_380_0_1_1_1_1_1_2_380_0,0.31135,0.2383,0.2462,0.16705,0.0804,0.0667,0.1089,0.0908,0.1416,0.097,0.2334,0.2585,6,6,-0.48173705,-0.44819203,0.14309317,-0.040660225,0.2448,0.45428973,-0.36371604,-0.48010308,17.433739466200173,78.64224798025201,3380.0,Hyderabad,7,"{""type"":""MultiPoint"",""coordinates"":[]}",-10.476354200652855,-17.066442964296755,-7.940471644105358,-14.88245424582244
1_1_1_1_1_2_381_0_1_1_1_1_1_2_381_0,0.3318,0.31885,0.27455,0.2663,0.10165,0.1049,0.1341,0.1464,0.1795,0.1816,0.276,0.2912,6,6,-0.42433998,-0.37066093,0.091806516,0.045324154,0.2118551,0.2318105,-0.34601316,-0.33089578,17.310670272275797,78.61484936408637,3381.0,Hyderabad,7,"{""type"":""MultiPoint"",""coordinates"":[]}",-8.932962438593158,-19.141228571207574,-3.3247946287684327,-17.66831462438681
1_1_1_1_1_2_382_0_1_1_1_1_1_2_382_0,0.01725,0.02175,0.0157,0.02205,0.02855,0.03295,0.0467,0.06025,0.02865,0.03455,0.01375,0.02465,0,0,0.46051604,0.4695122,0.11290322,-0.0625,-0.3514151,-0.16722973,0.5450786,0.41931686,17.29935149969589,78.45216446613232,3382.0,Hyderabad,7,"{""type"":""MultiPoint"",""coordinates"":[]}",-20.96547032734673,-27.902724743810413,-20.414010642011743,-28.766860078057096
1_1_1_1_1_2_383_0_1_1_1_1_1_2_383_0,0.27015,0.24035,0.2001,0.19185,0.07505,0.07235,0.0949,0.09275,0.1339,0.1325,0.2165,0.1935,5,4,-0.48007122,-0.44311017,0.1102435,0.10798663,0.23573059,0.18711656,-0.39049456,-0.35196507,17.297734532184474,78.22525002536372,3383.0,Hyderabad,7,"{""type"":""MultiPoint"",""coordinates"":[]}",-13.192675745042287,-19.910047633796705,-10.155491783143326,-18.483279448042868
1_1_1_1_1_2_384_0_1_1_1_1_1_2_384_0,0.2003,0.1829,0.1884,0.171,0.09515,0.0911,0.1124,0.1046,0.1369,0.12045,0.1542,0.135,6,6,-0.2811001,-0.27234784,0.13004231,0.15067631,0.05942975,0.05695831,-0.1567892,-0.12687813,17.406700176148174,78.33098173430459,3384.0,Hyderabad,7,"{""type"":""MultiPoint"",""coordinates"":[]}",-13.33083701849512,-20.187180809336162,-9.479611118697864,-20.29999394816973
1_1_1_1_1_2_385_0_1_1_1_1_1_2_385_0,0.19185,0.2119,0.1839,0.1957,0.08055,0.0838,0.0973,0.09975,0.1111,0.1169,0.1542,0.1702,6,6,-0.3269929,-0.3598588,0.10879931,0.109133735,0.1624576,0.1856496,-0.22624254,-0.26097426,17.370408238669746,78.48818690902552,3385.0,Hyderabad,7,"{""type"":""MultiPoint"",""coordinates"":[]}",-8.692404550388359,-11.8725863590587,-8.86208908451203,-13.2260566165812
1_1_1_1_1_2_386_0_1_1_1_1_1_2_386_0,0.15035,0.26145,0.1009,0.17625,0.0459,0.0496,0.0601,0.0731,0.0546,0.0748,0.2125,0.25315,1,0,-0.42884296,-0.5629951,-0.1712829,0.016129032,0.59116435,0.5438329,-0.5590609,-0.5518774,17.526445603521307,78.4746223482353,3386.0,Hyderabad,7,"{""type"":""MultiPoint"",""coordinates"":[]}",-7.963909686748445,-12.592909320405461,-9.460674621298542,-16.841434580239802
1_1_1_1_1_2_387_0_1_1_1_1_1_2_387_0,0.28595,0.26735,0.2329,0.201,0.1132,0.136,0.1087,0.1517,0.1065,0.1565,0.2756,0.3866,6,6,-0.44913214,-0.2759814,0.018431129,-0.18235339,0.4425543,0.42367887,-0.43429613,-0.43637377,17.328187420316127,78.64314629553613,3387.0,Hyderabad,7,"{""type"":""MultiPoint"",""coordinates"":[]}",-10.374222313068536,-15.614346519278621,-9.914426884721099,-16.89813176157028
1_1_1_1_1_2_388_0_1_1_1_1_1_2_388_0,0.19505,0.21855,0.1784,0.197,0.1056,0.1591,0.1315,0.1882,0.1395,0.2049,0.17595,0.23845,6,6,-0.19461031,-0.07461586,0.05148248,-0.04354486,0.115549214,0.07567385,-0.14457636,-0.11777804,17.431673341046697,78.43958805215465,3388.0,Hyderabad,7,"{""type"":""MultiPoint"",""coordinates"":[]}",-4.639456332345199,-14.30439286623294,-3.3363773680098285,-16.55231703964521
1_1_1_1_1_2_389_0_1_1_1_1_1_2_389_0,0.3319,0.31525,0.2478,0.2419,0.08925,0.08445,0.1141,0.1066,0.15435,0.136,0.2276,0.2005,5,6,-0.4883408,-0.4946071,0.18641645,0.22249152,0.19177903,0.19167905,-0.3321627,-0.3057636,17.559054448334845,78.58763041097754,3389.0,Hyderabad,7,"{""type"":""MultiPoint"",""coordinates"":[]}",-13.204314861728523,-22.539134016976124,-11.350126979732693,-18.376953289522447
1_1_1_1_1_2_390_0_1_1_1_1_1_2_390_0,0.19755,0.3381,0.13615,0.2747,0.04805,0.09905,0.07055,0.1275,0.08045,0.1724,0.18235,0.2475,4,6,-0.47370383,-0.4523196,0.04001053,0.15471311,0.38774735,0.17885211,-0.44207197,-0.32,17.264496866672054,78.54945201140247,3390.0,Hyderabad,7,"{""type"":""MultiPoint"",""coordinates"":[]}",-9.542669400090677,-16.158664598344743,-9.533866048045095,-17.319068177611022
1_1_1_1_1_2_391_0_1_1_1_1_1_2_391_0,0.2489,0.3294,0.157,0.2457,0.0464,0.06265,0.0615,0.08815,0.07885,0.135,0.1935,0.216,1,4,-0.6037371,-0.5777751,0.12522604,0.20792079,0.42096567,0.23076923,-0.5176471,-0.4203518,17.233415157841517,78.45575772726879,3391.0,Hyderabad,7,"{""type"":""MultiPoint"",""coordinates"":[]}",-9.616086999396671,-15.330890007726119,-9.938887491487572,-16.142445461373413
1_1_1_1_1_2_392_0_1_1_1_1_1_2_392_0,0.2763,0.2815,0.2426,0.2473,0.0879,0.0898,0.125,0.1223,0.1624,0.158,0.2478,0.2554,6,6,-0.37702468,-0.3942546,0.054378934,0.048612405,0.20819113,0.23560716,-0.32939914,-0.35239607,17.336811247043673,78.53759424965209,3392.0,Hyderabad,7,"{""type"":""MultiPoint"",""coordinates"":[]}",-2.464188344849036,-13.881152175600864,0.9771650962864309,-13.606971265576455
1_1_1_1_1_2_393_0_1_1_1_1_1_2_393_0,0.1874,0.2617,0.12855,0.195,0.04465,0.0556,0.0593,0.0759,0.0643,0.0933,0.171,0.18705,1,1,-0.51925415,-0.55035543,0.04575893,0.16635098,0.45346367,0.33440343,-0.48501953,-0.42270392,17.501921596264843,78.44479828080253,3393.0,Hyderabad,7,"{""type"":""MultiPoint"",""coordinates"":[]}",-9.856811030101017,-14.53174165547097,-8.370610956559462,-14.609629534965855
1_1_1_1_1_2_394_0_1_1_1_1_1_2_394_0,0.1736,0.194,0.14105,0.15415,0.06145,0.0696,0.07525,0.085,0.0815,0.0899,0.1876,0.2165,6,6,-0.395218,-0.390681,-0.03875969,-0.054811206,0.39427722,0.4131854,-0.4274301,-0.43615258,17.528960886316842,78.44479828080253,3394.0,Hyderabad,7,"{""type"":""MultiPoint"",""coordinates"":[]}",-6.733048198148369,-12.503133642418835,-7.772828047924098,-13.454745503675131
1_1_1_1_1_2_395_0_1_1_1_1_1_2_395_0,0.1638,0.1576,0.1429,0.1387,0.0821,0.07855,0.1018,0.0915,0.1116,0.0998,0.1502,0.1449,6,6,-0.23343374,-0.2653553,0.043312103,0.04198347,0.14744079,0.18430732,-0.1920635,-0.22588833,17.39645938190921,78.51163293794103,3395.0,Hyderabad,7,"{""type"":""MultiPoint"",""coordinates"":[]}",-8.394328477779212,-14.94076134264674,-7.7888444661137175,-15.610636932849376
1_1_1_1_1_2_396_0_1_1_1_1_1_2_396_0,0.4696,0.4287,0.3886,0.3456,0.1428,0.155,0.2043,0.2268,0.2823,0.3017,0.3504,0.359,5,5,-0.39367858,-0.30800915,0.14536585,0.088485464,0.10763395,0.086726196,-0.26338562,-0.22567429,17.46598898490006,78.21105664387464,3396.0,Hyderabad,7,"{""type"":""MultiPoint"",""coordinates"":[]}",-9.602480530874141,-22.380839348946534,-13.846731325235877,-20.941388451895047
1_1_1_1_1_2_397_0_1_1_1_1_1_2_397_0,0.2063,0.20565,0.16605,0.1588,0.0578,0.0491,0.07705,0.0708,0.0841,0.0747,0.1637,0.1706,4,4,-0.45614964,-0.48779166,0.11513513,0.093156144,0.3212268,0.39094985,-0.35991693,-0.41342172,17.32324668625347,78.4046435876024,3397.0,Hyderabad,7,"{""type"":""MultiPoint"",""coordinates"":[]}",-11.139595734046654,-17.69116065117024,-11.244640239400042,-17.96753409173458
1_1_1_1_1_2_398_0_1_1_1_1_1_2_398_0,0.29415,0.2368,0.22775,0.13055,0.0531,0.04185,0.08315,0.0728,0.1264,0.0562,0.20105,0.3674,4,1,-0.5592367,-0.5297158,0.18800485,-0.21615359,0.22797373,0.7346553,-0.4148487,-0.66924125,17.475780621496966,78.6617414219174,3398.0,Hyderabad,7,"{""type"":""MultiPoint"",""coordinates"":[]}",-12.41693658460932,-19.678143585021406,-10.225154933818864,-18.635067642424012
1_1_1_1_1_2_399_0_1_1_1_1_1_2_399_0,0.3396,0.2945,0.2928,0.2719,0.1237,0.1471,0.1512,0.1727,0.1901,0.21095,0.25985,0.23045,7,7,-0.3838631,-0.26070204,0.13303863,0.12201162,0.15501723,0.044177618,-0.2643231,-0.14324693,17.518989586663114,78.69497908742983,3399.0,Hyderabad,7,"{""type"":""MultiPoint"",""coordinates"":[]}",-5.853403000912189,-11.653207894256374,-6.478535426874085,-16.9803329877431
1_1_1_1_1_2_400_0_1_1_1_1_1_2_400_0,0.01075,0.0135,0.00795,0.0109,0.0283,0.0362,0.03375,0.05705,0.02305,0.0347,0.01555,0.0154,0,0,0.5168539,0.6172927,-0.18250951,-0.065743946,-0.19430052,-0.38522953,0.36916837,0.5748792,17.32558230599218,78.36502788357272,3400.0,Hyderabad,7,"{""type"":""MultiPoint"",""coordinates"":[]}",-21.026873511590786,-28.93495470982252,-21.18058583981616,-31.027131789585923
1_1_1_1_1_2_401_0_1_1_1_1_1_2_401_0,0.33675,0.2969,0.24215,0.2434,0.05695,0.05155,0.0917,0.0726,0.131,0.0997,0.2189,0.1658,5,5,-0.57194537,-0.60703653,0.21209395,0.28333694,0.25121462,0.24896422,-0.40952995,-0.3909396,17.24185932151224,78.69093666865129,3401.0,Hyderabad,7,"{""type"":""MultiPoint"",""coordinates"":[]}",-9.241839196830801,-16.385696722837864,-8.33308530915374,-14.797085288277003
1_1_1_1_1_2_402_0_1_1_1_1_1_2_402_0,0.27965,0.2495,0.23745,0.205,0.115,0.0833,0.1463,0.1044,0.1865,0.1246,0.2198,0.16555,4,6,-0.3130649,-0.41000283,0.119831815,0.20226479,0.08195914,0.14113389,-0.20076482,-0.22652343,17.458353304985046,78.61826296216601,3402.0,Hyderabad,7,"{""type"":""MultiPoint"",""coordinates"":[]}",-6.921612482783406,-10.655630551623464,-7.332729445529011,-13.14873832207239
1_1_1_1_1_2_403_0_1_1_1_1_1_2_403_0,0.01555,0.01645,0.01335,0.01645,0.0207,0.0138,0.036,0.0235,0.0195,0.0112,0.0047,0.0053,0,0,0.39670223,0.1764706,0.5358025,0.5126437,-0.61157024,-0.35757574,0.7690418,0.6319444,17.259106974967338,78.69048751100922,3403.0,Hyderabad,7,"{""type"":""MultiPoint"",""coordinates"":[]}",-21.520444392523835,-27.517130763355095,-21.0546893968194,-27.869958093063538
1_1_1_1_1_2_404_0_1_1_1_1_1_2_404_0,0.203,0.21755,0.19815,0.2099,0.1363,0.1467,0.1605,0.1664,0.194,0.195,0.2103,0.2209,6,6,-0.11691885,-0.13322046,-0.017662715,-0.007640552,0.040316597,0.062274586,-0.13430421,-0.14071779,17.419725747767906,78.49375646378705,3404.0,Hyderabad,7,"{""type"":""MultiPoint"",""coordinates"":[]}",-4.804699140079317,-13.612902229198811,-4.474443150502061,-11.862626690437963
1_1_1_1_1_2_405_0_1_1_1_1_1_2_405_0,0.2852,0.3741,0.19885,0.3028,0.0626,0.116,0.0916,0.1542,0.1109,0.1848,0.2748,0.30305,4,6,-0.51380044,-0.41624078,0.018571429,0.10492505,0.42494166,0.24239008,-0.5,-0.3255331,17.453232907865566,78.30879334678684,3405.0,Hyderabad,7,"{""type"":""MultiPoint"",""coordinates"":[]}",-11.43177766494574,-18.341322475173495,-11.130005976223037,-18.791054819976356
1_1_1_1_1_2_406_0_1_1_1_1_1_2_406_0,0.2796,0.35225,0.1869,0.26855,0.0609,0.0683,0.07915,0.1033,0.1073,0.1508,0.2157,0.267,4,6,-0.5587456,-0.54648226,0.12901272,0.13766654,0.3356037,0.2781235,-0.46311682,-0.442074,17.210597949624884,78.3370902782366,3406.0,Hyderabad,7,"{""type"":""MultiPoint"",""coordinates"":[]}",-10.623446383641573,-16.541185141056456,-11.28821907114045,-17.690664597652034
1_1_1_1_1_2_407_0_1_1_1_1_1_2_407_0,0.2779,0.30505,0.21215,0.2272,0.06995,0.0745,0.0955,0.0992,0.1335,0.1238,0.2223,0.2052,6,6,-0.4884842,-0.5092146,0.11115554,0.19568838,0.24957842,0.2474164,-0.39899307,-0.348226,17.235930440637052,78.55771651201636,3407.0,Hyderabad,7,"{""type"":""MultiPoint"",""coordinates"":[]}",-10.401716923710092,-17.74463905566227,-11.018538471061994,-18.203819901549544
1_1_1_1_1_2_408_0_1_1_1_1_1_2_408_0,0.42655,0.2335,0.38435,0.22355,0.0899,0.1505,0.1314,0.1847,0.2159,0.2072,0.285,0.2239,6,6,-0.52899003,-0.116690576,0.1989319,0.020988194,0.13795169,0.038738113,-0.36887607,-0.09593735,17.34615372599852,78.38712643956207,3408.0,Hyderabad,7,"{""type"":""MultiPoint"",""coordinates"":[]}",-10.469537928421474,-18.500347459737103,-8.422266446521103,-12.811799670039374
1_1_1_1_1_2_409_0_1_1_1_1_1_2_409_0,0.26385,0.25535,0.1807,0.19955,0.0521,0.05275,0.0691,0.0684,0.0898,0.0844,0.2071,0.15845,5,5,-0.5849227,-0.57745177,0.120501116,0.23417109,0.39508253,0.30492073,-0.49963793,-0.39695835,17.583039466420836,78.68186368428168,3409.0,Hyderabad,7,"{""type"":""MultiPoint"",""coordinates"":[]}",-8.062863887043557,-13.817552465838602,-6.5725603964271375,-13.42005194155382
1_1_1_1_1_2_410_0_1_1_1_1_1_2_410_0,0.19495,0.17955,0.11975,0.0976,0.0405,0.03315,0.0631,0.05705,0.05555,0.0394,0.2807,0.2794,1,6,-0.51094747,-0.51775146,-0.18027961,-0.21756183,0.66959107,0.7528231,-0.6329261,-0.66087085,17.53210498981126,78.57586248075557,3410.0,Hyderabad,7,"{""type"":""MultiPoint"",""coordinates"":[]}",-9.511063530111254,-13.8906657392492,-6.724470554655426,-13.0064120872809
1_1_1_1_1_2_411_0_1_1_1_1_1_2_411_0,0.1955,0.17655,0.19635,0.168,0.1158,0.083,0.1411,0.0982,0.1643,0.1133,0.16705,0.13155,6,6,-0.16161616,-0.28516835,0.07847194,0.14605647,0.0082993815,0.07453543,-0.084212236,-0.14515778,17.403645904182167,78.49546326282687,3411.0,Hyderabad,7,"{""type"":""MultiPoint"",""coordinates"":[]}",-8.58223535136246,-14.075736955234124,-3.941635050701411,-15.675844597675567
1_1_1_1_1_2_412_0_1_1_1_1_1_2_412_0,0.3695,0.31705,0.2987,0.23835,0.1271,0.1001,0.1663,0.1317,0.2133,0.1621,0.2932,0.21895,4,6,-0.379246,-0.4130362,0.11513505,0.1830224,0.15774927,0.14919302,-0.27616975,-0.24882361,17.532284652868082,78.3054695802356,3412.0,Hyderabad,7,"{""type"":""MultiPoint"",""coordinates"":[]}",-12.059459030990908,-20.113391641931464,-7.4139256865503675,-17.44533894831801
1_1_1_1_1_2_413_0_1_1_1_1_1_2_413_0,0.2582,0.2868,0.17555,0.2067,0.0618,0.0721,0.08415,0.0953,0.0994,0.1276,0.2256,0.23035,1,1,-0.5083978,-0.5011777,0.067383215,0.10915595,0.3883077,0.28705126,-0.4566586,-0.41470903,17.375079478147168,78.6159273424273,3413.0,Hyderabad,7,"{""type"":""MultiPoint"",""coordinates"":[]}",-8.374725290902061,-15.130624294396258,-8.728356906594055,-14.709186517061505
1_1_1_1_1_2_414_0_1_1_1_1_1_2_414_0,0.27305,0.2526,0.23965,0.22105,0.1152,0.1165,0.1526,0.1484,0.207,0.1723,0.27395,0.2483,6,6,-0.28297898,-0.25985038,-0.0016453383,0.008584548,0.13920365,0.18069425,-0.28449187,-0.25182757,17.476229779139025,78.36871097623761,3414.0,Hyderabad,7,"{""type"":""MultiPoint"",""coordinates"":[]}",-10.241135861986505,-18.449661200804794,-8.739715426251536,-16.29262618960201
1_1_1_1_1_2_415_0_1_1_1_1_1_2_415_0,0.24285,0.2802,0.16575,0.2148,0.0645,0.07635,0.0833,0.1029,0.1065,0.1442,0.19785,0.2272,1,5,-0.4891921,-0.46280345,0.10211028,0.10445408,0.30014786,0.22347873,-0.40743375,-0.37655255,17.405891692392466,78.53489930379972,3415.0,Hyderabad,7,"{""type"":""MultiPoint"",""coordinates"":[]}",-9.364840326161337,-15.218267409024822,-7.703327331740594,-14.021380066515036
1_1_1_1_1_2_416_0_1_1_1_1_1_2_416_0,0.4541,0.4833,0.42485,0.46105,0.1219,0.1328,0.1883,0.1967,0.30455,0.319,0.3744,0.38305,6,6,-0.4137609,-0.42147058,0.09619795,0.115715355,0.10287945,0.09123282,-0.33072686,-0.32143164,17.505604688929733,78.44246266106383,3416.0,Hyderabad,7,"{""type"":""MultiPoint"",""coordinates"":[]}",-14.843729992550633,-21.752131464669347,-15.119904224223024,-20.97189456996574
1_1_1_1_1_2_417_0_1_1_1_1_1_2_417_0,0.23955,0.2551,0.17185,0.1622,0.06835,0.0478,0.09015,0.0752,0.09485,0.0615,0.24455,0.3798,4,4,-0.45313922,-0.5446564,-0.010328445,-0.19640888,0.4410725,0.7212781,-0.46130863,-0.6694505,17.23485246229611,78.25920634310344,3417.0,Hyderabad,7,"{""type"":""MultiPoint"",""coordinates"":[]}",-10.366482667819938,-16.653555052839916,-10.789180648362013,-16.745948351883165
1_1_1_1_1_2_418_0_1_1_1_1_1_2_418_0,0.22485,0.2904,0.14145,0.1972,0.03985,0.0467,0.0516,0.0666,0.0589,0.0966,0.18805,0.1749,1,1,-0.62669563,-0.6268908,0.08912569,0.24822696,0.52298033,0.2883978,-0.569372,-0.4484472,17.235571114523406,78.4850428055311,3418.0,Hyderabad,7,"{""type"":""MultiPoint"",""coordinates"":[]}",-8.330814837756115,-13.72733758359113,-10.795943278642575,-16.458936575275693
1_1_1_1_1_2_419_0_1_1_1_1_1_2_419_0,0.258,0.2959,0.1876,0.2485,0.05295,0.0627,0.0721,0.088,0.0922,0.1202,0.1736,0.18315,1,1,-0.5631627,-0.5415473,0.19555144,0.23536165,0.3062453,0.20751607,-0.4131054,-0.35091278,17.301327793320954,78.39808588602833,3419.0,Hyderabad,7,"{""type"":""MultiPoint"",""coordinates"":[]}",-9.80035243072027,-15.733918391674848,-9.959494088198987,-16.765936443257658
1_1_1_1_1_2_420_0_1_1_1_1_1_2_420_0,0.3078,0.25475,0.21425,0.19015,0.0851,0.0653,0.1201,0.094,0.1635,0.1153,0.27635,0.21995,4,4,-0.4386539,-0.4609319,0.053838912,0.07330946,0.25656474,0.3121551,-0.39412284,-0.40117854,17.557617143880254,78.62167656024567,3420.0,Hyderabad,7,"{""type"":""MultiPoint"",""coordinates"":[]}",-12.220284343241168,-18.98182394801007,-10.082713411243304,-17.846066411771833
1_1_1_1_1_2_421_0_1_1_1_1_1_2_421_0,0.22335,0.2844,0.14495,0.2118,0.05205,0.0665,0.0725,0.09765,0.07685,0.1316,0.2314,0.263,6,6,-0.50988674,-0.48881036,-0.017702034,0.039093897,0.5013788,0.33299544,-0.52286935,-0.45847774,17.45808381039981,78.34679208330509,3421.0,Hyderabad,7,"{""type"":""MultiPoint"",""coordinates"":[]}",-9.864646977223291,-14.871416997336034,-8.503810438251342,-15.38698976093578
1_1_1_1_1_2_422_0_1_1_1_1_1_2_422_0,0.3366,0.2121,0.2296,0.147,0.0783,0.03545,0.1035,0.0676,0.1492,0.063,0.2766,0.2473,4,4,-0.52965236,-0.5166249,0.09784736,-0.07662168,0.2992015,0.59394133,-0.45540646,-0.5706574,17.239254207188296,78.25363678834191,3422.0,Hyderabad,7,"{""type"":""MultiPoint"",""coordinates"":[]}",-11.150167645423267,-19.925535229688826,-11.344207199210667,-17.92857459016106
1_1_1_1_1_2_423_0_1_1_1_1_1_2_423_0,0.21325,0.22105,0.14135,0.15565,0.03925,0.0426,0.06035,0.0646,0.06065,0.06665,0.201,0.1893,1,1,-0.55884504,-0.54769826,0.029571515,0.077372976,0.5364036,0.47919515,-0.53816724,-0.49113825,17.593459923716622,78.55969280564142,3423.0,Hyderabad,7,"{""type"":""MultiPoint"",""coordinates"":[]}",-8.583458346149566,-14.852784429628212,-8.888580911604176,-16.071364537693686
1_1_1_1_1_2_424_0_1_1_1_1_1_2_424_0,0.22805,0.25885,0.2065,0.2362,0.113,0.1282,0.1316,0.1442,0.15065,0.1659,0.181,0.1935,6,6,-0.2681774,-0.284456,0.115022615,0.14446779,0.091512136,0.076794654,-0.15802944,-0.14598757,17.468504267695597,78.50633287776472,3424.0,Hyderabad,7,"{""type"":""MultiPoint"",""coordinates"":[]}",-3.7941955283949333,-8.998360197891618,-6.085444793438378,-11.560046032521031
1_1_1_1_1_2_425_0_1_1_1_1_1_2_425_0,0.184,0.1709,0.16185,0.1523,0.0641,0.06285,0.0825,0.08215,0.1036,0.0871,0.155,0.155,6,6,-0.38086304,-0.3507212,0.085545726,0.04878797,0.19876257,0.28046262,-0.30526316,-0.30718955,17.58860902118238,78.37562800392533,3425.0,Hyderabad,7,"{""type"":""MultiPoint"",""coordinates"":[]}",-4.960307408050914,-12.851050903238248,-5.139506147359117,-13.314802244332036
1_1_1_1_1_2_426_0_1_1_1_1_1_2_426_0,0.2896,0.28435,0.2566,0.25765,0.1128,0.1704,0.1387,0.1942,0.1756,0.2206,0.24725,0.2547,6,6,-0.35232314,-0.18838157,0.07888609,0.055004176,0.16944543,0.07174416,-0.28125405,-0.1347739,17.275096987024664,78.53822307035097,3426.0,Hyderabad,7,"{""type"":""MultiPoint"",""coordinates"":[]}",-7.316371873309649,-14.795832549910891,-5.29408410622117,-13.549306547693408
1_1_1_1_1_2_427_0_1_1_1_1_1_2_427_0,0.284,0.23035,0.1938,0.16305,0.0554,0.0566,0.07645,0.0716,0.09595,0.08565,0.1863,0.17845,6,6,-0.575808,-0.5257493,0.20773974,0.12695695,0.3201063,0.35138205,-0.41807804,-0.42731455,17.519618407361996,78.59948817272792,3427.0,Hyderabad,7,"{""type"":""MultiPoint"",""coordinates"":[]}",-11.421020394605891,-17.79212213271728,-9.287424198331028,-15.607288079538604
1_1_1_1_1_2_428_0_1_1_1_1_1_2_428_0,0.2892,0.32765,0.1985,0.2558,0.06685,0.0895,0.0897,0.1194,0.1208,0.1601,0.2404,0.2408,4,4,-0.5265241,-0.46583155,0.09214502,0.15278389,0.3311185,0.20129707,-0.45652834,-0.33703497,17.59875998389293,78.24591127689847,3428.0,Hyderabad,7,"{""type"":""MultiPoint"",""coordinates"":[]}",-11.124227124964106,-16.943336369073123,-11.838175060364833,-16.2601657908521
1_1_1_1_1_2_429_0_1_1_1_1_1_2_429_0,0.23485,0.0358,0.15615,0.02485,0.04795,0.0224,0.07655,0.03045,0.07935,0.02815,0.2788,0.03665,4,0,-0.5083494,-0.08075472,-0.0855641,-0.011732229,0.5568896,0.13117284,-0.5691572,-0.0923994,17.351004628532763,78.31741717351439,3429.0,Hyderabad,7,"{""type"":""MultiPoint"",""coordinates"":[]}",-10.865711232155286,-15.383187097287106,-15.615977180422282,-24.74333498565455
1_1_1_1_1_2_430_0_1_1_1_1_1_2_430_0,0.27445,0.29425,0.2019,0.2299,0.06085,0.06385,0.0789,0.0853,0.1082,0.1081,0.18745,0.1955,6,6,-0.55341727,-0.55052036,0.18835245,0.20163348,0.26805344,0.28787878,-0.40754646,-0.39245015,17.29737520607083,78.4310540569555,3430.0,Hyderabad,7,"{""type"":""MultiPoint"",""coordinates"":[]}",-9.977292692895606,-17.261663258778984,-10.07007152235249,-16.80374714118362
1_1_1_1_1_2_431_0_1_1_1_1_1_2_431_0,0.0131,0.01515,0.0083,0.01075,0.0309,0.0441,0.03695,0.06095,0.02925,0.0421,0.0224,0.02215,0,0,0.4765235,0.60183966,-0.26197183,-0.18766756,-0.13262343,-0.31050584,0.24515586,0.46690735,17.321090729571583,78.35379894252122,3431.0,Hyderabad,7,"{""type"":""MultiPoint"",""coordinates"":[]}",-21.72027636953043,-33.475982820069646,-21.626828420594546,-32.54530721122089
1_1_1_1_1_2_432_0_1_1_1_1_1_2_432_0,0.31405,0.31195,0.2694,0.26245,0.1235,0.1488,0.1517,0.1764,0.1983,0.2179,0.2644,0.2765,4,6,-0.34857756,-0.27756733,0.08583283,0.06024301,0.14285715,0.11852751,-0.27084836,-0.22102009,17.482248491542627,78.48953438195169,3432.0,Hyderabad,7,"{""type"":""MultiPoint"",""coordinates"":[]}",-8.802755984596814,-14.538546808377244,-7.176208170844225,-14.218501771843943
1_1_1_1_1_2_433_0_1_1_1_1_1_2_433_0,0.2619,0.23525,0.2153,0.18405,0.1181,0.0912,0.1387,0.1059,0.16235,0.1158,0.24245,0.19765,6,6,-0.3075387,-0.37915874,0.03856449,0.08685609,0.1978755,0.2611262,-0.27220255,-0.30225664,17.4189172640122,78.3806585695164,3433.0,Hyderabad,7,"{""type"":""MultiPoint"",""coordinates"":[]}",-9.049424751691717,-15.135315292580067,-6.507648340660548,-11.960481767733668
1_1_1_1_1_2_434_0_1_1_1_1_1_2_434_0,0.37495,0.3093,0.29735,0.2627,0.09485,0.1667,0.1387,0.2121,0.2017,0.2544,0.29735,0.2951,6,6,-0.45994353,-0.18642117,0.11542466,0.023494374,0.19166416,0.07406733,-0.3638344,-0.16364354,17.26440703514364,78.5887982208469,3434.0,Hyderabad,7,"{""type"":""MultiPoint"",""coordinates"":[]}",-10.726467258916353,-18.273118436531966,-7.12793371857196,-11.933659454959379
1_1_1_1_1_2_435_0_1_1_1_1_1_2_435_0,0.3276,0.42105,0.2203,0.32405,0.08095,0.0823,0.1241,0.1208,0.17005,0.17655,0.3061,0.2628,4,4,-0.45052025,-0.5541201,0.033927727,0.2314104,0.2857293,0.19631274,-0.42305905,-0.37017727,17.20987929739759,78.4490203626379,3435.0,Hyderabad,7,"{""type"":""MultiPoint"",""coordinates"":[]}",-14.077209409270315,-20.18739111084088,-12.003744523233756,-20.21756878677226
1_1_1_1_1_2_436_0_1_1_1_1_1_2_436_0,0.28985,0.2906,0.2431,0.2485,0.0907,0.111,0.1234,0.1425,0.1541,0.17055,0.2409,0.2599,6,6,-0.40278283,-0.34195337,0.09222798,0.055767484,0.21974683,0.20757347,-0.32253638,-0.2917495,17.545849213658286,78.22246524798295,3436.0,Hyderabad,7,"{""type"":""MultiPoint"",""coordinates"":[]}",-7.130159356264892,-15.262802445684823,-8.33882124827116,-15.754563518449071
1_1_1_1_1_2_437_0_1_1_1_1_1_2_437_0,0.347,0.35855,0.25315,0.28965,0.0759,0.0843,0.1025,0.1122,0.131,0.1438,0.2456,0.2387,5,5,-0.5439377,-0.5233139,0.17111036,0.20066974,0.30430165,0.24810457,-0.41108876,-0.36050156,17.451705771882562,78.64161915955312,3437.0,Hyderabad,7,"{""type"":""MultiPoint"",""coordinates"":[]}",-10.810151080453004,-18.651300182431097,-10.74306353709073,-16.97112861193486
1_1_1_1_1_2_438_0_1_1_1_1_1_2_438_0,0.2553,0.22295,0.1856,0.16545,0.0649,0.04975,0.085,0.07235,0.10485,0.0856,0.2073,0.2026,5,6,-0.5004408,-0.50998986,0.10376135,0.047820468,0.32820758,0.40596807,-0.41840574,-0.4737225,17.304741391400608,78.23351452597763,3438.0,Hyderabad,7,"{""type"":""MultiPoint"",""coordinates"":[]}",-12.199059472338652,-17.574696110375047,-9.019514482888901,-17.26878277298112
1_1_1_1_1_2_439_0_1_1_1_1_1_2_439_0,0.2919,0.2597,0.1918,0.1996,0.05115,0.05045,0.0752,0.0707,0.0941,0.0899,0.2644,0.18875,4,5,-0.59030235,-0.5720339,0.04943376,0.15821162,0.47503486,0.3547461,-0.55712605,-0.45500097,17.277971595933845,78.63865471911552,3439.0,Hyderabad,7,"{""type"":""MultiPoint"",""coordinates"":[]}",-10.997615215176404,-16.259751661686163,-9.65747781269782,-16.497036834110375
1_1_1_1_1_2_440_0_1_1_1_1_1_2_440_0,0.3203,0.32265,0.2314,0.2191,0.0714,0.066,0.0954,0.0905,0.1166,0.1113,0.25835,0.2387,5,5,-0.54101515,-0.56190246,0.10705954,0.14955018,0.37805042,0.364,-0.46063605,-0.45018226,17.36771329281739,78.36610586191367,3440.0,Hyderabad,7,"{""type"":""MultiPoint"",""coordinates"":[]}",-12.562734611743931,-18.799081460951715,-11.384665719764136,-16.987556435352644
1_1_1_1_1_2_441_0_1_1_1_1_1_2_441_0,0.25815,0.26595,0.2468,0.2474,0.1313,0.1543,0.1496,0.1805,0.17325,0.1928,0.2261,0.26795,6,6,-0.26621705,-0.19139881,0.06618482,-0.00374602,0.13234006,0.16310364,-0.20361991,-0.19500501,17.340943497350626,78.49474461059958,3441.0,Hyderabad,7,"{""type"":""MultiPoint"",""coordinates"":[]}",-3.0111954445997147,-17.762823885761716,5.030941481791987,-7.517614467570086
1_1_1_1_1_2_442_0_1_1_1_1_1_2_442_0,0.2316,0.2975,0.15435,0.23735,0.04745,0.08255,0.07035,0.1107,0.0901,0.1426,0.19855,0.27395,4,6,-0.5340288,-0.4576188,0.076833665,0.041210953,0.37571454,0.3153283,-0.47675717,-0.4244118,17.524020152254185,78.47884443007067,3442.0,Hyderabad,7,"{""type"":""MultiPoint"",""coordinates"":[]}",-10.01289506457173,-16.236931929720384,-7.116267902130126,-16.721161958430592
1_1_1_1_1_2_443_0_1_1_1_1_1_2_443_0,0.2302,0.2435,0.23205,0.2362,0.1282,0.1406,0.1538,0.1649,0.1752,0.1856,0.20635,0.21035,6,6,-0.19895834,-0.19245838,0.054632917,0.07304175,0.081640676,0.06250789,-0.14591143,-0.12111925,17.36789295587421,78.48315634343444,3443.0,Hyderabad,7,"{""type"":""MultiPoint"",""coordinates"":[]}",-3.358866715040374,-16.570908349456733,-3.0697782328336554,-14.130790420634224
1_1_1_1_1_2_444_0_1_1_1_1_1_2_444_0,0.20855,0.2362,0.16625,0.20015,0.1746,0.17,0.1943,0.2027,0.22095,0.2188,0.25395,0.245,6,6,-0.03537297,-0.07632718,-0.09816216,-0.018287614,0.06948832,0.056489866,-0.13307306,-0.09448291,17.467965278525124,78.49429545295752,3444.0,Hyderabad,7,"{""type"":""MultiPoint"",""coordinates"":[]}",-7.817108689226232,-17.00971681872379,-5.575181084442483,-13.685752748842098
1_1_1_1_1_2_445_0_1_1_1_1_1_2_445_0,0.1639,0.178,0.0843,0.1063,0.0398,0.0333,0.05435,0.0525,0.04045,0.0464,0.2555,0.22905,1,1,-0.5019473,-0.5444685,-0.21840724,-0.12541457,0.726643,0.6630967,-0.64918506,-0.62706447,17.3836134733463,78.38784509178936,3445.0,Hyderabad,7,"{""type"":""MultiPoint"",""coordinates"":[]}",-8.910747652711756,-13.315873249867675,-7.7887093746856575,-13.127950278795954
1_1_1_1_1_2_446_0_1_1_1_1_1_2_446_0,0.2255,0.25045,0.17465,0.1949,0.0711,0.0594,0.09695,0.0786,0.1177,0.1082,0.2151,0.172,6,6,-0.39866647,-0.5222611,0.023604177,0.18570244,0.29266828,0.2276945,-0.3786252,-0.37270552,17.451705771882562,78.52393985733346,3446.0,Hyderabad,7,"{""type"":""MultiPoint"",""coordinates"":[]}",-3.177926024358493,-11.31414899310482,-2.1712360005184546,-10.07830309418621
1_1_1_1_1_2_447_0_1_1_1_1_1_2_447_0,0.349,0.38795,0.2829,0.3477,0.0924,0.1405,0.1346,0.194,0.20245,0.2572,0.284,0.33585,5,6,-0.4433416,-0.33327606,0.10268562,0.071981214,0.16764313,0.13261952,-0.35690397,-0.26771727,17.538932185970566,78.3250528534294,3447.0,Hyderabad,7,"{""type"":""MultiPoint"",""coordinates"":[]}",-12.957433455507239,-20.885876195187972,-10.959338520746247,-17.109492061079944
1_1_1_1_1_2_448_0_1_1_1_1_1_2_448_0,0.21165,0.17025,0.18725,0.1433,0.0845,0.0877,0.1131,0.1001,0.1391,0.1111,0.1696,0.1532,4,6,-0.3034642,-0.25947845,0.11029508,0.05271294,0.09880143,0.15928869,-0.1998585,-0.20963284,17.236649092864347,78.58727108486389,3448.0,Hyderabad,7,"{""type"":""MultiPoint"",""coordinates"":[]}",-13.41818431040599,-20.86971029460838,-12.364463077804327,-19.396819563466806
1_1_1_1_1_2_449_0_1_1_1_1_1_2_449_0,0.2345,0.22385,0.2132,0.20175,0.1303,0.1348,0.1519,0.1501,0.1717,0.1611,0.20405,0.1993,6,6,-0.21376811,-0.19721888,0.06943336,0.05801725,0.08609448,0.10599334,-0.14650933,-0.14081283,17.471558539661604,78.4798325768832,3449.0,Hyderabad,7,"{""type"":""MultiPoint"",""coordinates"":[]}",-5.153969661384737,-17.724860645349303,-3.989163499526114,-16.872092618465267
1_1_1_1_1_2_450_0_1_1_1_1_1_2_450_0,0.2189,0.22945,0.20935,0.21925,0.1203,0.1172,0.1399,0.1462,0.1695,0.1633,0.1883,0.1869,6,6,-0.22017837,-0.22161587,0.075147346,0.10219767,0.05254332,0.06739006,-0.14747106,-0.12218553,17.414156193006367,78.45548823268356,3450.0,Hyderabad,7,"{""type"":""MultiPoint"",""coordinates"":[]}",-6.260525296610902,-12.910646867810417,-7.127049333907782,-14.156198171935069
1_1_1_1_1_2_451_0_1_1_1_1_1_2_451_0,0.23245,0.23785,0.2121,0.20945,0.08795,0.0918,0.1089,0.1154,0.1255,0.1233,0.18345,0.22205,6,6,-0.3619452,-0.34663835,0.11781678,0.034355294,0.18757081,0.2859418,-0.25500256,-0.31604683,17.367443798232152,78.43590495948975,3451.0,Hyderabad,7,"{""type"":""MultiPoint"",""coordinates"":[]}",-5.625570774651654,-16.112586777329668,-6.915342670394342,-15.475946159430041
1_1_1_1_1_2_452_0_1_1_1_1_1_2_452_0,0.34065,0.39855,0.2585,0.31135,0.0687,0.0941,0.09935,0.127,0.1321,0.1711,0.2571,0.2655,4,4,-0.5484091,-0.5166968,0.13977416,0.20036142,0.32117164,0.21621622,-0.44255856,-0.35286623,17.25605270300133,78.53211452641895,3452.0,Hyderabad,7,"{""type"":""MultiPoint"",""coordinates"":[]}",-12.22517725498445,-15.815082457297846,-10.801529735912741,-18.361253925121474
1_1_1_1_1_2_453_0_1_1_1_1_1_2_453_0,0.3394,0.37765,0.2574,0.30235,0.06105,0.0755,0.097,0.12,0.1345,0.1698,0.2517,0.31635,4,4,-0.5554537,-0.51773334,0.14836745,0.08832853,0.30346972,0.30145016,-0.44364783,-0.44998282,17.317138142321458,78.28184388826325,3453.0,Hyderabad,7,"{""type"":""MultiPoint"",""coordinates"":[]}",-9.642526929421752,-17.858668687833678,-9.102935206155546,-17.827188898287414
1_1_1_1_1_2_454_0_1_1_1_1_1_2_454_0,0.3279,0.3349,0.261,0.2699,0.0617,0.06835,0.10105,0.09615,0.12765,0.1359,0.3156,0.2143,4,4,-0.52884954,-0.55388004,0.019114219,0.21959214,0.4240271,0.22387208,-0.5149406,-0.38057658,17.588159863540316,78.48297668037762,3454.0,Hyderabad,7,"{""type"":""MultiPoint"",""coordinates"":[]}",-11.019562508384919,-18.203239269674896,-11.322806833990981,-18.776452104356274
1_1_1_1_1_2_455_0_1_1_1_1_1_2_455_0,0.30625,0.3241,0.2233,0.26575,0.08085,0.117,0.10265,0.1546,0.1238,0.19175,0.2264,0.2491,6,6,-0.49792126,-0.35408399,0.14991082,0.13084438,0.29297546,0.1300896,-0.37608266,-0.23408471,17.51458784177093,78.47022060334312,3455.0,Hyderabad,7,"{""type"":""MultiPoint"",""coordinates"":[]}",-8.546515520572504,-16.410383724146417,-6.892717004327856,-15.85580462363679
1_1_1_1_1_2_456_0_1_1_1_1_1_2_456_0,0.19735,0.29775,0.1206,0.2388,0.0486,0.09075,0.0684,0.1226,0.06315,0.166,0.25175,0.23655,6,6,-0.48523048,-0.41667658,-0.12113115,0.114542395,0.5989203,0.17525773,-0.5727003,-0.3172769,17.534799935663617,78.25489442973966,3456.0,Hyderabad,7,"{""type"":""MultiPoint"",""coordinates"":[]}",-10.196374913653965,-14.255096974714005,-9.806894591194396,-15.688446396587356
1_1_1_1_1_2_457_0_1_1_1_1_1_2_457_0,0.27585,0.2403,0.20445,0.1598,0.0734,0.0579,0.1137,0.08965,0.1387,0.0932,0.3252,0.3134,4,6,-0.4162495,-0.45658433,-0.082106315,-0.13202095,0.4020263,0.54156417,-0.48188654,-0.55514205,17.332768828265138,78.34787006164603,3457.0,Hyderabad,7,"{""type"":""MultiPoint"",""coordinates"":[]}",-11.794955738458558,-17.7355446189458,-8.68593536740105,-15.318057804315126
1_1_1_1_1_2_458_0_1_1_1_1_1_2_458_0,0.1996,0.22255,0.13655,0.16815,0.0517,0.081,0.08885,0.1159,0.10385,0.1353,0.21135,0.2348,4,4,-0.38394868,-0.315113,-0.028592287,-0.026784739,0.3410533,0.26884624,-0.4080613,-0.33903623,17.464461848917058,78.20422944771533,3458.0,Hyderabad,7,"{""type"":""MultiPoint"",""coordinates"":[]}",-11.897936406839051,-18.73332230312069,-10.592544354995391,-18.106717632084802
1_1_1_1_1_2_459_0_1_1_1_1_1_2_459_0,0.32755,0.2828,0.23445,0.1903,0.0889,0.0597,0.1212,0.0873,0.1595,0.0966,0.2868,0.29275,4,4,-0.45983288,-0.5282356,0.06633027,-0.017287811,0.28523415,0.50378835,-0.40588236,-0.54058677,17.200446986914333,78.55735718590272,3459.0,Hyderabad,7,"{""type"":""MultiPoint"",""coordinates"":[]}",-12.496874945102112,-18.089938666926603,-9.52581359316271,-15.446486967638089
1_1_1_1_1_2_460_0_1_1_1_1_1_2_460_0,0.2258,0.25615,0.2065,0.2342,0.0931,0.1434,0.1172,0.174,0.1284,0.1877,0.1988,0.2399,6,6,-0.31661808,-0.1909799,0.06358926,0.032758795,0.21515892,0.122076705,-0.25822785,-0.15921721,17.40095095832981,78.50507523636695,3460.0,Hyderabad,7,"{""type"":""MultiPoint"",""coordinates"":[]}",-6.7257125829043085,-15.721440296715333,-6.840742563132341,-16.60655322534484
1_1_1_1_1_2_461_0_1_1_1_1_1_2_461_0,0.38925,0.3818,0.27645,0.28515,0.0774,0.07705,0.1115,0.1078,0.1674,0.1584,0.2593,0.23225,5,5,-0.554668,-0.5596405,0.20037006,0.24354695,0.2153738,0.1890439,-0.39859763,-0.3659756,17.54126780570928,78.58484563359677,3461.0,Hyderabad,7,"{""type"":""MultiPoint"",""coordinates"":[]}",-12.940287559398394,-20.701295658034308,-14.360285668346728,-20.999487355258317
1_1_1_1_1_2_462_0_1_1_1_1_1_2_462_0,0.4197,0.39505,0.29505,0.3128,0.06985,0.0861,0.1003,0.1236,0.1468,0.1834,0.2728,0.2685,4,4,-0.61423075,-0.523378,0.21212997,0.1907166,0.300286,0.188316,-0.46234253,-0.3695486,17.203052101238278,78.2551639243249,3462.0,Hyderabad,7,"{""type"":""MultiPoint"",""coordinates"":[]}",-12.901280624813761,-18.629503141871634,-11.809190606964,-20.255129630322955
1_1_1_1_1_2_463_0_1_1_1_1_1_2_463_0,0.27815,0.29475,0.26595,0.25895,0.1405,0.1684,0.1615,0.1932,0.1983,0.2143,0.23315,0.2726,6,6,-0.26532468,-0.2081156,0.08801095,0.039041158,0.080774136,0.11973711,-0.18155327,-0.17045942,17.314353364940686,78.64036151815536,3463.0,Hyderabad,7,"{""type"":""MultiPoint"",""coordinates"":[]}",-5.028541939205774,-18.92119584177326,-6.02372055662102,-19.628536742542252
1_1_1_1_1_2_464_0_1_1_1_1_1_2_464_0,0.4257,0.37185,0.35105,0.29485,0.0972,0.0765,0.1353,0.1015,0.2051,0.1439,0.3154,0.21625,5,5,-0.5176471,-0.57114184,0.14883281,0.26458085,0.21191162,0.20088851,-0.39960063,-0.36113298,17.553125567459656,78.67180255309954,3464.0,Hyderabad,7,"{""type"":""MultiPoint"",""coordinates"":[]}",-12.501191543267256,-20.092205909281617,-13.441938235691792,-19.187582949787874
1_1_1_1_1_2_465_0_1_1_1_1_1_2_465_0,0.3255,0.33015,0.28955,0.2804,0.09555,0.1368,0.1307,0.1682,0.1659,0.1943,0.2661,0.3048,6,6,-0.4270057,-0.32497242,0.10040568,0.0399244,0.23194444,0.22139852,-0.34122983,-0.28879493,17.31300589201451,78.61332222810336,3465.0,Hyderabad,7,"{""type"":""MultiPoint"",""coordinates"":[]}",-7.349816062139222,-16.276385777527118,-4.998021433220229,-17.43732066008937
1_1_1_1_1_2_466_0_1_1_1_1_1_2_466_0,0.33785,0.31695,0.26285,0.24875,0.08215,0.0695,0.1124,0.0938,0.1517,0.1189,0.25705,0.2166,6,6,-0.5007218,-0.5432745,0.13582115,0.18807985,0.257737,0.29120716,-0.39152795,-0.39561856,17.28866154781487,78.61242391281924,3466.0,Hyderabad,7,"{""type"":""MultiPoint"",""coordinates"":[]}",-9.605436029396499,-14.542665231787385,-8.57422948642173,-14.951784790395235
1_1_1_1_1_2_467_0_1_1_1_1_1_2_467_0,0.273,0.2847,0.2245,0.2466,0.0876,0.1546,0.1167,0.1693,0.1435,0.183,0.22405,0.25205,6,6,-0.40107775,-0.25418502,0.09848104,0.060829062,0.21915385,0.1587174,-0.31504035,-0.19639255,17.429876710478457,78.58367782372741,3467.0,Hyderabad,7,"{""type"":""MultiPoint"",""coordinates"":[]}",-10.010295005209706,-16.756490873551932,-9.0629934967691,-15.539911150384478
1_1_1_1_1_2_468_0_1_1_1_1_1_2_468_0,0.16365,0.1777,0.14975,0.1639,0.0696,0.0878,0.0805,0.1031,0.09565,0.1197,0.13045,0.14555,6,6,-0.34056932,-0.26566952,0.11288677,0.09945862,0.1539142,0.09745523,-0.23678596,-0.1707219,17.436344580524118,78.51316007392403,3468.0,Hyderabad,7,"{""type"":""MultiPoint"",""coordinates"":[]}",-6.169032988674973,-10.12511076897529,-4.999892420265084,-10.463010756286508
1_1_1_1_1_2_469_0_1_1_1_1_1_2_469_0,0.29515,0.33315,0.21295,0.25185,0.06275,0.06395,0.092,0.0886,0.10125,0.1296,0.28565,0.2079,4,4,-0.524732,-0.5798459,0.01635675,0.23149432,0.47660893,0.232,-0.5127764,-0.4023609,17.252189947279614,78.5625674145506,3469.0,Hyderabad,7,"{""type"":""MultiPoint"",""coordinates"":[]}",-11.084362090211972,-18.993082455736875,-9.775934185694164,-16.77782646034147
1_1_1_1_1_2_470_0_1_1_1_1_1_2_470_0,0.2919,0.23235,0.2222,0.17035,0.0688,0.05025,0.0898,0.0745,0.1206,0.087,0.20895,0.21175,4,5,-0.5294734,-0.51442075,0.16561845,0.046385948,0.26809284,0.4175732,-0.39882845,-0.47947598,17.439309020961712,78.66784996584941,3470.0,Hyderabad,7,"{""type"":""MultiPoint"",""coordinates"":[]}",-10.702301521217183,-18.620769348272248,-9.092849816437324,-14.588649505028094
1_1_1_1_1_2_471_0_1_1_1_1_1_2_471_0,0.39645,0.343,0.31075,0.3062,0.0884,0.1038,0.1268,0.1366,0.1856,0.1892,0.2826,0.2392,6,6,-0.5153368,-0.43035862,0.1676607,0.17828925,0.20717642,0.11671335,-0.3805569,-0.27301756,17.287224243360278,78.44632541678554,3471.0,Hyderabad,7,"{""type"":""MultiPoint"",""coordinates"":[]}",-11.936373758263166,-20.876965971277713,-6.540732158858727,-17.827417092799415
1_1_1_1_1_2_472_0_1_1_1_1_1_2_472_0,0.1424,0.1138,0.0854,0.06525,0.04175,0.04885,0.0642,0.08015,0.0554,0.0645,0.1223,0.10415,1,0,-0.3785092,-0.17349832,0.07593502,0.04427621,0.3764772,0.23510228,-0.31152815,-0.13022247,17.283271656110152,78.32163925534975,3472.0,Hyderabad,7,"{""type"":""MultiPoint"",""coordinates"":[]}",-10.969156448605556,-15.898417371328895,-10.885408197200553,-16.644309584022842
1_1_1_1_1_2_473_0_1_1_1_1_1_2_473_0,0.2737,0.28215,0.23365,0.246,0.1294,0.1275,0.152,0.1447,0.1817,0.1661,0.2406,0.2274,6,6,-0.2858821,-0.32201007,0.06435932,0.10744775,0.1394743,0.15578145,-0.22567499,-0.22225209,17.275995302308782,78.53948071174874,3473.0,Hyderabad,7,"{""type"":""MultiPoint"",""coordinates"":[]}",-3.905704725659941,-17.9331652431746,-2.9974619721394165,-14.961236111795284
1_1_1_1_1_2_474_0_1_1_1_1_1_2_474_0,0.3796,0.34405,0.31445,0.2714,0.1071,0.08285,0.1416,0.1123,0.2001,0.1453,0.29455,0.2446,6,6,-0.45663851,-0.5078339,0.12615886,0.1689459,0.19094309,0.2546807,-0.3506821,-0.37069207,17.215898009801187,78.58628293805135,3474.0,Hyderabad,7,"{""type"":""MultiPoint"",""coordinates"":[]}",-11.860417259713289,-19.435892993894214,-11.764690109926761,-19.129530254768827
1_1_1_1_1_2_475_0_1_1_1_1_1_2_475_0,0.28185,0.2783,0.214,0.18765,0.0772,0.0473,0.1114,0.07965,0.1456,0.0648,0.26225,0.4,6,6,-0.43343928,-0.5549658,0.03602279,-0.17941913,0.28601202,0.7211704,-0.40372005,-0.66788286,17.269168106149476,78.25714021794997,3475.0,Hyderabad,7,"{""type"":""MultiPoint"",""coordinates"":[]}",-10.541777036889172,-18.572028626724773,-9.22893057225916,-15.650741018563556
1_1_1_1_1_2_476_0_1_1_1_1_1_2_476_0,0.40355,0.4483,0.29715,0.36475,0.07495,0.1131,0.1016,0.1732,0.147,0.2555,0.25645,0.3444,5,4,-0.5977433,-0.44263878,0.22287878,0.13107102,0.27128518,0.14819136,-0.4324815,-0.33075735,17.200446986914333,78.51073462265691,3476.0,Hyderabad,7,"{""type"":""MultiPoint"",""coordinates"":[]}",-13.343024403761788,-20.900478329062338,-12.395628605573789,-19.983532118400568
1_1_1_1_1_2_477_0_1_1_1_1_1_2_477_0,0.262,0.2061,0.16835,0.13565,0.05185,0.0563,0.0791,0.07535,0.08925,0.0791,0.23655,0.2458,5,1,-0.53620636,-0.46455854,0.05104804,-0.08785129,0.45211786,0.51308095,-0.498812,-0.53074884,17.343279117089335,78.35065483902682,3477.0,Hyderabad,7,"{""type"":""MultiPoint"",""coordinates"":[]}",-9.98281979270034,-14.77532431114513,-8.87205341202689,-15.039134696806318
1_1_1_1_1_2_478_0_1_1_1_1_1_2_478_0,0.3313,0.3102,0.2512,0.238,0.08935,0.07685,0.1159,0.1003,0.1478,0.1307,0.2627,0.2149,4,4,-0.48166367,-0.5113276,0.11548822,0.18148924,0.27990255,0.24363425,-0.3877443,-0.36357868,17.485841752679104,78.20845152955069,3478.0,Hyderabad,7,"{""type"":""MultiPoint"",""coordinates"":[]}",-13.733264628839555,-22.216795425492528,-12.828592036762664,-19.28125924115049
1_1_1_1_1_2_479_0_1_1_1_1_1_2_479_0,0.3904,0.38415,0.32225,0.3402,0.0892,0.0854,0.1269,0.1197,0.1773,0.1715,0.2657,0.2358,5,5,-0.50937563,-0.5248586,0.1900625,0.23929349,0.19954853,0.15786889,-0.3535405,-0.32658228,17.567318948948746,78.6820433473385,3479.0,Hyderabad,7,"{""type"":""MultiPoint"",""coordinates"":[]}",-13.492160948648193,-17.590763322672025,-11.618766303659768,-17.143459111960844
1_1_1_1_1_2_480_0_1_1_1_1_1_2_480_0,0.30125,0.2906,0.23255,0.22415,0.0792,0.0821,0.1111,0.1152,0.1483,0.1354,0.25745,0.2787,6,6,-0.46113738,-0.43223262,0.078396276,0.020902863,0.269008,0.3460517,-0.39709672,-0.41507998,17.410473100341477,78.29154569333174,3480.0,Hyderabad,7,"{""type"":""MultiPoint"",""coordinates"":[]}",-9.9536300029799,-16.32727245943199,-8.553812697879565,-15.924377933399727
1_1_1_1_1_2_481_0_1_1_1_1_1_2_481_0,0.3166,0.30695,0.2413,0.24015,0.0755,0.0687,0.0999,0.08795,0.1317,0.1221,0.2412,0.2086,1,1,-0.5202881,-0.5545708,0.1351739,0.19076714,0.2936444,0.26156637,-0.41424802,-0.4068454,17.589776831051733,78.34580393649256,3481.0,Hyderabad,7,"{""type"":""MultiPoint"",""coordinates"":[]}",-10.256885287513992,-16.872597928778617,-9.106524959840733,-15.997345665052675
1_1_1_1_1_2_482_0_1_1_1_1_1_2_482_0,0.44275,0.32525,0.32235,0.26805,0.0931,0.0608,0.1309,0.0897,0.2044,0.1472,0.34265,0.21315,5,5,-0.54362416,-0.5676588,0.12745099,0.20820951,0.25271913,0.18301651,-0.44715446,-0.40762755,17.24123050081336,78.56355556136313,3482.0,Hyderabad,7,"{""type"":""MultiPoint"",""coordinates"":[]}",-13.047108675543557,-21.49541066139147,-13.280140348172338,-18.875307923466252
1_1_1_1_1_2_483_0_1_1_1_1_1_2_483_0,0.23625,0.2663,0.1538,0.1937,0.04555,0.05485,0.06065,0.0723,0.0694,0.08925,0.1838,0.1759,1,1,-0.5914449,-0.57294744,0.12486609,0.20443238,0.45181674,0.32679614,-0.503784,-0.4174053,17.36187424347061,78.60694418958612,3483.0,Hyderabad,7,"{""type"":""MultiPoint"",""coordinates"":[]}",-10.094079771719592,-16.36395691667224,-8.5889907867451,-14.186776053279242
1_1_1_1_1_2_484_0_1_1_1_1_1_2_484_0,0.26665,0.34635,0.17245,0.26505,0.0567,0.067,0.07605,0.1069,0.0952,0.1588,0.2193,0.2415,1,6,-0.5561716,-0.52829564,0.09743801,0.17836183,0.39459458,0.20659505,-0.48501778,-0.38633755,17.270605410604066,78.41874713756307,3484.0,Hyderabad,7,"{""type"":""MultiPoint"",""coordinates"":[]}",-10.240105391348283,-15.441537531588626,-10.471038726489592,-18.898979926445314
1_1_1_1_1_2_485_0_1_1_1_1_1_2_485_0,0.2921,0.2909,0.20045,0.2115,0.0559,0.05435,0.0785,0.07185,0.1051,0.09395,0.1939,0.16395,1,1,-0.57636267,-0.6038594,0.20205761,0.279103,0.29698998,0.27142304,-0.4236417,-0.39058524,17.5542035458006,78.64179882260994,3485.0,Hyderabad,7,"{""type"":""MultiPoint"",""coordinates"":[]}",-9.170473146943985,-14.625136685722584,-8.678058184834546,-13.55579512670427
1_1_1_1_1_2_486_0_1_1_1_1_1_2_486_0,0.27145,0.42975,0.1836,0.36105,0.04945,0.105,0.0675,0.1691,0.08465,0.2547,0.19775,0.3252,1,6,-0.60171115,-0.4352509,0.15707587,0.138486,0.40049574,0.12157269,-0.4910462,-0.31580013,17.256771355228626,78.43725243241593,3486.0,Hyderabad,7,"{""type"":""MultiPoint"",""coordinates"":[]}",-9.716757204046438,-15.535916482469625,-11.595318745171344,-21.045964524894785
1_1_1_1_1_2_487_0_1_1_1_1_1_2_487_0,0.2028,0.25185,0.18095,0.21675,0.0958,0.1101,0.1149,0.1297,0.1407,0.15625,0.166,0.1926,6,6,-0.27667612,-0.32014152,0.09978308,0.13331084,0.08249103,0.104199514,-0.18191527,-0.1951598,17.411820573267654,78.39485195100549,3487.0,Hyderabad,7,"{""type"":""MultiPoint"",""coordinates"":[]}",-9.653498809208731,-15.700649668545527,-6.310094914397618,-13.517957996466043
1_1_1_1_1_2_488_0_1_1_1_1_1_2_488_0,0.3668,0.34815,0.27595,0.28455,0.077,0.0985,0.1145,0.1289,0.1516,0.1796,0.31995,0.25635,4,4,-0.52420527,-0.45959544,0.06821988,0.15186104,0.3570141,0.1760523,-0.47289675,-0.33082414,17.386038924613423,78.25300796764301,3488.0,Hyderabad,7,"{""type"":""MultiPoint"",""coordinates"":[]}",-12.980213220919246,-21.244596618376043,-10.11029252913923,-17.580153753564748
1_1_1_1_1_2_489_0_1_1_1_1_1_2_489_0,0.1683,0.21455,0.092,0.1178,0.06665,0.0521,0.10015,0.08335,0.0823,0.06325,0.281,0.3212,4,4,-0.25386477,-0.44041625,-0.25083464,-0.19906673,0.5469309,0.6709585,-0.4744851,-0.58793724,17.402567925841225,78.67593480340649,3489.0,Hyderabad,7,"{""type"":""MultiPoint"",""coordinates"":[]}",-10.018612946218946,-16.970897131595006,-10.843548541168246,-15.681557649411758
1_1_1_1_1_2_490_0_1_1_1_1_1_2_490_0,0.42185,0.4381,0.2955,0.396,0.0834,0.1138,0.1133,0.1556,0.1794,0.2213,0.2962,0.2976,5,5,-0.5765673,-0.47582954,0.17498781,0.19097458,0.24558452,0.14704181,-0.44664225,-0.31332746,17.21275390630677,78.69003835336717,3490.0,Hyderabad,7,"{""type"":""MultiPoint"",""coordinates"":[]}",-13.469074598097578,-20.58827802571806,-13.295771288967956,-21.743772267841486
1_1_1_1_1_2_491_0_1_1_1_1_1_2_491_0,0.2282,0.23895,0.16,0.1774,0.05175,0.04565,0.06445,0.0644,0.0732,0.0802,0.1728,0.1582,1,1,-0.5595421,-0.5754079,0.13815461,0.20332368,0.40487805,0.32718122,-0.45669127,-0.42138365,17.305639706684726,78.40338594620462,3491.0,Hyderabad,7,"{""type"":""MultiPoint"",""coordinates"":[]}",-10.118939749513432,-15.742857524016268,-9.280877166222545,-15.063897755480351
1_1_1_1_1_2_492_0_1_1_1_1_1_2_492_0,0.31655,0.353,0.2362,0.27215,0.08385,0.0805,0.1117,0.1076,0.1436,0.1511,0.23065,0.2461,5,5,-0.4783421,-0.5327833,0.15698099,0.17843431,0.23259853,0.23917422,-0.34745145,-0.39157477,17.475870453025376,78.68518745083291,3492.0,Hyderabad,7,"{""type"":""MultiPoint"",""coordinates"":[]}",-12.157077124702862,-17.620831485077623,-10.87912366759048,-17.742263599663517
1_1_1_1_1_2_493_0_1_1_1_1_1_2_493_0,0.4474,0.41735,0.35795,0.3589,0.1256,0.1187,0.1722,0.1591,0.252,0.222,0.366,0.32265,6,6,-0.4441575,-0.4480007,0.10007376,0.12797298,0.18446602,0.18479757,-0.36008918,-0.33949143,17.33708074162891,78.25561308196697,3493.0,Hyderabad,7,"{""type"":""MultiPoint"",""coordinates"":[]}",-13.472821725934471,-19.1002568841126,-10.34220930991616,-16.803433109677037
1_1_1_1_1_2_494_0_1_1_1_1_1_2_494_0,0.32375,0.335,0.2795,0.26985,0.09985,0.1075,0.1394,0.1368,0.18435,0.178,0.2619,0.2552,6,6,-0.3980352,-0.42009327,0.10560915,0.1352084,0.17378151,0.17820868,-0.30525792,-0.30204082,17.54270511016387,78.51378889462292,3494.0,Hyderabad,7,"{""type"":""MultiPoint"",""coordinates"":[]}",-10.581667198219932,-17.31472072036003,-10.655912678219329,-16.961550670121426
1_1_1_1_1_2_495_0_1_1_1_1_1_2_495_0,0.3309,0.24665,0.24345,0.16575,0.07175,0.0375,0.0992,0.06115,0.1375,0.0544,0.2593,0.24495,4,4,-0.5387119,-0.60266405,0.12131481,0.003458096,0.30695564,0.63654584,-0.44658297,-0.6004574,17.325761969049005,78.30636789551971,3495.0,Hyderabad,7,"{""type"":""MultiPoint"",""coordinates"":[]}",-10.133212989263388,-16.50605685882526,-8.247374488746416,-16.15786437510186
1_1_1_1_1_2_496_0_1_1_1_1_1_2_496_0,0.2286,0.1945,0.1732,0.1511,0.05505,0.0479,0.07945,0.0648,0.0938,0.074,0.19145,0.1776,6,6,-0.48417464,-0.5001928,0.08844185,0.045417897,0.3423313,0.4117647,-0.41343668,-0.46534654,17.330792534640075,78.28660495926908,3496.0,Hyderabad,7,"{""type"":""MultiPoint"",""coordinates"":[]}",-10.578590687463363,-16.18024177522657,-9.697494732704312,-16.082603676533708
1_1_1_1_1_2_497_0_1_1_1_1_1_2_497_0,0.3736,0.3563,0.2981,0.26825,0.08655,0.07615,0.1306,0.1216,0.1871,0.1582,0.3126,0.33445,5,4,-0.4819516,-0.49110693,0.088895366,0.031632286,0.2511507,0.35775906,-0.4106498,-0.46672514,17.216706493556895,78.35370911099281,3497.0,Hyderabad,7,"{""type"":""MultiPoint"",""coordinates"":[]}",-11.345868838358815,-19.501728287743436,-10.918592062488438,-18.021569513633278
1_1_1_1_1_2_498_0_1_1_1_1_1_2_498_0,0.19595,0.17425,0.15525,0.12425,0.0653,0.04125,0.0848,0.0708,0.09625,0.0625,0.23465,0.2477,6,6,-0.39590383,-0.42215875,-0.089874595,-0.17407276,0.41825324,0.59703416,-0.46908748,-0.555416,17.365826830720735,78.50938714973073,3498.0,Hyderabad,7,"{""type"":""MultiPoint"",""coordinates"":[]}",-6.6210826925376685,-13.464778825013218,-6.600744210629625,-13.884444883364905
1_1_1_1_1_2_499_0_1_1_1_1_1_2_499_0,0.31505,0.4253,0.2435,0.35045,0.08755,0.1358,0.1191,0.2127,0.1541,0.29085,0.2363,0.3536,4,6,-0.4513417,-0.33322883,0.14283124,0.09205289,0.21055327,0.09736985,-0.32976928,-0.24880806,17.488267203946226,78.34257000146974,3499.0,Hyderabad,7,"{""type"":""MultiPoint"",""coordinates"":[]}",-10.30094393055749,-16.345386256955784,-9.67114071499175,-18.377258887645276
1_1_1_1_2_0_0_1_1_1_1_2_0_0,0.164,0.1734,0.11445,0.12025,0.04125,0.05925,0.0617,0.0787,0.05995,0.0744,0.2239,0.23455,6,6,-0.45325655,-0.3756446,-0.15442124,-0.14989582,0.5775938,0.51836866,-0.5679272,-0.49752593,13.006302756888696,77.57451043354754,3500.0,Bengaluru,8,"{""type"":""MultiPoint"",""coordinates"":[]}",-6.622679184738081,-12.145193527914982,-1.0389598834762763,-9.21584071341913
1_1_1_1_2_1_0_1_1_1_1_2_1_0,0.26825,0.2804,0.1695,0.2432,0.0437,0.06305,0.0675,0.0849,0.07805,0.1022,0.26655,0.17225,1,5,-0.5979151,-0.5351766,0.0031787583,0.23892632,0.547011,0.25523776,-0.5958689,-0.33968502,12.801666535166271,77.44452421193544,3501.0,Bengaluru,8,"{""type"":""MultiPoint"",""coordinates"":[]}",-9.223748680641945,-16.27862473452421,-11.143214519846339,-16.63844144516241
1_1_1_1_2_2_0_1_1_1_1_2_2_0,0.31525,0.2835,0.2258,0.20175,0.088,0.0596,0.1346,0.09055,0.19415,0.11545,0.30395,0.22115,4,5,-0.4015783,-0.5158401,0.018249353,0.123550974,0.22043766,0.31402257,-0.38615894,-0.4189926,12.836251673604872,77.49402138409043,3502.0,Bengaluru,8,"{""type"":""MultiPoint"",""coordinates"":[]}",-8.73742381494343,-15.779439805432826,-9.554056109877298,-15.166428864112238
1_1_1_1_2_3_0_1_1_1_1_2_3_0,0.41615,0.4274,0.33485,0.3187,0.0938,0.0992,0.1314,0.1413,0.1936,0.1939,0.2887,0.2963,4,4,-0.52004385,-0.5030772,0.18081862,0.18115242,0.19718018,0.20889433,-0.37443465,-0.35420474,13.12326340688106,77.67979298484636,3503.0,Bengaluru,8,"{""type"":""MultiPoint"",""coordinates"":[]}",-10.189837183855019,-18.23149822749832,-10.104895247123686,-17.18639514444467
1_1_1_1_2_4_0_1_1_1_1_2_4_0,0.28135,0.29165,0.2668,0.2705,0.1199,0.1169,0.1447,0.1485,0.166,0.1692,0.22065,0.2352,6,6,-0.320737,-0.32523003,0.12091634,0.10714625,0.1413423,0.16320474,-0.20788285,-0.22595778,12.815231095956475,77.6222109751343,3504.0,Bengaluru,8,"{""type"":""MultiPoint"",""coordinates"":[]}",-7.3873839643037655,-18.278596630907455,-4.22859079480931,-17.807846150072578
1_1_1_1_2_5_0_1_1_1_1_2_5_0,0.1498,0.13805,0.07395,0.0675,0.0206,0.03215,0.04345,0.0468,0.0259,0.0326,0.3312,0.25815,1,1,-0.5503234,-0.4936435,-0.377131,-0.30312973,0.8549426,0.77575237,-0.7680502,-0.69306445,12.755852455676177,77.39933895314424,3505.0,Bengaluru,8,"{""type"":""MultiPoint"",""coordinates"":[]}",-8.036155304226384,-13.863795107944373,-7.998619338970755,-13.35699735511084
1_1_1_1_2_6_0_1_1_1_1_2_6_0,0.20985,0.24535,0.11705,0.1726,0.02955,0.0639,0.06275,0.0999,0.03875,0.1114,0.3708,0.2489,6,6,-0.5396185,-0.4212889,-0.27718934,-0.0071826,0.8107679,0.38162643,-0.7105293,-0.4271789,13.10350047063043,77.39996777384312,3506.0,Bengaluru,8,"{""type"":""MultiPoint"",""coordinates"":[]}",-10.740977167902045,-16.746863309309006,-9.243375631693384,-17.19863250253627
1_1_1_1_2_7_0_1_1_1_1_2_7_0,0.26355,0.2537,0.18195,0.1781,0.03415,0.0489,0.0542,0.07285,0.0586,0.07765,0.3063,0.26825,6,6,-0.6588513,-0.55382025,-0.07501974,-0.027876234,0.67881614,0.5510263,-0.69930655,-0.57285255,12.850624718150785,77.48620604111859,3507.0,Bengaluru,8,"{""type"":""MultiPoint"",""coordinates"":[]}",-7.667279641311204,-13.934537321513394,-5.885169420743748,-13.231046002798925
1_1_1_1_2_8_0_1_1_1_1_2_8_0,0.34845,0.3266,0.25485,0.2755,0.0525,0.0553,0.07755,0.0798,0.1109,0.1157,0.2329,0.18365,1,5,-0.6359155,-0.6072835,0.19876151,0.2801568,0.35485747,0.22699182,-0.5004026,-0.39419246,12.851612864963316,77.4042796872069,3508.0,Bengaluru,8,"{""type"":""MultiPoint"",""coordinates"":[]}",-11.215603572800536,-17.16546764620958,-11.519486799041978,-18.696538167240966
1_1_1_1_2_9_0_1_1_1_1_2_9_0,0.335,0.3262,0.2109,0.20805,0.0686,0.0702,0.1121,0.1066,0.12335,0.1112,0.3609,0.3564,2,2,-0.49854618,-0.5073937,-0.03721799,-0.0442426,0.4905524,0.5243798,-0.52600425,-0.53952485,12.991480554700724,77.62131265985018,3509.0,Bengaluru,8,"{""type"":""MultiPoint"",""coordinates"":[]}",-13.99619824253403,-19.84283525847314,-12.840868843106053,-19.292610394943214
1_1_1_1_2_10_0_1_1_1_1_2_10_0,0.3356,0.2667,0.26525,0.19085,0.0648,0.06055,0.1017,0.0901,0.15435,0.1081,0.27535,0.25955,6,6,-0.53487307,-0.49495515,0.098616906,0.013586698,0.2815918,0.4119407,-0.460549,-0.4846275,13.06622038633947,77.62562457321394,3510.0,Bengaluru,8,"{""type"":""MultiPoint"",""coordinates"":[]}",-10.329503340489396,-17.416933897369535,-8.209296103000757,-15.553313847741737
1_1_1_1_2_11_0_1_1_1_1_2_11_0,0.22885,0.3563,0.16775,0.25545,0.03355,0.0789,0.05515,0.1094,0.08175,0.1571,0.18905,0.25325,1,4,-0.6116197,-0.53016967,0.0952381,0.16905914,0.39623338,0.23431218,-0.54832107,-0.39666346,12.897696439038649,77.51522162479566,3511.0,Bengaluru,8,"{""type"":""MultiPoint"",""coordinates"":[]}",-12.145109746695192,-17.841346393434257,-11.121696873232017,-17.08474396297567
1_1_1_1_2_12_0_1_1_1_1_2_12_0,0.1763,0.21365,0.1037,0.1257,0.0234,0.0487,0.05025,0.08775,0.0398,0.0728,0.2587,0.317,1,1,-0.55638933,-0.4177173,-0.18942529,-0.19476114,0.73333335,0.6264751,-0.6747047,-0.56639904,13.068196679964531,77.7350393748197,3512.0,Bengaluru,8,"{""type"":""MultiPoint"",""coordinates"":[]}",-8.074444684619234,-13.567306622193371,-6.56682413185912,-13.716575484087418
1_1_1_1_2_13_0_1_1_1_1_2_13_0,0.2997,0.3042,0.2295,0.252,0.0568,0.1226,0.0867,0.1581,0.122,0.18125,0.23395,0.2561,5,6,-0.55124223,-0.31602857,0.1232081,0.08584687,0.31451046,0.1711444,-0.45922345,-0.23660068,12.889431938424748,77.71078486214847,3513.0,Bengaluru,8,"{""type"":""MultiPoint"",""coordinates"":[]}",-9.303022274933252,-14.921768227892581,-9.257540867280117,-16.492711628689282
1_1_1_1_2_14_0_1_1_1_1_2_14_0,0.33905,0.37765,0.25805,0.29535,0.0559,0.0666,0.0904,0.1033,0.1375,0.1546,0.25155,0.2413,5,4,-0.5789964,-0.5704335,0.14815442,0.22029243,0.29314998,0.21899469,-0.47126773,-0.4004643,12.778490000835989,77.45054292433905,3514.0,Bengaluru,8,"{""type"":""MultiPoint"",""coordinates"":[]}",-9.41917345928504,-16.26850643259085,-10.203549113810595,-15.544592244390042
1_1_1_1_2_15_0_1_1_1_1_2_15_0,0.2789,0.30995,0.225,0.24185,0.1285,0.1279,0.1522,0.1658,0.17425,0.2093,0.2656,0.2811,6,6,-0.29389933,-0.30299526,0.024426078,0.048811436,0.20768444,0.14641109,-0.27142173,-0.25799954,12.813703959973472,77.71437812328496,3515.0,Bengaluru,8,"{""type"":""MultiPoint"",""coordinates"":[]}",-5.720996809945906,-13.31322937725753,-7.1547945852768144,-15.54705374392511
1_1_1_1_2_16_0_1_1_1_1_2_16_0,0.3611,0.49095,0.28765,0.42135,0.1512,0.1567,0.1818,0.2343,0.2183,0.34175,0.27585,0.4,7,7,-0.3302634,-0.35387796,0.13384096,0.102082044,0.11646261,0.078530505,-0.20550638,-0.26123285,13.104937775085022,77.64835194990216,3516.0,Bengaluru,8,"{""type"":""MultiPoint"",""coordinates"":[]}",-7.594643768766629,-14.051120135942536,-9.363048505072399,-18.294955893589343
1_1_1_1_2_17_0_1_1_1_1_2_17_0,0.2734,0.32125,0.2021,0.22815,0.03155,0.05695,0.0591,0.0805,0.07705,0.11025,0.1789,0.20575,5,5,-0.6445113,-0.59925324,0.20893213,0.21916509,0.39792928,0.3022152,-0.50336134,-0.4375546,12.85682309361121,77.63335008465737,3517.0,Bengaluru,8,"{""type"":""MultiPoint"",""coordinates"":[]}",-10.018285719443988,-15.604327802703416,-8.769270912899723,-14.191226235510312
1_1_1_1_2_18_0_1_1_1_1_2_18_0,0.24595,0.2752,0.1544,0.23285,0.0339,0.06335,0.0536,0.0853,0.0623,0.1135,0.21825,0.17105,1,5,-0.64212984,-0.5267684,0.059672553,0.23338936,0.5558724,0.20224917,-0.6056649,-0.33450362,12.758637233056946,77.44721915778781,3518.0,Bengaluru,8,"{""type"":""MultiPoint"",""coordinates"":[]}",-10.2326814681383,-15.471363806951642,-12.212106807646201,-17.378989136384085
1_1_1_1_2_19_0_1_1_1_1_2_19_0,0.2452,0.24745,0.2154,0.2104,0.0986,0.1244,0.1325,0.1482,0.1659,0.1732,0.2417,0.23465,6,6,-0.29838496,-0.25085303,0.007188334,0.026550509,0.18596664,0.15066814,-0.29182255,-0.22580644,13.052745657077676,77.56858155267236,3519.0,Bengaluru,8,"{""type"":""MultiPoint"",""coordinates"":[]}",-9.380327264258778,-13.70732896813255,-8.83246247045136,-16.88602599864176
1_1_1_1_2_20_0_1_1_1_1_2_20_0,0.28025,0.23575,0.2962,0.1792,0.1593,0.149,0.1855,0.1672,0.199,0.18885,0.20755,0.22115,7,6,-0.20343532,-0.17012036,0.1490365,0.031954475,0.021030623,0.07878049,-0.05609973,-0.13892108,12.844246679633535,77.56229334568351,3520.0,Bengaluru,8,"{""type"":""MultiPoint"",""coordinates"":[]}",-16.140603315976648,-22.178852342507266,-15.464247249016417,-23.925381245679095
1_1_1_1_2_21_0_1_1_1_1_2_21_0,0.29945,0.2536,0.2197,0.17245,0.0605,0.04495,0.0934,0.07535,0.126,0.06065,0.2347,0.27745,4,6,-0.5245004,-0.54187566,0.12122063,-0.044911027,0.30135846,0.6412304,-0.43066138,-0.5728458,13.047625259958195,77.41263401934921,3521.0,Bengaluru,8,"{""type"":""MultiPoint"",""coordinates"":[]}",-7.621615756265346,-15.475386645976634,-7.9268189048159945,-14.879187719362495
1_1_1_1_2_22_0_1_1_1_1_2_22_0,0.3596,0.38735,0.2752,0.2859,0.0684,0.0792,0.09475,0.1119,0.1351,0.1644,0.2395,0.2599,5,5,-0.5829207,-0.5517276,0.20046736,0.19691001,0.27869728,0.2250766,-0.4330591,-0.39806348,12.881077606282435,77.36744876055799,3522.0,Bengaluru,8,"{""type"":""MultiPoint"",""coordinates"":[]}",-13.019225479200001,-17.81765719455764,-11.993406472492188,-18.8452212467449
1_1_1_1_2_23_0_1_1_1_1_2_23_0,0.4568,0.42455,0.36385,0.32855,0.09215,0.0961,0.1471,0.1359,0.22465,0.2039,0.32625,0.2957,4,6,-0.51283324,-0.5150326,0.16671988,0.17889622,0.18442549,0.183747,-0.3784726,-0.37025023,13.108441204693086,77.69236939882403,3523.0,Bengaluru,8,"{""type"":""MultiPoint"",""coordinates"":[]}",-11.95142098932703,-19.76811655931884,-10.972387371024277,-19.491236650922108
1_1_1_1_2_24_0_1_1_1_1_2_24_0,0.2265,0.32655,0.1534,0.24915,0.037,0.0799,0.0623,0.1211,0.0775,0.1663,0.2233,0.2735,1,6,-0.5685595,-0.4589523,0.007114273,0.0884093,0.48470744,0.24374716,-0.5637255,-0.3862139,13.0123214692923,77.46464647429973,3524.0,Bengaluru,8,"{""type"":""MultiPoint"",""coordinates"":[]}",-8.54963131373128,-13.515548060700944,-8.846534741039079,-16.369197946694875
1_1_1_1_2_25_0_1_1_1_1_2_25_0,0.3321,0.3813,0.24075,0.30605,0.04875,0.07855,0.07225,0.1055,0.11445,0.1532,0.2098,0.23675,4,5,-0.64263636,-0.5665571,0.2256874,0.23388076,0.2940632,0.21425824,-0.48767948,-0.3834916,12.98573133688236,77.79235188994653,3525.0,Bengaluru,8,"{""type"":""MultiPoint"",""coordinates"":[]}",-11.94538733135686,-17.649627275775913,-12.341922162809166,-18.817196915074557
1_1_1_1_2_26_0_1_1_1_1_2_26_0,0.22905,0.27245,0.1397,0.2107,0.03005,0.0515,0.0446,0.0732,0.0563,0.08205,0.2222,0.2184,1,6,-0.6740362,-0.57645017,0.015180055,0.1101151,0.5956912,0.45381927,-0.6656672,-0.4979424,13.1393432504668,77.40823227445702,3526.0,Bengaluru,8,"{""type"":""MultiPoint"",""coordinates"":[]}",-11.583446725602386,-15.400819167907043,-9.663037970014155,-16.616459298937087
1_1_1_1_2_27_0_1_1_1_1_2_27_0,0.17505,0.1807,0.11205,0.12765,0.0202,0.0356,0.036,0.0494,0.0356,0.0546,0.1969,0.14875,1,1,-0.65884864,-0.5706215,-0.058744457,0.09697981,0.69376343,0.46299484,-0.69085443,-0.50138783,12.910272853016322,77.6584130810843,3527.0,Bengaluru,8,"{""type"":""MultiPoint"",""coordinates"":[]}",-7.068954191182667,-13.155477210145508,-7.610322753044074,-13.487484732976778
1_1_1_1_2_28_0_1_1_1_1_2_28_0,0.1948,0.41135,0.1337,0.3384,0.03005,0.0744,0.0461,0.1158,0.05895,0.1801,0.19515,0.26085,1,4,-0.61726856,-0.56065637,-0.00089755096,0.2238917,0.53600943,0.18312734,-0.61782384,-0.38510555,13.100536030192837,77.35801645007474,3528.0,Bengaluru,8,"{""type"":""MultiPoint"",""coordinates"":[]}",-11.408360472821427,-16.524477128072732,-11.678041397539275,-18.857648973481325
1_1_1_1_2_29_0_1_1_1_1_2_29_0,0.19955,0.1891,0.1319,0.14385,0.02955,0.0463,0.04425,0.06095,0.0458,0.07445,0.1845,0.14825,1,1,-0.6369975,-0.5124975,0.039187606,0.12109085,0.6022579,0.33138752,-0.6131148,-0.417304,12.859877365577216,77.48737385098795,3529.0,Bengaluru,8,"{""type"":""MultiPoint"",""coordinates"":[]}",-10.090048245926603,-15.83219913207502,-9.612227468790156,-15.112232101802139
1_1_1_1_2_30_0_1_1_1_1_2_30_0,0.2505,0.26905,0.1708,0.2169,0.0373,0.0911,0.0654,0.1123,0.0976,0.14545,0.2367,0.18715,5,5,-0.5859449,-0.41103974,0.028325124,0.17952652,0.41609332,0.12537582,-0.5670308,-0.24995826,12.85367899011679,77.74599882128597,3530.0,Bengaluru,8,"{""type"":""MultiPoint"",""coordinates"":[]}",-10.898044063141878,-16.32334267860282,-6.239146005930492,-14.214557291034494
1_1_1_1_2_31_0_1_1_1_1_2_31_0,0.32975,0.2573,0.27545,0.2289,0.1352,0.1079,0.1909,0.1393,0.24755,0.162,0.2752,0.2091,6,6,-0.26668587,-0.29752898,0.09017274,0.10334477,0.05289335,0.12691997,-0.18086247,-0.20034443,13.041786210611418,77.69120158895467,3531.0,Bengaluru,8,"{""type"":""MultiPoint"",""coordinates"":[]}",-6.29843923378412,-14.801086935263282,-5.268631980846187,-15.35095033825597
1_1_1_1_2_32_0_1_1_1_1_2_32_0,0.227,0.3088,0.18195,0.23815,0.0574,0.0837,0.08495,0.1255,0.09665,0.17535,0.17835,0.2511,6,6,-0.45536143,-0.4220585,0.120019734,0.10305411,0.29709092,0.17762926,-0.35472846,-0.33351037,13.05337447777656,77.62212114360588,3532.0,Bengaluru,8,"{""type"":""MultiPoint"",""coordinates"":[]}",-10.021949661816434,-16.1251487723349,-9.205428960805957,-15.273636572207996
1_1_1_1_2_33_0_1_1_1_1_2_33_0,0.36875,0.3329,0.3054,0.3028,0.1884,0.1928,0.2212,0.1977,0.2666,0.2251,0.36205,0.3268,6,6,-0.25010595,-0.2548059,0.009168035,0.009246627,0.1518333,0.18427251,-0.24149165,-0.24613918,13.094607149317646,77.64197391138492,3533.0,Bengaluru,8,"{""type"":""MultiPoint"",""coordinates"":[]}",-4.565337478222597,-15.267340313801721,-2.548516582706429,-12.323527217926802
1_1_1_1_2_34_0_1_1_1_1_2_34_0,0.2926,0.27275,0.23775,0.22345,0.1257,0.1262,0.1663,0.1582,0.1973,0.17665,0.27085,0.2326,6,6,-0.27522337,-0.2658081,0.038601473,0.079449885,0.15710777,0.1367135,-0.23916276,-0.19037871,12.882874236850675,77.53875748523959,3534.0,Bengaluru,8,"{""type"":""MultiPoint"",""coordinates"":[]}",-5.265036118956652,-15.105744674961056,-3.8094437093568425,-15.05472378263237
1_1_1_1_2_35_0_1_1_1_1_2_35_0,0.3009,0.32355,0.2158,0.23945,0.0395,0.06695,0.06905,0.09175,0.1094,0.12605,0.2176,0.2184,6,6,-0.6267063,-0.5581507,0.16065574,0.19402158,0.33088684,0.26810858,-0.5182278,-0.4083508,12.79744445333091,77.73980044582554,3535.0,Bengaluru,8,"{""type"":""MultiPoint"",""coordinates"":[]}",-9.950682211134955,-16.125038066567747,-11.35350303033114,-17.641299440864525
1_1_1_1_2_36_0_1_1_1_1_2_36_0,0.31635,0.4065,0.254,0.33215,0.098,0.1165,0.1362,0.1668,0.1764,0.20535,0.27255,0.28395,6,6,-0.39807755,-0.4181057,0.07437596,0.17749295,0.21416639,0.16063765,-0.333578,-0.25990015,13.066579712453118,77.51522162479566,3536.0,Bengaluru,8,"{""type"":""MultiPoint"",""coordinates"":[]}",-8.057490311747586,-16.553407186296234,-7.117040698550888,-16.117716541192447
1_1_1_1_2_37_0_1_1_1_1_2_37_0,0.3276,0.32135,0.2418,0.2448,0.0688,0.09235,0.1029,0.1283,0.14265,0.1737,0.23605,0.2479,1,1,-0.5219512,-0.42933393,0.16242349,0.12902942,0.24663322,0.1759962,-0.3928308,-0.317916,13.098380073510947,77.72731386337627,3537.0,Bengaluru,8,"{""type"":""MultiPoint"",""coordinates"":[]}",-13.525031467908033,-19.04807671116862,-13.928179425215795,-20.930677546739457
1_1_1_1_2_38_0_1_1_1_1_2_38_0,0.41455,0.4265,0.3351,0.3452,0.08125,0.0841,0.1309,0.1276,0.1995,0.2043,0.2961,0.28655,4,4,-0.5200293,-0.5394333,0.1666784,0.19626954,0.19491525,0.16756646,-0.38688526,-0.38379815,12.866884224793347,77.38819984362115,3538.0,Bengaluru,8,"{""type"":""MultiPoint"",""coordinates"":[]}",-11.219617912350602,-18.660281935205546,-10.585360112955156,-18.491529232486272
1_1_1_1_2_39_0_1_1_1_1_2_39_0,0.22915,0.2678,0.15255,0.1885,0.03505,0.05095,0.0596,0.0826,0.0573,0.0814,0.23235,0.26145,1,6,-0.58718616,-0.5285388,-0.0069339112,0.01199811,0.6043501,0.5251568,-0.5917109,-0.51983726,12.81594974818377,77.49860279203945,3539.0,Bengaluru,8,"{""type"":""MultiPoint"",""coordinates"":[]}",-7.556987503110216,-13.340667704820424,-6.005792009282946,-12.075643241188533
1_1_1_1_2_40_0_1_1_1_1_2_40_0,0.00715,0.01505,0.0081,0.0121,0.00795,0.06205,0.0366,0.1161,0.00865,0.05885,0.0006,0.06815,0,0,0.67314285,0.7704918,0.8451613,-0.63822114,-0.87027025,0.073228344,0.9677419,0.26024422,12.982766896444767,77.61969569233875,3540.0,Bengaluru,8,"{""type"":""MultiPoint"",""coordinates"":[]}",-19.6890471113154,-25.820212187577436,-19.154598148370503,-25.26277880213117
1_1_1_1_2_41_0_1_1_1_1_2_41_0,0.3532,0.34695,0.27145,0.2674,0.05795,0.08955,0.0864,0.1307,0.13975,0.19075,0.24175,0.2628,5,5,-0.60691535,-0.45273736,0.18732667,0.13800739,0.26736566,0.1588579,-0.47341156,-0.33570522,13.14679926732499,77.63550604133926,3541.0,Bengaluru,8,"{""type"":""MultiPoint"",""coordinates"":[]}",-12.133808011313361,-18.037264047766282,-9.793863498392982,-16.159280252782725
1_1_1_1_2_42_0_1_1_1_1_2_42_0,0.3476,0.27795,0.2513,0.21645,0.05355,0.069,0.0812,0.0892,0.12135,0.10415,0.23145,0.2225,4,6,-0.62126863,-0.51409507,0.20058717,0.11080028,0.31207484,0.3623144,-0.48056933,-0.4276548,13.072418761799897,77.39511687130887,3542.0,Bengaluru,8,"{""type"":""MultiPoint"",""coordinates"":[]}",-12.502156583437836,-17.75519673137834,-9.693742304383516,-16.021028606072505
1_1_1_1_2_43_0_1_1_1_1_2_43_0,0.1952,0.4084,0.1072,0.3132,0.02915,0.08435,0.0512,0.1291,0.04555,0.18105,0.30865,0.2861,1,4,-0.58441556,-0.5196279,-0.22516622,0.17609791,0.74280065,0.22487424,-0.715437,-0.37813103,13.048882901355965,77.79935874916266,3543.0,Bengaluru,8,"{""type"":""MultiPoint"",""coordinates"":[]}",-10.214840250545848,-15.721661694622473,-11.7741980904354,-19.645228760201498
1_1_1_1_2_44_0_1_1_1_1_2_44_0,0.20955,0.15335,0.1423,0.0927,0.0198,0.0309,0.04895,0.0511,0.04985,0.04095,0.17575,0.2209,4,1,-0.6212766,-0.5001223,0.08772385,-0.18049432,0.5580674,0.6872255,-0.564308,-0.6242647,13.065411902583762,77.72542740127962,3544.0,Bengaluru,8,"{""type"":""MultiPoint"",""coordinates"":[]}",-11.558899373782745,-16.29324681367535,-9.838125959407863,-15.697597313942813
1_1_1_1_2_45_0_1_1_1_1_2_45_0,0.49835,0.54445,0.43205,0.49255,0.1421,0.1411,0.22,0.2119,0.31975,0.29575,0.382,0.3634,5,7,-0.3874852,-0.4396774,0.13216335,0.19942722,0.08870681,0.10263218,-0.269103,-0.26334086,12.94979872551758,77.39143377864399,3545.0,Bengaluru,8,"{""type"":""MultiPoint"",""coordinates"":[]}",-13.830010218962725,-22.07109685834736,-11.22481555216903,-23.92703486077821
1_1_1_1_2_46_0_1_1_1_1_2_46_0,0.27425,0.2688,0.2142,0.23355,0.05655,0.0842,0.08665,0.1158,0.1216,0.155,0.2142,0.2146,6,6,-0.5198116,-0.3978159,0.122939914,0.11212247,0.27575937,0.1612554,-0.42396542,-0.29903147,12.781813767387227,77.37041320099559,3546.0,Bengaluru,8,"{""type"":""MultiPoint"",""coordinates"":[]}",-11.34746070775002,-15.93566112744972,-10.900241051508148,-18.109652726971742
1_1_1_1_2_47_0_1_1_1_1_2_47_0,0.29275,0.29505,0.20055,0.2067,0.06375,0.07885,0.1111,0.1035,0.14845,0.1363,0.2872,0.2606,1,6,-0.44979572,-0.48061723,0.00956979,0.06199946,0.3184896,0.3131771,-0.44212905,-0.43147486,12.90973386384585,77.73827330984253,3547.0,Bengaluru,8,"{""type"":""MultiPoint"",""coordinates"":[]}",-10.089837485342448,-15.655387932333726,-10.845577056345434,-15.8251872800517
1_1_1_1_2_48_0_1_1_1_1_2_48_0,0.35955,0.38055,0.262,0.29755,0.0609,0.07495,0.0994,0.1066,0.14185,0.1593,0.26425,0.24975,5,5,-0.5668374,-0.5623525,0.15277332,0.20752023,0.30140358,0.22112212,-0.4533205,-0.4017118,12.810559856479054,77.54468636611477,3548.0,Bengaluru,8,"{""type"":""MultiPoint"",""coordinates"":[]}",-11.228051407614032,-18.30398479208243,-10.584612616076969,-16.99119369405318
1_1_1_1_2_49_0_1_1_1_1_2_49_0,0.2743,0.3812,0.19645,0.27185,0.0761,0.09595,0.1073,0.1309,0.1388,0.1925,0.2677,0.2642,4,4,-0.43763104,-0.48877174,0.012177122,0.18128292,0.31709716,0.15699583,-0.42773333,-0.33738294,12.961566655739546,77.79145357466241,3549.0,Bengaluru,8,"{""type"":""MultiPoint"",""coordinates"":[]}",-11.018830519612289,-16.57704379918135,-9.219863328282017,-16.70958121704799
1_1_1_1_2_50_0_1_1_1_1_2_50_0,0.2798,0.2118,0.22425,0.15855,0.105,0.0702,0.1367,0.0881,0.17065,0.1042,0.248,0.16825,6,6,-0.34357744,-0.41247082,0.060250096,0.11459018,0.18476054,0.235089,-0.28931636,-0.3126585,12.890599748294104,77.53875748523959,3550.0,Bengaluru,8,"{""type"":""MultiPoint"",""coordinates"":[]}",-9.479856804063761,-16.350881073291536,-8.695010548352858,-14.943342564982196
1_1_1_1_2_51_0_1_1_1_1_2_51_0,0.3604,0.33465,0.27045,0.24755,0.0654,0.1031,0.10415,0.1461,0.1508,0.201,0.27765,0.28695,4,6,-0.5516091,-0.3921997,0.12969203,0.07673745,0.2960672,0.17614509,-0.4544264,-0.32525113,13.09155287735164,77.73548853246176,3551.0,Bengaluru,8,"{""type"":""MultiPoint"",""coordinates"":[]}",-11.040080076675714,-17.746574627037038,-10.410606433770868,-16.849654674642608
1_1_1_1_2_52_0_1_1_1_1_2_52_0,0.09725,0.0156,0.04795,0.01265,0.04375,0.04585,0.0757,0.05685,0.04745,0.04065,0.2993,0.0214,3,0,-0.12460249,0.56935817,-0.5095196,-0.15675676,0.7263158,-0.31023368,-0.5962667,0.45303515,13.069364489833887,77.76989400784353,3552.0,Bengaluru,8,"{""type"":""MultiPoint"",""coordinates"":[]}",-11.074738381638005,-14.55227087256159,-18.7572664747497,-26.93882865647462
1_1_1_1_2_53_0_1_1_1_1_2_53_0,0.31885,0.29525,0.26105,0.2342,0.0927,0.08375,0.1203,0.1012,0.1695,0.1343,0.2455,0.21545,6,6,-0.45212343,-0.48946905,0.12997253,0.15625612,0.18313253,0.23202287,-0.34226352,-0.36080846,13.055260939873213,77.51737758147755,3553.0,Bengaluru,8,"{""type"":""MultiPoint"",""coordinates"":[]}",-7.734209724431266,-15.569675640206492,-8.39564638033779,-15.572760493156846
1_1_1_1_2_54_0_1_1_1_1_2_54_0,0.2769,0.3091,0.19745,0.24745,0.0397,0.0994,0.0604,0.1299,0.07555,0.1579,0.20525,0.2986,1,6,-0.64186186,-0.40820044,0.14860521,0.017278261,0.4618946,0.30821466,-0.54526633,-0.39369896,12.894282840958994,77.48378058985148,3554.0,Bengaluru,8,"{""type"":""MultiPoint"",""coordinates"":[]}",-10.964010550806403,-16.627647449080122,-3.9041092776917914,-16.456912202941346
1_1_1_1_2_55_0_1_1_1_1_2_55_0,0.1805,0.1679,0.14715,0.12895,0.0349,0.0388,0.05365,0.0731,0.05645,0.05075,0.2316,0.29995,6,6,-0.54174674,-0.393361,-0.12399903,-0.2822486,0.60805416,0.71057886,-0.6238387,-0.6080954,12.864368941997814,77.58268510263304,3555.0,Bengaluru,8,"{""type"":""MultiPoint"",""coordinates"":[]}",-5.709947348093149,-13.540487725300089,-5.0004572336497475,-12.793964691851906
1_1_1_1_2_56_0_1_1_1_1_2_56_0,0.1909,0.2689,0.1126,0.178,0.0276,0.0543,0.0442,0.08065,0.04525,0.086,0.24405,0.2749,1,4,-0.6239898,-0.53854954,-0.122197956,-0.011033468,0.6871759,0.5234137,-0.69332176,-0.54633665,12.962644634080489,77.79477734121365,3556.0,Bengaluru,8,"{""type"":""MultiPoint"",""coordinates"":[]}",-10.033509483702376,-14.65989013050642,-10.476564357401532,-15.736108340230665
1_1_1_1_2_57_0_1_1_1_1_2_57_0,0.3954,0.29455,0.2932,0.25905,0.0984,0.1465,0.1435,0.1708,0.19415,0.1953,0.3377,0.2329,6,6,-0.46743366,-0.26592886,0.07870686,0.116883114,0.26990694,0.087809436,-0.4035744,-0.1538271,13.023730073400616,77.6876083278182,3557.0,Bengaluru,8,"{""type"":""MultiPoint"",""coordinates"":[]}",-9.680702993794254,-16.33645614828819,-3.273087136579788,-15.683136087346286
1_1_1_1_2_58_0_1_1_1_1_2_58_0,0.3191,0.3343,0.22795,0.2271,0.06135,0.06425,0.102,0.09715,0.15055,0.12835,0.28745,0.24175,1,5,-0.5155545,-0.5496581,0.052180365,0.16066314,0.31255707,0.30640367,-0.47618437,-0.42667454,12.914135608738034,77.75183787063274,3558.0,Bengaluru,8,"{""type"":""MultiPoint"",""coordinates"":[]}",-12.546506453817148,-18.481983411901467,-11.890352096746572,-19.220710011277987
1_1_1_1_2_59_0_1_1_1_1_2_59_0,0.4334,0.4476,0.33255,0.3532,0.0694,0.08135,0.1121,0.1271,0.1738,0.193,0.30125,0.32455,5,5,-0.58900094,-0.5576823,0.17988157,0.15936023,0.26828754,0.25417835,-0.45760253,-0.4371748,12.849546739809842,77.36394533094993,3559.0,Bengaluru,8,"{""type"":""MultiPoint"",""coordinates"":[]}",-10.151180311812688,-17.121645250848367,-9.177421382010733,-15.10917630591986
1_1_1_1_2_60_0_1_1_1_1_2_60_0,0.14195,0.29365,0.1034,0.2027,0.0239,0.0564,0.0414,0.0913,0.0368,0.11865,0.21105,0.2387,0,6,-0.5484047,-0.5256527,-0.19575071,0.103221565,0.7030462,0.33594516,-0.67201424,-0.44666666,12.8274481838205,77.6951541762048,3560.0,Bengaluru,8,"{""type"":""MultiPoint"",""coordinates"":[]}",-9.689320925986056,-15.409304278596343,-9.741076144980363,-15.351416845924888
1_1_1_1_2_61_0_1_1_1_1_2_61_0,0.1958,0.1525,0.1141,0.0862,0.0392,0.0352,0.0731,0.05485,0.0863,0.0425,0.376,0.2904,1,1,-0.45630345,-0.47094285,-0.31514516,-0.31135696,0.6266494,0.74466807,-0.67446005,-0.68225926,13.081671409226326,77.78354840016216,3561.0,Bengaluru,8,"{""type"":""MultiPoint"",""coordinates"":[]}",-6.9539819294786085,-13.433882808315225,-10.603764846714764,-16.044740444717533
1_1_1_1_2_62_0_1_1_1_1_2_62_0,0.2742,0.2679,0.25885,0.25345,0.1454,0.1381,0.1922,0.1585,0.2267,0.1861,0.2512,0.21935,6,6,-0.17581475,-0.2565666,0.04377617,0.09964084,0.051265955,0.08200765,-0.13306269,-0.16104273,12.8808081116972,77.75938371901934,3562.0,Bengaluru,8,"{""type"":""MultiPoint"",""coordinates"":[]}",6.205549031824717,-13.756702044166378,6.533034847968907,-12.504085291521342
1_1_1_1_2_63_0_1_1_1_1_2_63_0,0.33525,0.3481,0.2422,0.2474,0.0447,0.0669,0.07235,0.0926,0.1137,0.1391,0.2407,0.2436,5,5,-0.6449951,-0.5797595,0.16416356,0.17660977,0.35835215,0.27305984,-0.5377735,-0.44913742,12.766272912971962,77.46105321316325,3563.0,Bengaluru,8,"{""type"":""MultiPoint"",""coordinates"":[]}",-9.696418414566509,-16.954864240027366,-10.707295968204434,-17.433043668927347
1_1_1_1_2_64_0_1_1_1_1_2_64_0,0.27425,0.2435,0.2397,0.2081,0.0936,0.0874,0.1219,0.1061,0.1417,0.11185,0.2211,0.2121,6,6,-0.38457656,-0.3930206,0.10729787,0.068920106,0.21885337,0.30946133,-0.28921282,-0.33312383,12.908116896334434,77.66371314126062,3564.0,Bengaluru,8,"{""type"":""MultiPoint"",""coordinates"":[]}",-7.246135299132003,-13.251659524273833,-5.570694073361519,-15.142696094100764
1_1_1_1_2_65_0_1_1_1_1_2_65_0,0.16805,0.21305,0.0932,0.15175,0.02475,0.0728,0.04575,0.107,0.0503,0.1302,0.21355,0.2501,1,1,-0.57202995,-0.33135447,-0.1192348,-0.079995684,0.61872274,0.31527743,-0.64712685,-0.40072808,12.883952215191618,77.70377800293234,3565.0,Bengaluru,8,"{""type"":""MultiPoint"",""coordinates"":[]}",-9.437731972745999,-15.62583384373967,-9.914428548790132,-16.13514280187721
1_1_1_1_2_66_0_1_1_1_1_2_66_0,0.3639,0.30305,0.2816,0.227,0.0655,0.0673,0.10065,0.0881,0.1811,0.1405,0.26265,0.2119,5,1,-0.56667745,-0.5495334,0.16159923,0.17700748,0.18377465,0.20261067,-0.44591248,-0.41266668,12.767800048954966,77.4419190976115,3566.0,Bengaluru,8,"{""type"":""MultiPoint"",""coordinates"":[]}",-11.0146524857526,-17.346348096643926,-11.273136810507633,-19.523128193016717
1_1_1_1_2_67_0_1_1_1_1_2_67_0,0.2637,0.21445,0.1573,0.1181,0.03685,0.0424,0.06425,0.072,0.08735,0.0664,0.29975,0.3254,6,1,-0.608172,-0.49729446,-0.06398083,-0.20552005,0.54869545,0.6610516,-0.646978,-0.6376447,12.854846799986149,77.46042439246436,3567.0,Bengaluru,8,"{""type"":""MultiPoint"",""coordinates"":[]}",-7.006844723894106,-15.537482446009518,-8.04612872533149,-15.672292488696161
1_1_1_1_2_68_0_1_1_1_1_2_68_0,0.17745,0.3706,0.10025,0.3119,0.01935,0.1505,0.03885,0.2049,0.03555,0.24875,0.26255,0.29515,1,6,-0.6407767,-0.28792354,-0.19340909,0.11333083,0.76148945,0.085309796,-0.74220306,-0.18048196,13.090295235953873,77.71428829175655,3568.0,Bengaluru,8,"{""type"":""MultiPoint"",""coordinates"":[]}",-9.828938224502659,-15.114584521457763,-8.34981850284845,-18.373671708766455
1_1_1_1_2_69_0_1_1_1_1_2_69_0,0.3452,0.3397,0.28235,0.27665,0.07405,0.1088,0.1222,0.1496,0.17955,0.2022,0.2565,0.26,6,6,-0.4771074,-0.3885142,0.14741565,0.13289978,0.1764706,0.12505409,-0.35463428,-0.26953125,13.074305223896545,77.77959581291204,3569.0,Bengaluru,8,"{""type"":""MultiPoint"",""coordinates"":[]}",-10.740003266329836,-16.30843860756948,-10.686671430046996,-17.570155274786856
1_1_1_1_2_70_0_1_1_1_1_2_70_0,0.28475,0.2742,0.2014,0.17775,0.0419,0.0601,0.0634,0.08325,0.09745,0.09695,0.1956,0.25405,1,1,-0.63578916,-0.5342006,0.18559384,0.03814482,0.33492577,0.44757834,-0.51042473,-0.5063741,13.135660157801908,77.62310929041841,3570.0,Bengaluru,8,"{""type"":""MultiPoint"",""coordinates"":[]}",-11.679587855709483,-17.01503780628331,-11.48564163041584,-16.06249450514187
1_1_1_1_2_71_0_1_1_1_1_2_71_0,0.30165,0.3074,0.22115,0.26645,0.0794,0.126,0.1173,0.1381,0.1455,0.155,0.26905,0.23305,6,6,-0.44002864,-0.38002244,0.05712283,0.13757055,0.298034,0.20113388,-0.39277858,-0.25582647,12.80301400809245,77.70934755769389,3571.0,Bengaluru,8,"{""type"":""MultiPoint"",""coordinates"":[]}",-8.942318016777742,-16.83699947722455,-5.951435944119449,-15.29014070584097
1_1_1_1_2_72_0_1_1_1_1_2_72_0,0.2917,0.339,0.2401,0.279,0.0802,0.08625,0.117,0.1139,0.1437,0.146,0.2398,0.2309,5,6,-0.4274529,-0.4970192,0.097648166,0.1896824,0.2505867,0.2252587,-0.3441704,-0.33932716,12.889611601481572,77.7718703014686,3572.0,Bengaluru,8,"{""type"":""MultiPoint"",""coordinates"":[]}",-12.040627784335003,-17.360420734855403,-10.175872560593461,-17.48353884185689
1_1_1_1_2_73_0_1_1_1_1_2_73_0,0.2446,0.2193,0.1853,0.1852,0.0777,0.1134,0.1069,0.134,0.1236,0.14455,0.26285,0.2229,6,6,-0.39174965,-0.24143787,-0.035964135,-0.0081411125,0.3603312,0.21322629,-0.42177147,-0.24908938,12.81594974818377,77.511808026716,3573.0,Bengaluru,8,"{""type"":""MultiPoint"",""coordinates"":[]}",-7.460177225473301,-13.645851193353158,-5.085253795339517,-13.20610446531922
1_1_1_1_2_74_0_1_1_1_1_2_74_0,0.31615,0.2379,0.22705,0.1562,0.0567,0.04835,0.08245,0.0704,0.1168,0.08675,0.2515,0.2,5,5,-0.58630204,-0.543302,0.1138906,0.08654944,0.36573446,0.39494333,-0.5062135,-0.47928995,12.752977846766992,77.47030586058968,3574.0,Bengaluru,8,"{""type"":""MultiPoint"",""coordinates"":[]}",-10.215036085733542,-16.750270950267712,-8.945195170951312,-14.676920250797242
1_1_1_1_2_75_0_1_1_1_1_2_75_0,0.22545,0.23725,0.1304,0.13795,0.02905,0.03255,0.05875,0.061,0.0452,0.04795,0.3602,0.35595,1,1,-0.58655876,-0.5909472,-0.23008622,-0.20010115,0.7770104,0.762565,-0.71953696,-0.70739895,12.770045837165265,77.53902697982483,3575.0,Bengaluru,8,"{""type"":""MultiPoint"",""coordinates"":[]}",-8.777420458797467,-14.909537947754824,-9.99990512896233,-16.096840861831957
1_1_1_1_2_76_0_1_1_1_1_2_76_0,0.31705,0.39105,0.2252,0.3042,0.0543,0.0791,0.0863,0.1169,0.1267,0.1838,0.25745,0.2803,5,5,-0.5720838,-0.53971845,0.10374238,0.1649661,0.34036183,0.20792933,-0.49789092,-0.41137967,13.039630253929532,77.37625225034236,3576.0,Bengaluru,8,"{""type"":""MultiPoint"",""coordinates"":[]}",-8.795813166494678,-15.31411398742581,-10.179566734249644,-15.754267585193077
1_1_1_1_2_77_0_1_1_1_1_2_77_0,0.2419,0.31115,0.19105,0.27155,0.0913,0.1623,0.107,0.1944,0.1347,0.2204,0.2271,0.26935,6,6,-0.38664374,-0.2309366,0.031556502,0.07200689,0.25538972,0.09994895,-0.3594732,-0.16161725,12.812895476217763,77.78525519920198,3577.0,Bengaluru,8,"{""type"":""MultiPoint"",""coordinates"":[]}",-6.282868736694514,-13.991489969029553,-4.28963791797091,-16.50815677925714
1_1_1_1_2_78_0_1_1_1_1_2_78_0,0.3308,0.34925,0.2605,0.2805,0.04255,0.0748,0.0665,0.1045,0.10765,0.1562,0.2164,0.21635,5,5,-0.66524035,-0.53939396,0.20906433,0.23497172,0.33559635,0.16145484,-0.5298692,-0.34860528,12.763667798648015,77.71806121594985,3578.0,Bengaluru,8,"{""type"":""MultiPoint"",""coordinates"":[]}",-10.251776341089984,-15.49239260234539,-9.948355729562495,-16.108479267739032
1_1_1_1_2_79_0_1_1_1_1_2_79_0,0.2713,0.26575,0.23755,0.2273,0.1323,0.1111,0.1744,0.1391,0.19175,0.1605,0.24025,0.20065,6,6,-0.21741082,-0.3128319,0.06069788,0.13957976,0.112268515,0.11117265,-0.15880863,-0.18116263,13.147787414137522,77.61996518692399,3579.0,Bengaluru,8,"{""type"":""MultiPoint"",""coordinates"":[]}",-2.2227519727353413,-14.905248404021652,2.48629567137922,-15.04022710808144
1_1_1_1_2_80_0_1_1_1_1_2_80_0,0.2194,0.22865,0.20805,0.1952,0.121,0.1171,0.1358,0.1358,0.1698,0.1521,0.20945,0.20595,6,6,-0.23536035,-0.25476745,0.023201585,0.052231938,0.104548454,0.15039799,-0.21332368,-0.20526701,12.908027064806022,77.60774809905996,3580.0,Bengaluru,8,"{""type"":""MultiPoint"",""coordinates"":[]}",-3.8389088269178515,-13.747707986233198,-3.689254109631209,-14.385182982326407
1_1_1_1_2_81_0_1_1_1_1_2_81_0,0.1878,0.2082,0.1298,0.14065,0.0534,0.0708,0.08895,0.10135,0.1117,0.1243,0.25985,0.27845,6,1,-0.35718158,-0.34517848,-0.16095163,-0.14435425,0.39873502,0.38274363,-0.4899656,-0.46629804,12.906679591879843,77.70853907393817,3581.0,Bengaluru,8,"{""type"":""MultiPoint"",""coordinates"":[]}",-9.746880347252139,-16.768521593789487,-9.759302428651896,-17.47249852839158
1_1_1_1_2_82_0_1_1_1_1_2_82_0,0.421,0.40755,0.3003,0.3034,0.07395,0.0792,0.1071,0.1074,0.147,0.15605,0.28745,0.24575,5,5,-0.594395,-0.58287215,0.18851013,0.2476657,0.3232823,0.2232454,-0.457103,-0.39175987,12.75791858082965,77.59921410386083,3582.0,Bengaluru,8,"{""type"":""MultiPoint"",""coordinates"":[]}",-11.911323558599056,-17.067911671673308,-11.638988655990632,-16.411347307100325
1_1_1_1_2_83_0_1_1_1_1_2_83_0,0.2642,0.26025,0.1832,0.1741,0.04775,0.04355,0.0714,0.0643,0.10165,0.0755,0.2159,0.19805,1,1,-0.57449347,-0.60375905,0.10060404,0.13571896,0.35978585,0.44799852,-0.5029586,-0.50981516,12.833556727752514,77.72632571656374,3583.0,Bengaluru,8,"{""type"":""MultiPoint"",""coordinates"":[]}",-10.678280854904038,-16.82135443260239,-8.288926491575948,-14.131188365285766
1_1_1_1_2_84_0_1_1_1_1_2_84_0,0.25235,0.38105,0.207,0.27985,0.113,0.1616,0.139,0.215,0.1629,0.29305,0.2347,0.3448,6,6,-0.28963843,-0.278584,0.03623858,0.049941447,0.1805835,0.08113193,-0.25608778,-0.23186852,12.989953418717722,77.65374184160689,3584.0,Bengaluru,8,"{""type"":""MultiPoint"",""coordinates"":[]}",-8.119538537869376,-16.04873662575804,-5.910553956023602,-13.72530952707602
1_1_1_1_2_85_0_1_1_1_1_2_85_0,0.2824,0.2791,0.2551,0.25985,0.2148,0.2241,0.2615,0.2609,0.2887,0.2829,0.29905,0.3266,6,6,-0.03842618,-0.033703703,-0.028635308,-0.07842166,0.017609527,0.071698114,-0.06698778,-0.11182979,12.911710157470912,77.62364827958888,3585.0,Bengaluru,8,"{""type"":""MultiPoint"",""coordinates"":[]}",-4.856711958529906,-16.064194062070694,-2.1448275537426467,-17.19701370964926
1_1_1_1_2_86_0_1_1_1_1_2_86_0,0.311,0.26555,0.2389,0.2378,0.0598,0.1353,0.0914,0.1694,0.1371,0.20785,0.22255,0.2563,5,6,-0.54572564,-0.22105989,0.1657764,0.0177254,0.2375921,0.104384355,-0.4177417,-0.20413436,13.023640241872204,77.4802771602434,3586.0,Bengaluru,8,"{""type"":""MultiPoint"",""coordinates"":[]}",-11.199569569593406,-18.99712442439428,-8.011295091353215,-15.615566661444412
1_1_1_1_2_87_0_1_1_1_1_2_87_0,0.3322,0.36035,0.2592,0.24525,0.0494,0.0672,0.08415,0.08795,0.12965,0.1238,0.23325,0.25135,4,5,-0.5957728,-0.6076288,0.17499337,0.17819193,0.2854781,0.33999732,-0.46975425,-0.48157972,13.139972071165683,77.50264521081799,3587.0,Bengaluru,8,"{""type"":""MultiPoint"",""coordinates"":[]}",-11.02064742073106,-16.862355890629516,-11.845901278655733,-16.8950681799269
1_1_1_1_2_88_0_1_1_1_1_2_88_0,0.237,0.27285,0.16585,0.20985,0.0651,0.0888,0.1028,0.1162,0.13135,0.1415,0.3276,0.26775,6,6,-0.3949382,-0.40264747,-0.1604676,0.009433962,0.4276065,0.30849114,-0.52230483,-0.39471287,12.96138699268272,77.795945151083,3588.0,Bengaluru,8,"{""type"":""MultiPoint"",""coordinates"":[]}",-8.80257030570376,-15.688886861259387,-9.393052187033314,-16.890704455630377
1_1_1_1_2_89_0_1_1_1_1_2_89_0,0.3088,0.44065,0.2115,0.3396,0.05595,0.08825,0.0872,0.13,0.11715,0.20035,0.2615,0.28535,4,4,-0.55959594,-0.54437923,0.082938805,0.21391185,0.38122275,0.17500515,-0.49985662,-0.37402192,13.12326340688106,77.7899264386794,3589.0,Bengaluru,8,"{""type"":""MultiPoint"",""coordinates"":[]}",-10.9150163758904,-18.331189895388505,-12.099926807196352,-17.027477495527638
1_1_1_1_2_90_0_1_1_1_1_2_90_0,0.2911,0.2418,0.20475,0.15055,0.02695,0.0369,0.0512,0.0602,0.0689,0.05695,0.21135,0.25165,4,1,-0.7008472,-0.6013245,0.15872227,-0.019961495,0.5082962,0.6309138,-0.60997903,-0.61391693,12.778939158478046,77.51198768977282,3590.0,Bengaluru,8,"{""type"":""MultiPoint"",""coordinates"":[]}",-9.756672351369104,-15.432126498494807,-8.570245470827661,-14.839440829633904
1_1_1_1_2_91_0_1_1_1_1_2_91_0,0.35015,0.29335,0.2787,0.2226,0.0901,0.0782,0.1249,0.1056,0.1451,0.12115,0.30765,0.2507,6,6,-0.4741606,-0.47061035,0.064609304,0.07839353,0.35902816,0.34839317,-0.4224945,-0.40724108,12.853499327059968,77.37526410352983,3591.0,Bengaluru,8,"{""type"":""MultiPoint"",""coordinates"":[]}",-8.70281297519962,-16.441381242520315,-8.124673472407782,-14.964924125301733
1_1_1_1_2_92_0_1_1_1_1_2_92_0,0.2722,0.24895,0.18925,0.16245,0.04115,0.0427,0.0721,0.06745,0.1068,0.0691,0.28565,0.2625,1,1,-0.5811792,-0.57364094,-0.024110423,-0.026493303,0.45572683,0.5832328,-0.5969252,-0.59115016,13.134672010989377,77.63101446491866,3592.0,Bengaluru,8,"{""type"":""MultiPoint"",""coordinates"":[]}",-10.897705857498538,-16.109872557840937,-8.757752608057313,-15.677881193153906
1_1_1_1_2_93_0_1_1_1_1_2_93_0,0.2506,0.26685,0.1622,0.19145,0.0378,0.0701,0.0599,0.0868,0.06175,0.1055,0.24015,0.2112,5,5,-0.6141707,-0.5091192,0.021293938,0.11641042,0.59092414,0.33375433,-0.6007332,-0.41744965,13.015555404315128,77.78875862881004,3593.0,Bengaluru,8,"{""type"":""MultiPoint"",""coordinates"":[]}",-9.223395544513659,-13.34509682681264,-9.64415942301054,-15.472258938552379
1_1_1_1_2_94_0_1_1_1_1_2_94_0,0.22765,0.2777,0.15755,0.25725,0.03785,0.07375,0.06295,0.0913,0.07705,0.09675,0.2417,0.2122,1,6,-0.56675845,-0.50514907,-0.029935017,0.13370076,0.516549,0.37368506,-0.5867389,-0.39835256,13.073317077084011,77.68132012082935,3594.0,Bengaluru,8,"{""type"":""MultiPoint"",""coordinates"":[]}",-9.575208195789456,-13.744040247547286,-8.833378559005645,-14.76366664876184
1_1_1_1_2_95_0_1_1_1_1_2_95_0,0.32325,0.3382,0.22405,0.25815,0.03545,0.0696,0.06605,0.1016,0.08545,0.1462,0.25585,0.2478,1,4,-0.660673,-0.5379718,0.1163875,0.15426621,0.49926752,0.25786802,-0.5896241,-0.4184316,13.141499207148684,77.4419190976115,3595.0,Bengaluru,8,"{""type"":""MultiPoint"",""coordinates"":[]}",-9.82455611330241,-16.93215432910409,-9.73683931362716,-16.242740993292042
1_1_1_1_2_96_0_1_1_1_1_2_96_0,0.2979,0.27425,0.2309,0.2232,0.06795,0.0957,0.09155,0.1269,0.1291,0.16665,0.22895,0.23135,5,6,-0.52984977,-0.36731896,0.13087216,0.084849685,0.27887166,0.16256282,-0.42870516,-0.29155618,12.787832479790833,77.36583179304658,3596.0,Bengaluru,8,"{""type"":""MultiPoint"",""coordinates"":[]}",-9.871503660404873,-15.64881420863328,-10.305688899599675,-17.58675927444837
1_1_1_1_2_97_0_1_1_1_1_2_97_0,0.27655,0.2954,0.2311,0.234,0.1223,0.1087,0.1603,0.1297,0.18385,0.14715,0.2918,0.30055,6,6,-0.26610965,-0.38979062,-0.026832057,-0.008641665,0.2269526,0.34264016,-0.29086486,-0.39709473,13.03855227558859,77.72740369490468,3597.0,Bengaluru,8,"{""type"":""MultiPoint"",""coordinates"":[]}",-8.079915817989589,-14.054112258240059,-8.018856905838481,-13.953364293370216
1_1_1_1_2_98_0_1_1_1_1_2_98_0,0.26935,0.27085,0.1929,0.17735,0.03905,0.04345,0.06335,0.07245,0.0839,0.0782,0.2145,0.2484,5,5,-0.61917645,-0.5779202,0.11336158,0.043235436,0.43766755,0.52112675,-0.54399854,-0.5483871,12.776603538739336,77.39179310475764,3598.0,Bengaluru,8,"{""type"":""MultiPoint"",""coordinates"":[]}",-8.286670825395767,-15.611021162225773,-8.981788690903542,-15.800510794063696
1_1_1_1_2_99_0_1_1_1_1_2_99_0,0.2382,0.22105,0.20955,0.2005,0.1253,0.1314,0.1327,0.1453,0.167,0.16725,0.2058,0.20955,6,6,-0.28444326,-0.20676948,0.072972976,0.026706921,0.10407725,0.11226115,-0.21595274,-0.18106242,13.040798063798889,77.62310929041841,3599.0,Bengaluru,8,"{""type"":""MultiPoint"",""coordinates"":[]}",3.061175289136311,-8.011135024028222,-4.30993123985779,-16.091392305007453
1_1_1_1_2_100_0_1_1_1_1_2_100_0,0.32535,0.36275,0.2387,0.28785,0.0752,0.10055,0.1116,0.1426,0.1513,0.1879,0.2745,0.26375,6,6,-0.4891864,-0.43563867,0.08477119,0.15802075,0.28933772,0.16793978,-0.42191142,-0.298142,13.068106848436122,77.74501067447343,3600.0,Bengaluru,8,"{""type"":""MultiPoint"",""coordinates"":[]}",-11.4061051204716,-17.229371414013166,-4.079179224781551,-12.945806390908599
1_1_1_1_2_101_0_1_1_1_1_2_101_0,0.1853,0.17805,0.1304,0.1027,0.0266,0.0411,0.05205,0.065,0.06365,0.0645,0.21055,0.29425,1,1,-0.5614072,-0.46513063,-0.06378679,-0.24603006,0.5357403,0.6404181,-0.6035796,-0.638135,13.061010157691577,77.69793895358556,3601.0,Bengaluru,8,"{""type"":""MultiPoint"",""coordinates"":[]}",-7.134948896286339,-14.635057450003181,-8.05179815852916,-14.841086439946285
1_1_1_1_2_102_0_1_1_1_1_2_102_0,0.22725,0.2425,0.1613,0.18045,0.04545,0.0632,0.0626,0.0957,0.0909,0.1277,0.19055,0.21965,6,6,-0.5680525,-0.4340627,0.08784107,0.04944282,0.35405934,0.2647186,-0.50543153,-0.39305535,12.802205524336742,77.65320285243641,3602.0,Bengaluru,8,"{""type"":""MultiPoint"",""coordinates"":[]}",-8.25752390360334,-13.681800312256485,-7.517219831468487,-13.341322758347644
1_1_1_1_2_103_0_1_1_1_1_2_103_0,0.30205,0.2226,0.23185,0.17035,0.0536,0.0539,0.0854,0.0725,0.11425,0.0849,0.2271,0.1819,4,1,-0.55916893,-0.5086411,0.14164226,0.10061805,0.3305991,0.36356822,-0.45344,-0.43003145,12.863111300600046,77.75183787063274,3603.0,Bengaluru,8,"{""type"":""MultiPoint"",""coordinates"":[]}",-10.153201388711018,-16.061054927950043,-9.482223903170095,-15.19678557385789
1_1_1_1_2_104_0_1_1_1_1_2_104_0,0.3508,0.4304,0.2476,0.3307,0.0489,0.08135,0.0771,0.1173,0.12175,0.1814,0.22365,0.27325,5,4,-0.63963544,-0.5716633,0.22134215,0.22333546,0.29502025,0.20202354,-0.4872818,-0.39930868,12.925993370488412,77.45512433228807,3604.0,Bengaluru,8,"{""type"":""MultiPoint"",""coordinates"":[]}",-10.022460928507384,-18.324390569497645,-8.773596762437496,-16.999899855074304
1_1_1_1_2_105_0_1_1_1_1_2_105_0,0.0234,0.03265,0.01875,0.02365,0.0383,0.05565,0.0897,0.11,0.0472,0.07055,0.049,0.07385,0,0,0.5862069,0.54223627,-0.35359117,-0.38685447,0.01871102,0.022853186,0.2934391,0.19662769,13.092091866522113,77.58942246726393,3605.0,Bengaluru,8,"{""type"":""MultiPoint"",""coordinates"":[]}",-16.72650539981419,-23.36085119626615,-14.705584980878594,-20.379376537683605
1_1_1_1_2_106_0_1_1_1_1_2_106_0,0.4057,0.3528,0.32455,0.3012,0.1099,0.1157,0.1719,0.1576,0.2586,0.1967,0.35105,0.28095,6,6,-0.4047784,-0.38244513,0.07221672,0.11337278,0.15164438,0.17638437,-0.34257576,-0.28126782,13.070981457345304,77.7199476780465,3606.0,Bengaluru,8,"{""type"":""MultiPoint"",""coordinates"":[]}",-11.78613839395442,-19.679383541153044,-10.192583550039028,-16.98331666234737
1_1_1_1_2_107_0_1_1_1_1_2_107_0,0.3123,0.19835,0.2815,0.17195,0.1009,0.0809,0.1556,0.10225,0.21665,0.1176,0.27235,0.17255,6,6,-0.33490062,-0.31969395,0.06833148,0.06956053,0.11390593,0.1893848,-0.27281225,-0.25582242,12.76663223908561,77.6395484601178,3607.0,Bengaluru,8,"{""type"":""MultiPoint"",""coordinates"":[]}",-4.0884372251415515,-10.62807270636748,-3.6528295119574428,-9.375274169285547
1_1_1_1_2_108_0_1_1_1_1_2_108_0,0.2277,0.2936,0.15925,0.21115,0.0389,0.0584,0.0544,0.07945,0.06015,0.0805,0.19405,0.2745,6,6,-0.6143212,-0.57405174,0.079786606,0.03362084,0.52675056,0.54647887,-0.5620849,-0.5510665,12.804541144075452,77.38155231051867,3608.0,Bengaluru,8,"{""type"":""MultiPoint"",""coordinates"":[]}",-11.006386783694861,-17.329236872626804,-9.851264914200552,-15.222874206796996
1_1_1_1_2_109_0_1_1_1_1_2_109_0,0.26715,0.2848,0.24475,0.2644,0.1238,0.1405,0.1499,0.1608,0.17435,0.1801,0.2162,0.21135,6,6,-0.28114134,-0.27827647,0.10541016,0.1480399,0.107156575,0.0798314,-0.18109806,-0.13583232,12.92590353896,77.53983546358053,3609.0,Bengaluru,8,"{""type"":""MultiPoint"",""coordinates"":[]}",-1.8056635111649066,-14.4899006066058,-2.6989885745584408,-14.109138963879865
1_1_1_1_2_110_0_1_1_1_1_2_110_0,0.30485,0.29495,0.26485,0.255,0.156,0.1561,0.2091,0.206,0.22595,0.23125,0.24985,0.2591,6,6,-0.18630217,-0.17756262,0.09915269,0.06470535,0.05023119,0.056796167,-0.08878963,-0.114168994,13.029119965105334,77.69560333384686,3610.0,Bengaluru,8,"{""type"":""MultiPoint"",""coordinates"":[]}",-3.3013370191173674,-12.799340021115476,-2.7557408998931656,-12.588370270214712
1_1_1_1_2_111_0_1_1_1_1_2_111_0,0.3048,0.37465,0.19335,0.28945,0.051,0.0934,0.08535,0.1361,0.1106,0.1817,0.2809,0.27255,4,6,-0.562476,-0.46705824,0.040805873,0.15775649,0.43499362,0.2,-0.53392494,-0.33390433,12.781993430444054,77.67440309314163,3611.0,Bengaluru,8,"{""type"":""MultiPoint"",""coordinates"":[]}",-11.426329191349678,-16.15265160987342,-10.831807642721019,-16.381670141222777
1_1_1_1_2_112_0_1_1_1_1_2_112_0,0.2155,0.2623,0.14935,0.17795,0.0311,0.0531,0.0541,0.0789,0.0583,0.0849,0.21705,0.22365,1,1,-0.5986647,-0.5375146,-0.0035834007,0.07953493,0.576539,0.449684,-0.6009589,-0.4784333,13.071969604157834,77.38307944650167,3612.0,Bengaluru,8,"{""type"":""MultiPoint"",""coordinates"":[]}",-7.827171719972277,-14.623317559045324,-7.319377229086986,-12.884466779457087
1_1_1_1_2_113_0_1_1_1_1_2_113_0,0.2221,0.3005,0.1481,0.2353,0.02385,0.05965,0.04985,0.08295,0.0439,0.1056,0.2641,0.2174,6,6,-0.6333885,-0.5673491,-0.08638421,0.16045569,0.71493506,0.34613004,-0.6824335,-0.4476444,13.100176704079187,77.65778426038543,3613.0,Bengaluru,8,"{""type"":""MultiPoint"",""coordinates"":[]}",-8.714164639026698,-14.710251182429824,-9.598455770130244,-15.061302723766596
1_1_1_1_2_114_0_1_1_1_1_2_114_0,0.2929,0.319,0.21815,0.2759,0.07445,0.0783,0.1066,0.1073,0.1404,0.1406,0.2451,0.21645,6,6,-0.4663329,-0.49659863,0.088847585,0.19152115,0.27159533,0.21243523,-0.39380154,-0.33714285,12.767800048954966,77.75695826775222,3614.0,Bengaluru,8,"{""type"":""MultiPoint"",""coordinates"":[]}",-9.332485898281965,-17.055655151375056,-7.407491415097608,-15.862394996771098
1_1_1_1_2_115_0_1_1_1_1_2_115_0,0.14855,0.22175,0.0688,0.1306,0.0167,0.03975,0.0443,0.0595,0.02325,0.05435,0.42465,0.3256,1,4,-0.54057556,-0.57688886,-0.4816818,-0.18973234,0.8961822,0.71390975,-0.8110673,-0.6909894,13.089756246783402,77.4125441878208,3615.0,Bengaluru,8,"{""type"":""MultiPoint"",""coordinates"":[]}",-9.366566327130133,-15.877434111373441,-10.525546171958878,-16.399812168861697
1_1_1_1_2_116_0_1_1_1_1_2_116_0,0.3124,0.29395,0.2702,0.26095,0.1219,0.1529,0.1656,0.1813,0.2061,0.2075,0.27875,0.28155,6,6,-0.30711296,-0.23703314,0.056922946,0.021546481,0.14984016,0.151416,-0.25464162,-0.21659285,12.911260999828851,77.54046428427941,3616.0,Bengaluru,8,"{""type"":""MultiPoint"",""coordinates"":[]}",-8.264892243964182,-15.675715321845871,-6.241721147825178,-14.427702986956747
1_1_1_1_2_117_0_1_1_1_1_2_117_0,0.40145,0.4572,0.33935,0.379,0.093,0.1099,0.1573,0.1779,0.27645,0.3025,0.3503,0.36565,6,6,-0.4369575,-0.43977326,0.068041235,0.11125965,0.117830075,0.094514705,-0.38022065,-0.3454144,13.010973996366118,77.6501485804704,3617.0,Bengaluru,8,"{""type"":""MultiPoint"",""coordinates"":[]}",-10.090897668503649,-19.5221563246649,-10.579185183913932,-22.03923352059931
1_1_1_1_2_118_0_1_1_1_1_2_118_0,0.21015,0.1932,0.15765,0.1191,0.02725,0.03765,0.05115,0.05395,0.0732,0.06245,0.18925,0.18115,1,1,-0.608496,-0.56342304,0.052328493,0.032189127,0.44217947,0.48727423,-0.57445925,-0.5410464,13.003517979507928,77.65284352632277,3618.0,Bengaluru,8,"{""type"":""MultiPoint"",""coordinates"":[]}",-7.942802312860337,-14.899703570402448,-9.511583691309422,-15.045257469655436
1_1_1_1_2_119_0_1_1_1_1_2_119_0,0.18775,0.18365,0.13565,0.1225,0.0557,0.06585,0.1085,0.0929,0.11475,0.09435,0.31985,0.29635,6,6,-0.26751056,-0.32815042,-0.26024428,-0.23479167,0.4719282,0.5170207,-0.49340492,-0.5226718,12.918806848215455,77.66533010877203,3619.0,Bengaluru,8,"{""type"":""MultiPoint"",""coordinates"":[]}",0.7748349685104344,-15.66222039863993,3.8488919582297783,-14.40623230692963
1_1_1_1_2_120_0_1_1_1_1_2_120_0,0.4836,0.3592,0.42575,0.31835,0.1314,0.1333,0.1947,0.1726,0.359,0.2656,0.3929,0.30535,6,6,-0.42591774,-0.35088378,0.10347975,0.081032276,0.045085784,0.06962081,-0.3373043,-0.2777487,12.776423875682513,77.36960471723988,3620.0,Bengaluru,8,"{""type"":""MultiPoint"",""coordinates"":[]}",-5.192468396241536,-13.047250304518272,-7.489703528494383,-14.325592057020742
1_1_1_1_2_121_0_1_1_1_1_2_121_0,0.36885,0.30905,0.271,0.2367,0.05145,0.05535,0.0864,0.0809,0.1407,0.1202,0.27005,0.2088,4,5,-0.6204283,-0.585075,0.1546408,0.19358888,0.31491175,0.2693009,-0.5152195,-0.4414912,12.790347762586364,77.67000134824944,3621.0,Bengaluru,8,"{""type"":""MultiPoint"",""coordinates"":[]}",-12.186627214770462,-17.558605587639413,-9.148772369954772,-15.560121346424687
1_1_1_1_2_122_0_1_1_1_1_2_122_0,0.283,0.2497,0.1933,0.18755,0.03955,0.0591,0.06515,0.0719,0.0948,0.0947,0.2199,0.19095,5,6,-0.62573606,-0.5528607,0.12547226,0.13332577,0.39752144,0.3369508,-0.5428872,-0.45291993,13.024269062571088,77.76585158906501,3622.0,Bengaluru,8,"{""type"":""MultiPoint"",""coordinates"":[]}",-9.116372220687166,-14.615784534081302,1.3690868301011356,-11.884124495229235
1_1_1_1_2_123_0_1_1_1_1_2_123_0,0.2702,0.34495,0.18495,0.24335,0.0354,0.06335,0.0565,0.0849,0.08455,0.11415,0.2087,0.23995,1,5,-0.6541169,-0.6049785,0.1284193,0.17951787,0.42335892,0.35526687,-0.5739065,-0.47729722,13.133144875006376,77.43383426005443,3623.0,Bengaluru,8,"{""type"":""MultiPoint"",""coordinates"":[]}",-10.56936240501679,-15.96888721696811,-10.029272173562694,-16.937034612782853
1_1_1_1_2_124_0_1_1_1_1_2_124_0,0.40195,0.4375,0.32935,0.3614,0.1024,0.1091,0.1391,0.1625,0.2013,0.24315,0.31295,0.3332,4,4,-0.48581463,-0.45833334,0.124492936,0.13533151,0.2171123,0.15624186,-0.38458136,-0.3443615,12.754864308863644,77.75839557220681,3624.0,Bengaluru,8,"{""type"":""MultiPoint"",""coordinates"":[]}",-11.220538396935842,-19.52821683847546,-10.59088610133691,-20.979194534055114
1_1_1_1_2_125_0_1_1_1_1_2_125_0,0.2383,0.2251,0.22525,0.2013,0.1376,0.1334,0.1658,0.1577,0.2073,0.18745,0.2398,0.2281,6,6,-0.17941104,-0.17607106,-0.003137419,-0.006619594,0.07269067,0.09782217,-0.18244576,-0.18247797,12.975760037228634,77.54549484987048,3625.0,Bengaluru,8,"{""type"":""MultiPoint"",""coordinates"":[]}",-0.410021483533928,-13.825743306011525,-1.1268957529275387,-12.485923090202801
1_1_1_1_2_126_0_1_1_1_1_2_126_0,0.3996,0.3851,0.3167,0.31515,0.0931,0.09445,0.1341,0.1339,0.1877,0.1901,0.26535,0.2501,4,4,-0.4974705,-0.48400772,0.20189488,0.21253149,0.17139389,0.13630168,-0.3285768,-0.30260417,12.93237140900566,77.41874256328121,3626.0,Bengaluru,8,"{""type"":""MultiPoint"",""coordinates"":[]}",-9.813821633944496,-17.9857090101076,-9.11877215834385,-18.814965445938718
1_1_1_1_2_127_0_1_1_1_1_2_127_0,0.25165,0.2318,0.16775,0.2073,0.03515,0.1039,0.0566,0.1264,0.07585,0.13315,0.22515,0.21565,6,6,-0.6327656,-0.29424903,0.055578858,0.036093418,0.49601328,0.23652522,-0.59822536,-0.26092675,12.9589615414156,77.73773432067206,3627.0,Bengaluru,8,"{""type"":""MultiPoint"",""coordinates"":[]}",-9.018133572141313,-16.36915447027813,-9.233426035862038,-15.733234789155318
1_1_1_1_2_128_0_1_1_1_1_2_128_0,0.2448,0.2975,0.2179,0.27445,0.1206,0.10375,0.1607,0.118,0.17115,0.1356,0.2247,0.24555,6,6,-0.20739828,-0.43200964,0.0428115,0.09566338,0.13527851,0.2884691,-0.16606124,-0.3508458,12.98519234771189,77.52025219038673,3628.0,Bengaluru,8,"{""type"":""MultiPoint"",""coordinates"":[]}",-6.026665087114783,-17.9881755132727,-0.3913649497947982,-14.098625846192318
1_1_1_1_2_129_0_1_1_1_1_2_129_0,0.24045,0.2161,0.22575,0.18945,0.1186,0.116,0.1488,0.1412,0.16325,0.1442,0.19995,0.18575,6,6,-0.2354528,-0.20962776,0.09196185,0.07552569,0.10104626,0.12592816,-0.14666666,-0.13625936,12.982766896444767,77.54378805083066,3629.0,Bengaluru,8,"{""type"":""MultiPoint"",""coordinates"":[]}",-6.402249372259395,-12.887355210243403,-4.0573998808845175,-14.115933697304596
1_1_1_1_2_130_0_1_1_1_1_2_130_0,0.3481,0.48245,0.26585,0.43375,0.07365,0.1621,0.1056,0.2278,0.13915,0.2918,0.24835,0.37155,5,5,-0.53449416,-0.35853574,0.1672395,0.12985949,0.28180644,0.12022311,-0.40330556,-0.23984316,12.851163707321255,77.4313189772589,3630.0,Bengaluru,8,"{""type"":""MultiPoint"",""coordinates"":[]}",-10.6002249279825,-16.98525447911282,-10.496189068934124,-17.08550058286513
1_1_1_1_2_131_0_1_1_1_1_2_131_0,0.37655,0.39325,0.27645,0.294,0.06765,0.0805,0.0933,0.1102,0.14125,0.1628,0.24065,0.25265,5,5,-0.602852,-0.5622207,0.22018795,0.21768075,0.26027757,0.21627152,-0.44123372,-0.39258647,12.999834886843038,77.3794861853652,3631.0,Bengaluru,8,"{""type"":""MultiPoint"",""coordinates"":[]}",-11.989413269883396,-16.957518831985876,-11.444220948118527,-17.87618386760085
1_1_1_1_2_132_0_1_1_1_1_2_132_0,0.18965,0.2226,0.15535,0.1759,0.03325,0.0505,0.05085,0.07495,0.05535,0.06955,0.1968,0.2542,6,6,-0.577131,-0.49621913,-0.018501747,-0.066275164,0.5609756,0.5703475,-0.5893398,-0.5445845,12.76483560851737,77.6403569438735,3632.0,Bengaluru,8,"{""type"":""MultiPoint"",""coordinates"":[]}",-12.070403720751193,-17.482253820649568,-12.316117974393086,-17.013227361488543
1_1_1_1_2_133_0_1_1_1_1_2_133_0,0.243,0.25695,0.143,0.1676,0.0381,0.0561,0.05955,0.0723,0.0844,0.0918,0.2499,0.19975,1,1,-0.6063461,-0.56082004,-0.013998782,0.12524633,0.49506432,0.37026238,-0.6151236,-0.46848005,13.143655163830571,77.44066145621373,3633.0,Bengaluru,8,"{""type"":""MultiPoint"",""coordinates"":[]}",-11.652438095387627,-15.950665206356277,-11.010230611907762,-16.745552007421477
1_1_1_1_2_134_0_1_1_1_1_2_134_0,0.3102,0.3339,0.2224,0.2386,0.04445,0.05975,0.0673,0.0838,0.0881,0.1254,0.21615,0.2175,1,5,-0.6434437,-0.59875506,0.17868339,0.21109901,0.420871,0.26859143,-0.5251367,-0.44374377,12.832209254826337,77.46868889307827,3634.0,Bengaluru,8,"{""type"":""MultiPoint"",""coordinates"":[]}",-11.05513057313021,-17.595892632129264,-9.710167896143705,-15.473015053569867
1_1_1_1_2_135_0_1_1_1_1_2_135_0,0.2741,0.23015,0.21705,0.17655,0.0826,0.07685,0.1144,0.1011,0.14795,0.1285,0.2352,0.2148,6,6,-0.4110682,-0.3895849,0.076379344,0.03449826,0.22771761,0.25138363,-0.34553775,-0.35992402,12.94746310577887,77.65050790658405,3635.0,Bengaluru,8,"{""type"":""MultiPoint"",""coordinates"":[]}",-9.36291912904814,-15.210918282655733,-8.770444855043234,-15.521059559130077
1_1_1_1_2_136_0_1_1_1_1_2_136_0,0.31025,0.29985,0.22985,0.20095,0.05115,0.0717,0.0784,0.103,0.1068,0.1258,0.2315,0.2582,6,6,-0.5965522,-0.4886434,0.14536226,0.07463489,0.36860776,0.34479168,-0.49403033,-0.42967886,13.1393432504668,77.56606626987681,3636.0,Bengaluru,8,"{""type"":""MultiPoint"",""coordinates"":[]}",3.6896199631060527,-16.739107566883785,-3.236657872353011,-15.712099922845091
1_1_1_1_2_137_0_1_1_1_1_2_137_0,0.29265,0.2832,0.19415,0.18515,0.0599,0.05405,0.1033,0.08245,0.1273,0.09145,0.26955,0.29255,4,6,-0.47821695,-0.5490223,0.04108858,-0.016239688,0.3584478,0.5236979,-0.44588977,-0.5602667,12.800498725296915,77.69946608956857,3637.0,Bengaluru,8,"{""type"":""MultiPoint"",""coordinates"":[]}",-10.191981513731363,-15.255862205681947,-9.450910740777026,-15.538589960700302
1_1_1_1_2_138_0_1_1_1_1_2_138_0,0.2758,0.29305,0.23845,0.22965,0.101,0.1108,0.1481,0.1559,0.18435,0.1854,0.26155,0.2626,1,6,-0.3012503,-0.30549058,0.026519028,0.054800685,0.17313299,0.17232142,-0.27694374,-0.25495818,12.945307149096982,77.63649418815179,3638.0,Bengaluru,8,"{""type"":""MultiPoint"",""coordinates"":[]}",-10.039638257824986,-16.564560032486064,-10.012822044408082,-15.833928990943765
1_1_1_1_2_139_0_1_1_1_1_2_139_0,0.3264,0.3509,0.25025,0.26835,0.0762,0.089,0.1051,0.1198,0.13095,0.1589,0.25815,0.2447,5,6,-0.5128621,-0.49097088,0.11675648,0.1783076,0.32690826,0.21258672,-0.42133516,-0.34266117,13.043852335764894,77.35361470518255,3639.0,Bengaluru,8,"{""type"":""MultiPoint"",""coordinates"":[]}",-11.386376841676068,-17.914140971448255,-10.137824526666355,-17.57167930426318
1_1_1_1_2_140_0_1_1_1_1_2_140_0,0.35955,0.3632,0.30845,0.3053,0.1479,0.1212,0.1952,0.1438,0.2334,0.1676,0.28165,0.22995,6,6,-0.29625958,-0.4327416,0.121490955,0.22464806,0.093680225,0.15683562,-0.1812939,-0.23050167,12.93839012140926,77.37957601689361,3640.0,Bengaluru,8,"{""type"":""MultiPoint"",""coordinates"":[]}",-8.857197789108525,-15.55590502260296,-6.616153325974697,-14.642752176909237
1_1_1_1_2_141_0_1_1_1_1_2_141_0,0.3056,0.2776,0.2801,0.2413,0.10375,0.1589,0.1635,0.1942,0.2377,0.22905,0.28865,0.26285,6,6,-0.3029205,-0.17676982,0.028523348,0.02729207,0.09679871,0.06871315,-0.27678868,-0.15020238,13.02166394824714,77.65347234702165,3641.0,Bengaluru,8,"{""type"":""MultiPoint"",""coordinates"":[]}",-6.555883106328206,-14.023901308393796,-4.230247301204989,-9.78438270363835
1_1_1_1_2_142_0_1_1_1_1_2_142_0,0.3062,0.3416,0.2162,0.27655,0.03955,0.06785,0.07565,0.1018,0.1041,0.1391,0.23225,0.23995,6,6,-0.6037711,-0.54082096,0.13733865,0.1747915,0.38100192,0.26605988,-0.5086067,-0.40424287,12.794390181364903,77.71006620992118,3642.0,Bengaluru,8,"{""type"":""MultiPoint"",""coordinates"":[]}",-10.633224675024348,-16.806110220680374,-8.48389078410172,-16.445963897929175
1_1_1_1_2_143_0_1_1_1_1_2_143_0,0.3357,0.301,0.24975,0.19935,0.06375,0.06425,0.1035,0.09605,0.13095,0.1134,0.2888,0.2755,6,6,-0.52868855,-0.5161818,0.07510008,0.044232436,0.37605718,0.41681665,-0.47234258,-0.4829767,12.761332178909305,77.65113672728293,3643.0,Bengaluru,8,"{""type"":""MultiPoint"",""coordinates"":[]}",-7.601068887083513,-14.332309617984631,-9.682824817937636,-15.45458099886761
1_1_1_1_2_144_0_1_1_1_1_2_144_0,0.13665,0.1567,0.07245,0.08685,0.02185,0.03405,0.0427,0.04715,0.0325,0.039,0.239,0.20575,1,1,-0.5238361,-0.53740495,-0.27246106,-0.13532901,0.7605893,0.68130744,-0.6968406,-0.6271253,12.7680695435402,77.39772198563283,3644.0,Bengaluru,8,"{""type"":""MultiPoint"",""coordinates"":[]}",-6.543488399225312,-13.796053763094244,-6.173918822145483,-13.913912680544037
1_1_1_1_2_145_0_1_1_1_1_2_145_0,0.2184,0.29645,0.1455,0.2111,0.02505,0.04435,0.04225,0.06175,0.04555,0.0744,0.24965,0.2046,1,1,-0.67581046,-0.65522057,-0.066766374,0.18331504,0.69139564,0.46666667,-0.7105173,-0.5363244,13.064693250356466,77.38613371846768,3645.0,Bengaluru,8,"{""type"":""MultiPoint"",""coordinates"":[]}",-10.866302517228943,-14.74673715181243,-11.29576882036031,-14.682350755349669
1_1_1_1_2_146_0_1_1_1_1_2_146_0,0.30245,0.28215,0.28065,0.2581,0.1368,0.1536,0.1705,0.1732,0.1982,0.194,0.2461,0.2466,6,6,-0.27899355,-0.2392665,0.102725364,0.06723404,0.107810035,0.11938266,-0.18146904,-0.17484516,12.75198969995446,77.79657397178188,3646.0,Bengaluru,8,"{""type"":""MultiPoint"",""coordinates"":[]}",-4.187138442114499,-16.920205634362627,-1.5781117698698575,-15.085481131614163
1_1_1_1_2_147_0_1_1_1_1_2_147_0,0.14,0.145,0.093,0.086,0.03205,0.05065,0.05285,0.07075,0.04715,0.0637,0.22755,0.2417,1,1,-0.45190564,-0.3441483,-0.23819889,-0.25006464,0.6567164,0.5828422,-0.62303853,-0.54712754,12.946385127437926,77.5155809509093,3647.0,Bengaluru,8,"{""type"":""MultiPoint"",""coordinates"":[]}",-10.669596885844651,-17.76371030766186,-11.421048670635718,-17.50497802442284
1_1_1_1_2_148_0_1_1_1_1_2_148_0,0.24895,0.2412,0.17875,0.1906,0.0424,0.0662,0.07985,0.0908,0.0933,0.10855,0.2488,0.1782,1,5,-0.5142944,-0.45301205,0.0003013561,0.1502146,0.45454547,0.2428945,-0.5140727,-0.32490706,12.866345235622877,77.49707565605644,3648.0,Bengaluru,8,"{""type"":""MultiPoint"",""coordinates"":[]}",-8.316991447859975,-14.724728422426232,-8.635645256184098,-14.205687882579173
1_1_1_1_2_149_0_1_1_1_1_2_149_0,0.2442,0.2512,0.2316,0.23695,0.0972,0.102,0.1288,0.1252,0.149,0.14,0.20795,0.2015,6,6,-0.3093834,-0.33475026,0.08017251,0.10978573,0.16514918,0.18008785,-0.23504083,-0.2335476,12.88592850881668,77.4448835380491,3649.0,Bengaluru,8,"{""type"":""MultiPoint"",""coordinates"":[]}",-2.300633166185232,-15.264836272986294,-4.8623036469264465,-14.248055780208178
1_1_1_1_2_150_0_1_1_1_1_2_150_0,0.0177,0.0232,0.0148,0.02075,0.0377,0.05935,0.0975,0.1139,0.0481,0.06845,0.04745,0.0645,0,0,0.6927083,0.6615609,-0.45663851,-0.4709236,-0.006802721,-0.029710418,0.34529147,0.27690583,13.089756246783402,77.5878054997525,3650.0,Bengaluru,8,"{""type"":""MultiPoint"",""coordinates"":[]}",-19.85994170739405,-26.763591770469446,-18.694227387005043,-26.08051557345643
1_1_1_1_2_151_0_1_1_1_1_2_151_0,0.3503,0.31445,0.26525,0.2437,0.05925,0.063,0.08585,0.0876,0.1159,0.124,0.2515,0.2106,4,5,-0.60632807,-0.5642333,0.16417414,0.19779068,0.36908,0.2588165,-0.49103305,-0.41247484,12.996960277933857,77.38900832737686,3651.0,Bengaluru,8,"{""type"":""MultiPoint"",""coordinates"":[]}",-10.452314799101163,-16.429372239912897,-8.86400336247952,-15.944153597482337
1_1_1_1_2_152_0_1_1_1_1_2_152_0,0.21315,0.2201,0.2012,0.2009,0.1244,0.1213,0.1475,0.1481,0.1703,0.1702,0.18525,0.1925,6,6,-0.18203244,-0.1955459,0.07003012,0.06689288,0.04204753,0.06148332,-0.11344854,-0.13035819,12.955907269449591,77.53812866454071,3652.0,Bengaluru,8,"{""type"":""MultiPoint"",""coordinates"":[]}",-1.7382918719705214,-16.426557514081654,-2.5686460600992005,-14.272047150933977
1_1_1_1_2_153_0_1_1_1_1_2_153_0,0.34455,0.32715,0.33775,0.3207,0.1789,0.1673,0.2064,0.1948,0.25665,0.24055,0.3189,0.28845,6,6,-0.2507487,-0.25356835,0.038661543,0.062865496,0.10815741,0.0905482,-0.21416333,-0.19379203,13.000643370598745,77.49500953090296,3653.0,Bengaluru,8,"{""type"":""MultiPoint"",""coordinates"":[]}",-2.8041275370479686,-14.108362658907026,-1.5180259517169683,-12.881480377856684
1_1_1_1_2_154_0_1_1_1_1_2_154_0,0.45145,0.3753,0.34465,0.28555,0.0872,0.0781,0.1286,0.1067,0.199,0.1537,0.3021,0.24095,5,5,-0.55658996,-0.5572614,0.1981952,0.21801217,0.20574735,0.22108197,-0.4028326,-0.38616425,12.833107570110457,77.37822854396742,3654.0,Bengaluru,8,"{""type"":""MultiPoint"",""coordinates"":[]}",-10.469644643372156,-16.417650913385106,-11.752292645614464,-17.193387088778373
1_1_1_1_2_155_0_1_1_1_1_2_155_0,0.3703,0.39775,0.2765,0.30275,0.0672,0.08565,0.10195,0.1247,0.1543,0.1868,0.2511,0.2726,4,6,-0.5682372,-0.52263373,0.19182491,0.18669352,0.23877652,0.18676534,-0.42246142,-0.37226278,12.827807509934148,77.38011500606407,3655.0,Bengaluru,8,"{""type"":""MultiPoint"",""coordinates"":[]}",-13.350069992016724,-18.486719015059045,-12.698767264388206,-20.066181796971886
1_1_1_1_2_156_0_1_1_1_1_2_156_0,0.26585,0.3341,0.1768,0.2402,0.04325,0.0673,0.07005,0.09595,0.08585,0.1338,0.24765,0.24325,6,6,-0.5829116,-0.5537728,0.035443038,0.15735689,0.48515743,0.2902798,-0.55901796,-0.4342571,12.867602877020644,77.72111548791585,3656.0,Bengaluru,8,"{""type"":""MultiPoint"",""coordinates"":[]}",-10.98041863772102,-15.609673069421975,-10.043861184445218,-16.17458002447169
1_1_1_1_2_157_0_1_1_1_1_2_157_0,0.2877,0.2829,0.21865,0.24375,0.04895,0.10055,0.0752,0.1301,0.10235,0.1657,0.2494,0.2238,1,6,-0.58556074,-0.36997578,0.07130888,0.116637066,0.41805258,0.1491656,-0.5366605,-0.26476407,12.81127850870635,77.38307944650167,3657.0,Bengaluru,8,"{""type"":""MultiPoint"",""coordinates"":[]}",-7.422460400067963,-14.529273034457965,-6.247749576727676,-16.468864605682214
1_1_1_1_2_158_0_1_1_1_1_2_158_0,0.307,0.3117,0.2434,0.2361,0.0797,0.07445,0.0914,0.0876,0.1295,0.1116,0.19545,0.1849,5,5,-0.54116464,-0.56123215,0.22201215,0.25533628,0.2029543,0.24721754,-0.36273313,-0.35706422,12.8890726123111,77.79603498261142,3658.0,Bengaluru,8,"{""type"":""MultiPoint"",""coordinates"":[]}",-11.338171422070442,-16.805456563033605,-10.658713942406647,-17.263945643212544
1_1_1_1_2_159_0_1_1_1_1_2_159_0,0.1689,0.1576,0.1387,0.11535,0.0606,0.0613,0.07335,0.0759,0.09205,0.0779,0.12365,0.13375,6,6,-0.39442724,-0.34989294,0.15467441,0.081860304,0.14649977,0.26387903,-0.25532994,-0.2759361,13.097751252812063,77.5666950905757,3659.0,Bengaluru,8,"{""type"":""MultiPoint"",""coordinates"":[]}",-9.064312769529721,-15.891812374624632,-7.865030339711733,-14.541743448268093
1_1_1_1_2_160_0_1_1_1_1_2_160_0,0.22735,0.22535,0.1934,0.17815,0.1191,0.1078,0.1483,0.1343,0.1682,0.1469,0.23705,0.2364,6,6,-0.21043524,-0.2531628,-0.020887166,-0.023930699,0.16989513,0.23349856,-0.23031011,-0.27542487,12.928328990227124,77.52249797859702,3660.0,Bengaluru,8,"{""type"":""MultiPoint"",""coordinates"":[]}",-6.7000026365165075,-16.955137089686875,-4.490482942525984,-16.630441455726462
1_1_1_1_2_161_0_1_1_1_1_2_161_0,0.3324,0.28405,0.23895,0.18425,0.041,0.0449,0.0734,0.0791,0.1172,0.1022,0.23625,0.26195,4,6,-0.63824546,-0.56436735,0.16908467,0.04047619,0.33682275,0.43869284,-0.52591634,-0.5361384,13.112034465829565,77.40302204580912,3661.0,Bengaluru,8,"{""type"":""MultiPoint"",""coordinates"":[]}",-9.793592269412336,-16.859802781788137,-7.839881869999204,-15.568910674364922
1_1_1_1_2_162_0_1_1_1_1_2_162_0,0.4994,0.32335,0.36355,0.26555,0.2116,0.0899,0.302,0.115,0.3791,0.14905,0.43225,0.17775,7,7,-0.24631894,-0.4753051,0.072076425,0.29056075,0.065508105,0.0878213,-0.1773919,-0.2143467,13.105117438141844,77.64664515086234,3662.0,Bengaluru,8,"{""type"":""MultiPoint"",""coordinates"":[]}",-10.100787438725218,-19.572407122642378,-9.769638004337502,-16.661505888978873
1_1_1_1_2_163_0_1_1_1_1_2_163_0,0.20945,0.1842,0.162,0.08425,0.0436,0.0368,0.0615,0.06905,0.0707,0.0434,0.18965,0.419,4,1,-0.5460417,-0.45468906,0.049611624,-0.38925728,0.45688495,0.81228375,-0.51025283,-0.7170372,12.926442528130472,77.5336370881201,3663.0,Bengaluru,8,"{""type"":""MultiPoint"",""coordinates"":[]}",-16.90846637318633,-20.604408076895297,-8.249809486676881,-14.446137504979443
1_1_1_1_2_164_0_1_1_1_1_2_164_0,0.3295,0.35625,0.23505,0.2495,0.04685,0.0578,0.07275,0.08365,0.1055,0.1187,0.2306,0.20995,4,6,-0.6382846,-0.6196863,0.17657562,0.25838926,0.37221065,0.27765098,-0.520356,-0.43017712,13.124880374392475,77.41434081838904,3664.0,Bengaluru,8,"{""type"":""MultiPoint"",""coordinates"":[]}",-9.93448127851613,-16.591503494166254,-9.838363820525554,-16.953592505287666
1_1_1_1_2_165_0_1_1_1_1_2_165_0,0.25825,0.27175,0.20645,0.2245,0.09,0.0979,0.1152,0.1185,0.1401,0.1441,0.18665,0.1835,6,6,-0.38304994,-0.39269698,0.16093504,0.19384953,0.14246365,0.12026862,-0.23670697,-0.21523179,13.071071288873716,77.5094724069773,3665.0,Bengaluru,8,"{""type"":""MultiPoint"",""coordinates"":[]}",-6.611215905837429,-11.972912354098668,-6.334712260341828,-11.838551499792327
1_1_1_1_2_166_0_1_1_1_1_2_166_0,0.25105,0.24915,0.24345,0.2357,0.097,0.1096,0.1305,0.1351,0.15245,0.1606,0.17835,0.17975,6,6,-0.3159481,-0.29681197,0.16930601,0.16180928,0.078295045,0.056265607,-0.15492958,-0.14181356,12.950337714688052,77.61008371879868,3666.0,Bengaluru,8,"{""type"":""MultiPoint"",""coordinates"":[]}",0.5066471802128989,-12.135607361400291,2.0057924634019946,-11.152964336832628
1_1_1_1_2_167_0_1_1_1_1_2_167_0,0.28185,0.28345,0.22465,0.2494,0.09545,0.1188,0.1291,0.1453,0.16975,0.1732,0.2533,0.22535,6,6,-0.37169972,-0.32221574,0.05334953,0.11419025,0.19749439,0.13084933,-0.3247908,-0.21597195,13.004865452434109,77.47075501823174,3667.0,Bengaluru,8,"{""type"":""MultiPoint"",""coordinates"":[]}",-9.609010952705063,-17.40197760055406,-3.5304794202953333,-15.02687709033643
1_1_1_1_2_168_0_1_1_1_1_2_168_0,0.2422,0.23535,0.1645,0.17085,0.036,0.0515,0.0683,0.0776,0.08425,0.0946,0.2654,0.2509,6,6,-0.56006444,-0.50407416,-0.04570528,-0.031979434,0.51808953,0.45238784,-0.59065026,-0.52754945,12.96408193853508,77.73036813534227,3668.0,Bengaluru,8,"{""type"":""MultiPoint"",""coordinates"":[]}",-7.6194617125023,-14.385778980661225,-7.405648574188244,-13.532671157638177
1_1_1_1_2_169_0_1_1_1_1_2_169_0,0.273,0.26315,0.20505,0.1837,0.03975,0.055,0.0587,0.072,0.092,0.0968,0.21475,0.2046,1,1,-0.6460657,-0.57034165,0.11942594,0.1251737,0.400163,0.35766423,-0.5706711,-0.47939262,13.094427486260823,77.67575056606782,3669.0,Bengaluru,8,"{""type"":""MultiPoint"",""coordinates"":[]}",-10.905313890754,-15.61515814089503,-9.504210393627996,-15.225478373017733
1_1_1_1_2_170_0_1_1_1_1_2_170_0,0.37805,0.37855,0.28885,0.28565,0.07185,0.08235,0.1065,0.1197,0.1498,0.1583,0.277,0.29,4,5,-0.5604169,-0.5195183,0.15426303,0.13245082,0.29803187,0.29377648,-0.44458932,-0.41567,12.841731396838002,77.4374275211909,3670.0,Bengaluru,8,"{""type"":""MultiPoint"",""coordinates"":[]}",-10.525442091619048,-17.21375862148124,-11.693290921538434,-16.82694613897524
1_1_1_1_2_171_0_1_1_1_1_2_171_0,0.36625,0.38295,0.2827,0.29085,0.0716,0.07615,0.0973,0.10165,0.14225,0.142,0.2345,0.2437,5,5,-0.5801963,-0.5804787,0.2193092,0.22221336,0.24485733,0.26367643,-0.4135021,-0.41132185,12.939647762807027,77.36125038509756,3671.0,Bengaluru,8,"{""type"":""MultiPoint"",""coordinates"":[]}",-13.211217086354814,-19.101973473643156,-12.936894421857975,-19.525257496986217
1_1_1_1_2_172_0_1_1_1_1_2_172_0,0.38995,0.40385,0.3098,0.32285,0.08235,0.1169,0.134,0.1573,0.17955,0.21255,0.30065,0.3274,4,6,-0.4885008,-0.4393656,0.12930785,0.10454701,0.2521866,0.21270488,-0.38341194,-0.35093874,12.889701433009984,77.41461031297428,3672.0,Bengaluru,8,"{""type"":""MultiPoint"",""coordinates"":[]}",-10.206104654065562,-18.148923225795908,-10.308857990061696,-17.627114869925308
1_1_1_1_2_173_0_1_1_1_1_2_173_0,0.199,0.18795,0.13085,0.1231,0.04665,0.05565,0.0769,0.0863,0.0947,0.1004,0.2405,0.2312,0,0,-0.44255164,-0.37064722,-0.094425485,-0.10318502,0.4349642,0.39445114,-0.51543796,-0.45637795,13.059033864066514,77.61762956718528,3673.0,Bengaluru,8,"{""type"":""MultiPoint"",""coordinates"":[]}",-9.361985947488607,-15.76559022905025,-8.853406608466683,-15.423428646548183
1_1_1_1_2_174_0_1_1_1_1_2_174_0,0.26805,0.24635,0.208,0.18115,0.04695,0.0577,0.0785,0.0855,0.0947,0.1017,0.21085,0.21975,6,6,-0.5469629,-0.48470694,0.119440384,0.057069298,0.3801342,0.3672422,-0.45740452,-0.43980345,12.869938496759357,77.67350477785752,3674.0,Bengaluru,8,"{""type"":""MultiPoint"",""coordinates"":[]}",-9.768562598276848,-16.412768645865132,-7.00773914044661,-14.677086482101993
1_1_1_1_2_175_0_1_1_1_1_2_175_0,0.27815,0.30255,0.2187,0.25195,0.0772,0.0915,0.1133,0.1236,0.1314,0.1208,0.2575,0.2772,6,6,-0.42112657,-0.41992256,0.038551293,0.043725744,0.32424787,0.3929648,-0.3888889,-0.38323355,12.77498657122792,77.41523913367315,3675.0,Bengaluru,8,"{""type"":""MultiPoint"",""coordinates"":[]}",-8.56899686512864,-13.651592229543603,-3.781906417280573,-11.044783930057733
1_1_1_1_2_176_0_1_1_1_1_2_176_0,0.2522,0.26145,0.1693,0.17415,0.03465,0.05655,0.0659,0.0743,0.0926,0.0957,0.22485,0.19855,1,1,-0.58566487,-0.5574088,0.057331517,0.13673913,0.41660103,0.34953272,-0.54668957,-0.4553784,13.103680133687254,77.69991524721063,3676.0,Bengaluru,8,"{""type"":""MultiPoint"",""coordinates"":[]}",-10.278311033152816,-15.120496005270311,-9.956520851967559,-15.42831685665162
1_1_1_1_2_177_0_1_1_1_1_2_177_0,0.1285,0.1583,0.07055,0.09475,0.0179,0.04235,0.04535,0.06235,0.03285,0.05435,0.25675,0.1984,1,1,-0.47828588,-0.4348516,-0.3329007,-0.1124194,0.77313536,0.56993073,-0.6997683,-0.52176416,13.09020540442546,77.41694593271298,3677.0,Bengaluru,8,"{""type"":""MultiPoint"",""coordinates"":[]}",-7.4266216605111,-14.021972575337951,-7.334665791007277,-15.157127541472112
1_1_1_1_2_178_0_1_1_1_1_2_178_0,0.3375,0.3275,0.26495,0.31295,0.06805,0.1739,0.0997,0.1979,0.15635,0.2318,0.25695,0.28815,6,6,-0.5439158,-0.2466692,0.13550341,0.063916184,0.24340673,0.1083758,-0.44090846,-0.18568048,12.905511782010487,77.4629396752599,3678.0,Bengaluru,8,"{""type"":""MultiPoint"",""coordinates"":[]}",-12.033179480423229,-17.912690016318294,-6.806290827428713,-14.906438434145318
1_1_1_1_2_179_0_1_1_1_1_2_179_0,0.24365,0.2764,0.16365,0.20065,0.0278,0.0637,0.05015,0.08885,0.0556,0.1114,0.2621,0.2006,6,6,-0.6586113,-0.51348394,-0.036480475,0.15890986,0.64998424,0.28589743,-0.678783,-0.38607705,12.766362744500372,77.7253375697512,3679.0,Bengaluru,8,"{""type"":""MultiPoint"",""coordinates"":[]}",-9.774626091780405,-15.674863917529569,-9.431816706855006,-16.394964011189643
1_1_1_1_2_180_0_1_1_1_1_2_180_0,0.2498,0.2645,0.2357,0.2414,0.1402,0.1391,0.1783,0.1674,0.2075,0.181,0.214,0.20585,6,6,-0.16701706,-0.22482055,0.07718844,0.12469438,0.015421115,0.06423678,-0.09100179,-0.10301407,12.967226042029498,77.68599136030677,3680.0,Bengaluru,8,"{""type"":""MultiPoint"",""coordinates"":[]}",-2.7695131801765074,-12.174228309338492,-2.345414222277033,-15.401762168607842
1_1_1_1_2_181_0_1_1_1_1_2_181_0,0.35085,0.25485,0.24855,0.1659,0.068,0.0478,0.09965,0.066,0.13965,0.0708,0.2592,0.19875,5,1,-0.55760264,-0.5885928,0.15023358,0.123677246,0.29973674,0.47468004,-0.44461474,-0.50141644,12.8522416856622,77.79334003675906,3681.0,Bengaluru,8,"{""type"":""MultiPoint"",""coordinates"":[]}",-11.345618286793528,-18.325384237127604,-8.881957231705382,-13.259521506374936
1_1_1_1_2_182_0_1_1_1_1_2_182_0,0.16795,0.18575,0.1362,0.1436,0.0261,0.039,0.05345,0.06295,0.0534,0.0631,0.17855,0.169,6,6,-0.5171635,-0.4937676,-0.030591631,0.04721635,0.53955597,0.45626885,-0.53922415,-0.4572106,13.020316475320962,77.70449665515964,3682.0,Bengaluru,8,"{""type"":""MultiPoint"",""coordinates"":[]}",-7.949939730802019,-15.80678206182349,-7.646337321726095,-15.316236647566106
1_1_1_1_2_183_0_1_1_1_1_2_183_0,0.45405,0.4067,0.3588,0.3747,0.1084,0.2408,0.1544,0.2871,0.2045,0.3025,0.3318,0.32185,6,6,-0.4924809,-0.17238398,0.15556404,0.11646421,0.23736714,0.030992232,-0.36487043,-0.057065442,12.806517437700515,77.55429833965485,3683.0,Bengaluru,8,"{""type"":""MultiPoint"",""coordinates"":[]}",-10.049605607779288,-18.825444138179563,-10.836117346094152,-19.810222595433835
1_1_1_1_2_184_0_1_1_1_1_2_184_0,0.26555,0.26845,0.2004,0.1977,0.05115,0.0661,0.0775,0.08695,0.1052,0.1056,0.21835,0.213,6,6,-0.5481708,-0.5106922,0.09754081,0.115172915,0.3497141,0.33709982,-0.47608584,-0.4202367,12.886916655629213,77.47443811089663,3684.0,Bengaluru,8,"{""type"":""MultiPoint"",""coordinates"":[]}",-9.081324831563085,-16.05227134181411,-8.51820130673049,-15.32555373551052
1_1_1_1_2_185_0_1_1_1_1_2_185_0,0.26355,0.29255,0.19345,0.23625,0.04955,0.075,0.07295,0.1004,0.1042,0.13675,0.19095,0.2081,5,5,-0.566419,-0.48899353,0.15973598,0.16868071,0.29391834,0.20690155,-0.44713905,-0.34910858,12.88673699257239,77.47093468128857,3685.0,Bengaluru,8,"{""type"":""MultiPoint"",""coordinates"":[]}",-10.159570696215535,-17.738202184229472,-9.903053772373916,-16.687994180715464
1_1_1_1_2_186_0_1_1_1_1_2_186_0,0.31065,0.31935,0.24135,0.2628,0.07655,0.1141,0.1115,0.1469,0.1429,0.1943,0.27485,0.2829,6,6,-0.47175175,-0.36986595,0.061144322,0.060523037,0.31585878,0.18566638,-0.42280316,-0.31642625,12.843168701292592,77.55106440463203,3686.0,Bengaluru,8,"{""type"":""MultiPoint"",""coordinates"":[]}",-3.536986720397625,-15.911262515543887,-3.134511966203842,-16.89069971139867
1_1_1_1_2_187_0_1_1_1_1_2_187_0,0.25435,0.2254,0.1691,0.14445,0.04455,0.04255,0.0819,0.0707,0.0972,0.0802,0.28,0.23165,1,1,-0.51286244,-0.5224586,-0.048002247,-0.013674652,0.48462355,0.48565015,-0.5473888,-0.5323301,12.764745776988958,77.74393269613249,3687.0,Bengaluru,8,"{""type"":""MultiPoint"",""coordinates"":[]}",-8.752139138854005,-15.519780619430332,-8.44426417492977,-15.594964011004944
1_1_1_1_2_188_0_1_1_1_1_2_188_0,0.22255,0.3629,0.1634,0.267,0.0704,0.0696,0.127,0.1013,0.174,0.142,0.16155,0.23285,4,4,-0.27335146,-0.5635502,0.1588128,0.21829626,-0.03710326,0.24236362,-0.11973661,-0.39368546,13.138085609069032,77.44730898931621,3688.0,Bengaluru,8,"{""type"":""MultiPoint"",""coordinates"":[]}",-10.985909654909669,-18.29882304515606,-12.725912636678505,-19.32870161657277
1_1_1_1_2_189_0_1_1_1_1_2_189_0,0.28065,0.27935,0.2013,0.2009,0.0414,0.0621,0.06325,0.08705,0.09265,0.1267,0.2109,0.2104,5,5,-0.6321605,-0.52483624,0.14189808,0.14078611,0.3895569,0.24829428,-0.5385738,-0.41469154,12.90236767851607,77.47282114338522,3689.0,Bengaluru,8,"{""type"":""MultiPoint"",""coordinates"":[]}",-9.65607310167065,-15.965775618669182,-9.612210600495157,-15.77719822687904
1_1_1_1_2_190_0_1_1_1_1_2_190_0,0.1789,0.08285,0.07405,0.03955,0.02175,0.0232,0.0629,0.0556,0.02755,0.03365,0.54105,0.2228,1,3,-0.4797353,-0.19682196,-0.50302106,-0.45787665,0.9030953,0.7375707,-0.7917046,-0.60057473,12.946474958966338,77.73827330984253,3690.0,Bengaluru,8,"{""type"":""MultiPoint"",""coordinates"":[]}",-11.808271594721887,-16.983531932627407,-10.588950556994806,-16.599209085103304
1_1_1_1_2_191_0_1_1_1_1_2_191_0,0.1614,0.1838,0.10445,0.1222,0.0215,0.03415,0.03855,0.0517,0.033,0.05085,0.21345,0.19925,6,6,-0.6144036,-0.5609342,-0.13885555,-0.04033416,0.7321972,0.5933626,-0.69404763,-0.5879657,12.93228157747725,77.50228588470434,3691.0,Bengaluru,8,"{""type"":""MultiPoint"",""coordinates"":[]}",-8.504887506645183,-13.11241095900588,-6.971590108430004,-12.39112073284449
1_1_1_1_2_192_0_1_1_1_1_2_192_0,0.2116,0.2578,0.12865,0.1736,0.0264,0.05185,0.05385,0.08235,0.05625,0.097,0.2879,0.2752,1,6,-0.59427387,-0.51580185,-0.15275276,-0.032645404,0.6731077,0.47877485,-0.68485737,-0.5393651,13.126317678847066,77.73593769010382,3692.0,Bengaluru,8,"{""type"":""MultiPoint"",""coordinates"":[]}",-9.877262227795676,-16.69242017598939,-9.852792001960704,-16.417403088842764
1_1_1_1_2_193_0_1_1_1_1_2_193_0,0.2535,0.2002,0.2167,0.14225,0.06405,0.04845,0.098,0.0674,0.12715,0.07345,0.21825,0.25135,6,6,-0.44238976,-0.4962631,0.07472178,-0.11327649,0.26375216,0.5477217,-0.38023716,-0.577098,12.98986358718931,77.5170182553639,3693.0,Bengaluru,8,"{""type"":""MultiPoint"",""coordinates"":[]}",-10.338994362973002,-18.100159253881724,-7.273965876240766,-14.743960961793142
1_1_1_1_2_194_0_1_1_1_1_2_194_0,0.3043,0.33245,0.25735,0.2804,0.09445,0.1576,0.1254,0.1663,0.15365,0.1852,0.24955,0.2906,6,6,-0.41633698,-0.33313283,0.098853484,0.06716957,0.23784722,0.22152165,-0.3311108,-0.27205077,12.844246679633535,77.50794527099428,3694.0,Bengaluru,8,"{""type"":""MultiPoint"",""coordinates"":[]}",-2.4678015721514197,-16.250056504603474,4.444279953940539,-16.500716808278288
1_1_1_1_2_195_0_1_1_1_1_2_195_0,0.33595,0.30135,0.27495,0.25265,0.0517,0.065,0.0867,0.084,0.1335,0.1033,0.21415,0.1658,6,6,-0.58973145,-0.5640327,0.22141428,0.29016376,0.2319862,0.23225567,-0.42363304,-0.32746196,13.108351373164677,77.6682047176812,3695.0,Bengaluru,8,"{""type"":""MultiPoint"",""coordinates"":[]}",-10.928263562994069,-17.166945374782166,-9.069423393162559,-17.116745990774476
1_1_1_1_2_196_0_1_1_1_1_2_196_0,0.2406,0.23235,0.21665,0.2073,0.1146,0.1174,0.1413,0.1373,0.17275,0.1524,0.2131,0.18535,6,6,-0.2600157,-0.25713512,0.060612738,0.11252095,0.104574315,0.097557366,-0.20259593,-0.14892298,13.003517979507928,77.67233696798816,3696.0,Bengaluru,8,"{""type"":""MultiPoint"",""coordinates"":[]}",-8.9881285637677,-14.4795485247682,-7.278181874506373,-13.704143096883595
1_1_1_1_2_197_0_1_1_1_1_2_197_0,0.1694,0.2064,0.10575,0.1408,0.0261,0.0514,0.0503,0.07495,0.0413,0.08345,0.2732,0.17655,4,6,-0.5421029,-0.46721166,-0.23452327,0.07794751,0.7373609,0.35807693,-0.6890263,-0.40397614,13.105027606613431,77.61493462133292,3697.0,Bengaluru,8,"{""type"":""MultiPoint"",""coordinates"":[]}",-8.515972376301246,-15.484333423708264,-9.400352304722695,-16.65949844693014
1_1_1_1_2_198_0_1_1_1_1_2_198_0,0.28095,0.29335,0.18935,0.1932,0.0367,0.05705,0.0642,0.0908,0.1029,0.1053,0.2186,0.269,1,5,-0.6279878,-0.527268,0.124812335,0.043300435,0.3598756,0.4373497,-0.5459689,-0.49527514,12.769057690352732,77.45224972337887,3698.0,Bengaluru,8,"{""type"":""MultiPoint"",""coordinates"":[]}",-10.87786434021453,-16.232381045678935,-9.24905861168132,-17.328092017528455
1_1_1_1_2_199_0_1_1_1_1_2_199_0,0.2139,0.2391,0.1771,0.16595,0.0465,0.0708,0.0681,0.0987,0.08515,0.0985,0.2013,0.225,6,6,-0.5170213,-0.41563055,0.03034682,0.030381383,0.4054809,0.39103556,-0.49443206,-0.3901761,12.974322732774043,77.7252477382228,3699.0,Bengaluru,8,"{""type"":""MultiPoint"",""coordinates"":[]}",-6.883041690601802,-14.845048916730644,-6.979352750401302,-14.436186987087307
1_1_1_1_2_200_0_1_1_1_1_2_200_0,0.3408,0.41375,0.2463,0.29945,0.0645,0.0861,0.08725,0.1187,0.13195,0.1757,0.24035,0.2753,5,2,-0.59233737,-0.5541365,0.17284694,0.20092882,0.29116303,0.22084257,-0.4673382,-0.39746192,12.82008199849072,77.55106440463203,3700.0,Bengaluru,8,"{""type"":""MultiPoint"",""coordinates"":[]}",-11.600102947253992,-16.62451126567358,-12.061110809371204,-18.63223046803633
1_1_1_1_2_201_0_1_1_1_1_2_201_0,0.17485,0.2255,0.12435,0.1792,0.04575,0.0798,0.0733,0.09325,0.0885,0.09245,0.22515,0.2335,6,6,-0.4092283,-0.41490197,-0.12575,-0.017429193,0.43567672,0.4327351,-0.50879544,-0.42922723,13.04735576537296,77.54756097502396,3701.0,Bengaluru,8,"{""type"":""MultiPoint"",""coordinates"":[]}",-6.976671072383258,-14.06696800174278,-0.6613015236893638,-12.323146014162475
1_1_1_1_2_202_0_1_1_1_1_2_202_0,0.24645,0.27405,0.15525,0.2068,0.0366,0.05235,0.0671,0.0752,0.0696,0.0909,0.26175,0.23405,1,6,-0.57199806,-0.56936294,-0.030106258,0.07872466,0.5799004,0.44052932,-0.5919112,-0.5136621,12.789000289660184,77.43455291228172,3702.0,Bengaluru,8,"{""type"":""MultiPoint"",""coordinates"":[]}",-9.035358686332346,-14.854577101050062,-7.272148087165387,-13.149744724348817
1_1_1_1_2_203_0_1_1_1_1_2_203_0,0.19765,0.21,0.11995,0.1391,0.03055,0.05145,0.046,0.06705,0.0527,0.0761,0.2062,0.1779,1,1,-0.62240916,-0.51597184,-0.021171227,0.082753286,0.592893,0.4007874,-0.63521016,-0.45254132,12.922759435465585,77.43715802660567,3703.0,Bengaluru,8,"{""type"":""MultiPoint"",""coordinates"":[]}",-9.340325518947067,-14.847935954591549,-9.362179272829128,-14.754362706997126
1_1_1_1_2_204_0_1_1_1_1_2_204_0,0.2972,0.3307,0.2832,0.2916,0.1541,0.1774,0.1761,0.2096,0.19705,0.23295,0.215,0.2444,6,6,-0.2558631,-0.22413474,0.16048418,0.15006086,0.043562673,0.023986593,-0.09946305,-0.07665198,13.08418669202186,77.37589292422872,3704.0,Bengaluru,8,"{""type"":""MultiPoint"",""coordinates"":[]}",-7.705437544690776,-14.272140174344683,-10.07905873873079,-17.156599629129886
1_1_1_1_2_205_0_1_1_1_1_2_205_0,0.42675,0.28515,0.33075,0.1954,0.08435,0.0763,0.1255,0.1079,0.1875,0.12385,0.2748,0.27715,4,4,-0.5454957,-0.45096043,0.21659184,0.01422728,0.18883842,0.38229427,-0.37297028,-0.4395533,13.086252817175335,77.73746482608682,3705.0,Bengaluru,8,"{""type"":""MultiPoint"",""coordinates"":[]}",-12.025120790228938,-17.78759812381146,-7.599658507225834,-15.430696643721573
1_1_1_1_2_206_0_1_1_1_1_2_206_0,0.2793,0.2405,0.2672,0.223,0.1152,0.1215,0.171,0.155,0.21785,0.17465,0.2638,0.19875,6,6,-0.24050634,-0.21618205,0.028539864,0.095048375,0.09540123,0.06454205,-0.21343146,-0.123674914,13.020316475320962,77.6538316731353,3706.0,Bengaluru,8,"{""type"":""MultiPoint"",""coordinates"":[]}",-3.6257595925070056,-12.578018810914674,-6.14763663161561,-12.911885102013489
1_1_1_1_2_207_0_1_1_1_1_2_207_0,0.18205,0.2069,0.15085,0.16555,0.0981,0.0985,0.1269,0.1262,0.1467,0.14455,0.19965,0.19785,6,6,-0.17850785,-0.24226959,-0.04610951,0.022359481,0.15288003,0.15566589,-0.22278364,-0.22110786,12.921591625596228,77.58412240708762,3707.0,Bengaluru,8,"{""type"":""MultiPoint"",""coordinates"":[]}",-6.576477488417391,-12.189679509829494,-7.236663193136885,-13.58074485417115
1_1_1_1_2_208_0_1_1_1_1_2_208_0,0.19715,0.25785,0.1208,0.15645,0.02815,0.0548,0.04445,0.07175,0.04815,0.08565,0.2105,0.2432,1,1,-0.63203645,-0.5646238,-0.03274868,0.029238598,0.6276822,0.47909382,-0.6513042,-0.54437214,13.056159255157333,77.41541879672998,3708.0,Bengaluru,8,"{""type"":""MultiPoint"",""coordinates"":[]}",-10.838563452024172,-15.583818654637016,-10.85530681646733,-15.291623230474453
1_1_1_1_2_209_0_1_1_1_1_2_209_0,0.274,0.29065,0.1847,0.19815,0.0778,0.09555,0.08745,0.1032,0.10205,0.11855,0.1584,0.16885,4,4,-0.51611567,-0.4759426,0.26734504,0.26507074,0.2163563,0.1750174,-0.2885906,-0.24131593,13.108800530806736,77.49662649841439,3709.0,Bengaluru,8,"{""type"":""MultiPoint"",""coordinates"":[]}",-13.186354472462776,-19.85731973686486,-13.68418186245744,-20.506109583356135
1_1_1_1_2_210_0_1_1_1_1_2_210_0,0.31775,0.334,0.26785,0.28075,0.1121,0.1207,0.1456,0.1552,0.17885,0.1877,0.23865,0.24215,6,6,-0.3715334,-0.3654947,0.14216392,0.1594203,0.14323354,0.12667209,-0.24216005,-0.21882471,12.844606005747185,77.51441314103995,3710.0,Bengaluru,8,"{""type"":""MultiPoint"",""coordinates"":[]}",-8.147328693582086,-18.399037613750234,-6.246186675102614,-17.834585842067185
1_1_1_1_2_211_0_1_1_1_1_2_211_0,0.17045,0.2738,0.0998,0.17915,0.0249,0.05635,0.04245,0.074,0.0382,0.09075,0.19785,0.2106,1,4,-0.6012212,-0.5744681,-0.07439587,0.13047068,0.67633975,0.3977103,-0.6466916,-0.4799719,12.870746980515062,77.77600255177555,3711.0,Bengaluru,8,"{""type"":""MultiPoint"",""coordinates"":[]}",-8.701705642950193,-14.722258523659617,-8.10005949335313,-14.328626911415736
1_1_1_1_2_212_0_1_1_1_1_2_212_0,0.2076,0.369,0.12085,0.25935,0.0254,0.0614,0.0435,0.09285,0.04855,0.1402,0.2536,0.2345,1,5,-0.6535245,-0.59792143,-0.09973981,0.22286661,0.67863643,0.251668,-0.7071693,-0.43271726,12.789000289660184,77.52573191361985,3712.0,Bengaluru,8,"{""type"":""MultiPoint"",""coordinates"":[]}",-11.197269146026624,-15.037614508551947,-10.227325051144465,-15.266457601796468
1_1_1_1_2_213_0_1_1_1_1_2_213_0,0.24625,0.3028,0.20595,0.25795,0.05955,0.1237,0.0937,0.1912,0.13165,0.248,0.2232,0.29815,6,6,-0.44874245,-0.22591093,0.04910001,0.007737749,0.25799635,0.09182459,-0.40864626,-0.21855523,13.05058970039579,77.59274623381516,3713.0,Bengaluru,8,"{""type"":""MultiPoint"",""coordinates"":[]}",-9.518322212107044,-18.27216300981992,-5.227295641838801,-17.556523394685208
1_1_1_1_2_214_0_1_1_1_1_2_214_0,0.15995,0.24105,0.07665,0.14145,0.0315,0.05525,0.05135,0.0906,0.0289,0.0794,0.3972,0.3902,1,1,-0.5139612,-0.45364088,-0.42582786,-0.23627722,0.8643511,0.66183984,-0.77104,-0.6231281,12.762589820307072,77.42556975944052,3714.0,Bengaluru,8,"{""type"":""MultiPoint"",""coordinates"":[]}",-8.047840461849457,-14.101853493506189,-6.0738604194056105,-12.025513852294164
1_1_1_1_2_215_0_1_1_1_1_2_215_0,0.2696,0.2628,0.1763,0.15965,0.0445,0.051,0.07965,0.0803,0.08535,0.0845,0.31635,0.28325,4,4,-0.54387975,-0.5319149,-0.07978497,-0.037450783,0.575056,0.54044867,-0.5977273,-0.55824506,12.784868039353237,77.39367956685429,3715.0,Bengaluru,8,"{""type"":""MultiPoint"",""coordinates"":[]}",-8.846348669537543,-15.704829927639544,-8.024349981235432,-14.966535232063984
1_1_1_1_2_216_0_1_1_1_1_2_216_0,0.31955,0.2699,0.2419,0.20425,0.08655,0.0642,0.1315,0.09885,0.16285,0.10485,0.2569,0.24015,6,6,-0.41691607,-0.46386442,0.10868245,0.058327615,0.22406194,0.39217392,-0.32286304,-0.41681415,12.84352802740624,77.65670628204448,3716.0,Bengaluru,8,"{""type"":""MultiPoint"",""coordinates"":[]}",-3.4907654704405915,-11.054742371192471,-1.0183650405662417,-14.863263033204534
1_1_1_1_2_217_0_1_1_1_1_2_217_0,0.30425,0.29585,0.2611,0.2523,0.115,0.1556,0.1517,0.1814,0.2028,0.2009,0.2636,0.2563,6,6,-0.33457616,-0.23981142,0.071585804,0.071629085,0.1303602,0.12117235,-0.26944378,-0.17112178,13.051398184151498,77.41200519865032,3717.0,Bengaluru,8,"{""type"":""MultiPoint"",""coordinates"":[]}",-10.130883377920481,-17.167909033647643,-7.446035303071562,-9.833218578559752
1_1_1_1_2_218_0_1_1_1_1_2_218_0,0.411,0.35285,0.319,0.27625,0.07145,0.07065,0.1165,0.0994,0.1841,0.1485,0.28065,0.22385,5,5,-0.5582938,-0.5604201,0.18846238,0.22368649,0.2077461,0.20236337,-0.41331992,-0.38499615,12.945396980625397,77.36556229846134,3718.0,Bengaluru,8,"{""type"":""MultiPoint"",""coordinates"":[]}",-10.40103444158628,-17.714787876543422,-10.850077538895528,-17.94073208808904
1_1_1_1_2_219_0_1_1_1_1_2_219_0,0.2607,0.20635,0.16645,0.16375,0.04195,0.05395,0.0745,0.06515,0.09345,0.08205,0.2639,0.13605,4,5,-0.55548924,-0.52007365,-0.006099886,0.20531543,0.47698334,0.24759285,-0.5596927,-0.3523857,13.140600891864564,77.75147854451909,3719.0,Bengaluru,8,"{""type"":""MultiPoint"",""coordinates"":[]}",-10.419509543895824,-17.041035732319973,-9.500132016845534,-17.15539895651491
1_1_1_1_2_220_0_1_1_1_1_2_220_0,0.29495,0.3035,0.20735,0.20105,0.03395,0.0542,0.051,0.0833,0.07135,0.0903,0.1903,0.30135,1,4,-0.7051597,-0.56928647,0.21566203,0.0035546003,0.45461494,0.538874,-0.5772897,-0.566879,13.13386352723367,77.45952607718024,3720.0,Bengaluru,8,"{""type"":""MultiPoint"",""coordinates"":[]}",-9.736458338501887,-18.202627168017308,-8.708789857841841,-16.87052555073483
1_1_1_1_2_221_0_1_1_1_1_2_221_0,0.3135,0.33155,0.2341,0.2347,0.06765,0.07635,0.0997,0.1059,0.1266,0.1427,0.23635,0.2663,6,6,-0.517425,-0.5158304,0.14031099,0.10914109,0.30238324,0.3022005,-0.4066359,-0.4309511,12.79654613804679,77.76189900181488,3721.0,Bengaluru,8,"{""type"":""MultiPoint"",""coordinates"":[]}",-10.220451569812427,-15.758734365875824,-9.402629360083562,-16.202684827798613
1_1_1_1_2_222_0_1_1_1_1_2_222_0,0.24805,0.2992,0.20295,0.24125,0.07225,0.1097,0.1015,0.151,0.14055,0.20035,0.19365,0.2391,5,5,-0.41925332,-0.32918704,0.12316052,0.11164778,0.1588869,0.0881784,-0.31221414,-0.22583953,12.998217919331625,77.74824460949625,3722.0,Bengaluru,8,"{""type"":""MultiPoint"",""coordinates"":[]}",-6.686078931678883,-12.248355693880875,-6.479444394798399,-13.18746456447641
1_1_1_1_2_223_0_1_1_1_1_2_223_0,0.15415,0.3604,0.13855,0.30475,0.0807,0.1285,0.1039,0.1646,0.1116,0.19625,0.159,0.2846,6,6,-0.1947297,-0.37295237,-0.015487785,0.11751938,0.1751663,0.18373713,-0.2095854,-0.26714158,12.92302893005082,77.47713305674898,3723.0,Bengaluru,8,"{""type"":""MultiPoint"",""coordinates"":[]}",-1.5771971618238878,-15.681915671789458,-1.1112639178160717,-15.338139592724978
1_1_1_1_2_224_0_1_1_1_1_2_224_0,0.36305,0.30415,0.27665,0.2119,0.0609,0.05915,0.0953,0.0777,0.1544,0.1062,0.27275,0.21175,5,1,-0.58416057,-0.5930339,0.1420258,0.17910448,0.27706894,0.33197042,-0.4821356,-0.46311972,13.105566595783904,77.68383540362488,3724.0,Bengaluru,8,"{""type"":""MultiPoint"",""coordinates"":[]}",-12.047088992597617,-18.129067310989097,-10.953399276711036,-16.73726467309119
1_1_1_1_2_225_0_1_1_1_1_2_225_0,0.3443,0.32415,0.25635,0.24115,0.084,0.1064,0.1251,0.144,0.1606,0.1834,0.31525,0.288,6,6,-0.46697912,-0.38481256,0.044045184,0.059054155,0.32499737,0.22189224,-0.4318156,-0.33333334,13.081671409226326,77.53184045755187,3725.0,Bengaluru,8,"{""type"":""MultiPoint"",""coordinates"":[]}",-9.594576501162393,-15.810220110073816,-6.83129857159712,-15.211849673410768
1_1_1_1_2_226_0_1_1_1_1_2_226_0,0.22265,0.2303,0.15115,0.16515,0.0289,0.0507,0.04745,0.0684,0.053,0.07665,0.1914,0.1753,5,1,-0.6486486,-0.5420154,0.07547398,0.13560158,0.5662848,0.39154595,-0.6026795,-0.4386541,12.873262263310597,77.50120790636339,3726.0,Bengaluru,8,"{""type"":""MultiPoint"",""coordinates"":[]}",-9.675130025775909,-15.66516002736953,-8.99990974661095,-16.37594486804526
1_1_1_1_2_227_0_1_1_1_1_2_227_0,0.1715,0.1683,0.1553,0.14985,0.0492,0.06405,0.0656,0.0818,0.0838,0.0776,0.14705,0.1477,6,6,-0.446647,-0.34586164,0.07675404,0.065189876,0.27398744,0.31114072,-0.38302374,-0.28714597,12.919974658084811,77.56921037337123,3727.0,Bengaluru,8,"{""type"":""MultiPoint"",""coordinates"":[]}",-6.0449162826682725,-15.415885636423228,-5.420495146545685,-14.981367287102413
1_1_1_1_2_228_0_1_1_1_1_2_228_0,0.3074,0.2623,0.29265,0.23505,0.1095,0.105,0.1529,0.1354,0.1926,0.158,0.22035,0.2028,6,6,-0.33565065,-0.31908473,0.16494553,0.12792948,0.06719942,0.124168515,-0.18070997,-0.19929036,12.81217682399047,77.6748522507837,3728.0,Bengaluru,8,"{""type"":""MultiPoint"",""coordinates"":[]}",5.174659042588601,-19.91869884492415,3.6292180088414687,-18.60401000598615
1_1_1_1_2_229_0_1_1_1_1_2_229_0,0.3103,0.3273,0.2156,0.2494,0.0365,0.06215,0.05655,0.0906,0.07865,0.1216,0.2095,0.2385,4,4,-0.6916996,-0.56640345,0.19392073,0.15694591,0.45410377,0.32463205,-0.5748919,-0.4494075,12.851163707321255,77.75650911011016,3729.0,Bengaluru,8,"{""type"":""MultiPoint"",""coordinates"":[]}",-11.101333039275216,-19.872847921228686,-8.447572684835372,-14.47679189011463
1_1_1_1_2_230_0_1_1_1_1_2_230_0,0.3035,0.32195,0.22805,0.2428,0.03535,0.053,0.0597,0.0761,0.08035,0.1073,0.203,0.19515,5,5,-0.6712555,-0.61763597,0.19842054,0.24521369,0.4328569,0.29046124,-0.54548913,-0.438894,12.977107510154813,77.45081241892429,3730.0,Bengaluru,8,"{""type"":""MultiPoint"",""coordinates"":[]}",-10.868643168733973,-15.568712091081478,-11.970740800631006,-18.59786569686434
1_1_1_1_2_231_0_1_1_1_1_2_231_0,0.28325,0.33175,0.2035,0.24365,0.04315,0.0566,0.0671,0.08075,0.101,0.1141,0.2413,0.2419,5,5,-0.61695445,-0.60848486,0.07997331,0.15662861,0.40987438,0.35898876,-0.56485087,-0.49945763,13.148955224006878,77.78812980811117,3731.0,Bengaluru,8,"{""type"":""MultiPoint"",""coordinates"":[]}",-12.675267207294258,-17.226137500672,-12.02788277858196,-18.71132027263205
1_1_1_1_2_232_0_1_1_1_1_2_232_0,0.2158,0.2046,0.18545,0.15965,0.1235,0.1154,0.165,0.1363,0.19105,0.15135,0.2201,0.18315,6,6,-0.13340336,-0.20035201,-0.009864648,0.05531915,0.07065548,0.09506726,-0.14307971,-0.14665832,13.0694543213623,77.6186177139978,3732.0,Bengaluru,8,"{""type"":""MultiPoint"",""coordinates"":[]}",-6.725715627823943,-12.788856750650941,-6.3089046994037945,-11.102453589752855
1_1_1_1_2_233_0_1_1_1_1_2_233_0,0.23425,0.17495,0.1485,0.11255,0.03375,0.05525,0.0558,0.0718,0.0712,0.06265,0.2372,0.22485,1,1,-0.6152387,-0.41803443,-0.0062572914,-0.12481241,0.538262,0.56417394,-0.6191126,-0.51592785,12.886647161043978,77.68365574056807,3733.0,Bengaluru,8,"{""type"":""MultiPoint"",""coordinates"":[]}",-8.580937084317776,-13.76831578116138,-9.571811970593874,-16.052692806478447
1_1_1_1_2_234_0_1_1_1_1_2_234_0,0.4617,0.4336,0.36785,0.379,0.1375,0.1741,0.1962,0.2235,0.25625,0.2813,0.3312,0.3191,6,6,-0.40355676,-0.31973824,0.1645857,0.15211904,0.12758532,0.062958024,-0.25597268,-0.17618872,12.866435067151288,77.69183040965355,3734.0,Bengaluru,8,"{""type"":""MultiPoint"",""coordinates"":[]}",-12.135093109723318,-20.919592632249334,-1.6138882670145105,-12.927475589041109
1_1_1_1_2_235_0_1_1_1_1_2_235_0,0.3135,0.3819,0.2169,0.26875,0.057,0.0635,0.0801,0.0887,0.12835,0.1193,0.27765,0.2185,1,4,-0.5929878,-0.6230344,0.060644507,0.2721519,0.367734,0.2936649,-0.5522013,-0.42252603,13.128024477886893,77.67709803899399,3735.0,Bengaluru,8,"{""type"":""MultiPoint"",""coordinates"":[]}",-11.404260459085053,-16.26696508522543,-10.99320657828347,-16.750621967484584
1_1_1_1_2_236_0_1_1_1_1_2_236_0,0.3816,0.3453,0.26285,0.25955,0.06635,0.0988,0.1051,0.1513,0.1432,0.2061,0.3151,0.26595,5,5,-0.5681118,-0.39065647,0.09544998,0.12981595,0.37508184,0.12678741,-0.49976203,-0.27477533,13.120658292557112,77.74501067447343,3736.0,Bengaluru,8,"{""type"":""MultiPoint"",""coordinates"":[]}",-9.858771667413487,-17.844070009707085,-9.440743551023857,-19.311604752958704
1_1_1_1_2_237_0_1_1_1_1_2_237_0,0.3777,0.3237,0.3106,0.2378,0.0688,0.06965,0.1134,0.1087,0.19425,0.15705,0.2681,0.30485,5,6,-0.5381796,-0.49722478,0.16971199,0.029989658,0.15972748,0.31998268,-0.40550458,-0.47430784,12.906320265766196,77.40490850790577,3737.0,Bengaluru,8,"{""type"":""MultiPoint"",""coordinates"":[]}",-7.921386786882651,-18.574002355856667,-9.172454663148974,-17.202045188390386
1_1_1_1_2_238_0_1_1_1_1_2_238_0,0.25385,0.2698,0.2163,0.22865,0.1069,0.1034,0.1298,0.1438,0.1452,0.1438,0.25915,0.32125,6,6,-0.32334158,-0.30464217,-0.010331384,-0.08704847,0.2818103,0.38157186,-0.33256203,-0.38157186,12.914674597908506,77.62212114360588,3738.0,Bengaluru,8,"{""type"":""MultiPoint"",""coordinates"":[]}",-7.909554207417705,-14.8430805498369,-6.420189181257493,-13.95407075397064
1_1_1_1_2_239_0_1_1_1_1_2_239_0,0.2272,0.23705,0.1783,0.1672,0.0635,0.0898,0.09225,0.1164,0.1025,0.1238,0.2422,0.2867,6,6,-0.42244482,-0.34134954,-0.03195569,-0.094797134,0.40527996,0.39683312,-0.44834805,-0.4224758,12.992289038456434,77.64314172125428,3739.0,Bengaluru,8,"{""type"":""MultiPoint"",""coordinates"":[]}",-5.765539945242981,-14.250051441739517,-4.8563626921866465,-13.42105754855778
1_1_1_1_2_240_0_1_1_1_1_2_240_0,0.3064,0.3002,0.2161,0.2148,0.0649,0.076,0.1071,0.1124,0.1023,0.12505,0.3638,0.3408,6,6,-0.48198307,-0.45516238,-0.08564608,-0.06333853,0.5610384,0.4631319,-0.5451264,-0.50397176,12.770674657864149,77.69335754563656,3740.0,Bengaluru,8,"{""type"":""MultiPoint"",""coordinates"":[]}",-8.546076079934743,-15.356706697464457,-7.88334153611118,-15.263632497524142
1_1_1_1_2_241_0_1_1_1_1_2_241_0,0.36755,0.30485,0.27085,0.2162,0.07485,0.0822,0.1146,0.1137,0.1688,0.1418,0.26695,0.27065,6,6,-0.52462924,-0.45669574,0.15855004,0.059426587,0.22524384,0.3124015,-0.39929235,-0.40835175,13.075652696822726,77.49770447675533,3741.0,Bengaluru,8,"{""type"":""MultiPoint"",""coordinates"":[]}",-9.530823628475174,-17.171246622637707,-8.29760667449349,-14.06549860276109
1_1_1_1_2_242_0_1_1_1_1_2_242_0,0.15565,0.2732,0.0915,0.18745,0.04805,0.0615,0.0937,0.0807,0.09405,0.11025,0.18785,0.19175,4,1,-0.24844596,-0.543939,-0.0937409,0.17518012,0.3327421,0.26986754,-0.33439887,-0.40759772,13.137366956841737,77.70853907393817,3742.0,Bengaluru,8,"{""type"":""MultiPoint"",""coordinates"":[]}",-10.749925558123143,-17.5214649754271,-11.494793296943797,-17.341252863215306
1_1_1_1_2_243_0_1_1_1_1_2_243_0,0.39915,0.4039,0.3888,0.3945,0.1767,0.1763,0.2274,0.2308,0.2807,0.2755,0.3111,0.3123,6,7,-0.27412018,-0.27272728,0.123970434,0.12789723,0.051368706,0.06260633,-0.15543175,-0.15006444,12.948541084119812,77.66721657086867,3743.0,Bengaluru,8,"{""type"":""MultiPoint"",""coordinates"":[]}",-14.734158630863918,-17.22638180796477,-14.973784989799633,-16.45212392632369
1_1_1_1_2_244_0_1_1_1_1_2_244_0,0.28785,0.3097,0.2325,0.2674,0.08795,0.1669,0.1245,0.1932,0.13915,0.2072,0.26385,0.2634,6,6,-0.39614406,-0.23165639,0.043501902,0.080788694,0.3094293,0.11942201,-0.3588258,-0.15374507,12.858440061122623,77.78525519920198,3744.0,Bengaluru,8,"{""type"":""MultiPoint"",""coordinates"":[]}",-5.051069890314669,-15.157462808641975,-3.5850184268807936,-13.413755689188392
1_1_1_1_2_245_0_1_1_1_1_2_245_0,0.2513,0.2742,0.2001,0.20335,0.03685,0.0591,0.0568,0.0743,0.0828,0.10135,0.17365,0.17145,5,5,-0.6312885,-0.5736011,0.18272738,0.2305621,0.3542601,0.2569648,-0.5070514,-0.39532045,13.088588436914046,77.45745995202677,3745.0,Bengaluru,8,"{""type"":""MultiPoint"",""coordinates"":[]}",-9.639830203415663,-16.688636055421533,-10.448417884524666,-17.33181586986595
1_1_1_1_2_246_0_1_1_1_1_2_246_0,0.26495,0.33905,0.18745,0.31255,0.0357,0.08955,0.0565,0.1229,0.08835,0.1559,0.18875,0.20945,6,6,-0.6484679,-0.4679078,0.16795239,0.23628077,0.36232406,0.14657179,-0.53924567,-0.26041824,12.837599146531051,77.69120158895467,3746.0,Bengaluru,8,"{""type"":""MultiPoint"",""coordinates"":[]}",-9.797195535146098,-16.63483673747845,-10.467715526506007,-19.995245345104312
1_1_1_1_2_247_0_1_1_1_1_2_247_0,0.20605,0.21475,0.16525,0.1425,0.1148,0.05365,0.1283,0.07965,0.1312,0.09255,0.3174,0.36045,6,6,-0.23254076,-0.45889947,-0.21272328,-0.2533032,0.4150691,0.5913907,-0.4242764,-0.6380368,12.967585368143146,77.6343382314699,3747.0,Bengaluru,8,"{""type"":""MultiPoint"",""coordinates"":[]}",-8.653840921807895,-13.687826983793986,-8.819682629522882,-15.668287820979687
1_1_1_1_2_248_0_1_1_1_1_2_248_0,0.3421,0.33605,0.2612,0.26645,0.0817,0.08105,0.1098,0.1152,0.1464,0.1511,0.23185,0.22595,6,6,-0.5140518,-0.48941827,0.1920899,0.19590747,0.22590879,0.19851479,-0.35723695,-0.32463726,12.80984120425176,77.75740742539428,3748.0,Bengaluru,8,"{""type"":""MultiPoint"",""coordinates"":[]}",-12.86784647428479,-19.17535918702341,-11.85717063895205,-17.49322179529139
1_1_1_1_2_249_0_1_1_1_1_2_249_0,0.18855,0.18245,0.11375,0.11555,0.02815,0.03825,0.06125,0.0548,0.0541,0.0519,0.2462,0.1477,1,6,-0.5096077,-0.53804004,-0.13260494,0.10525519,0.6396936,0.4799599,-0.60156125,-0.45876542,12.892396378862342,77.41640694354251,3749.0,Bengaluru,8,"{""type"":""MultiPoint"",""coordinates"":[]}",-7.534319262809991,-15.31577445359775,-7.964468950966906,-16.1206508886678
1_1_1_1_2_250_0_1_1_1_1_2_250_0,0.1768,0.1779,0.1118,0.12995,0.0223,0.04205,0.0377,0.0515,0.0426,0.0583,0.16675,0.1306,1,1,-0.6484848,-0.5510026,0.029253384,0.15332253,0.59302604,0.3827422,-0.6312057,-0.43437672,12.918896679743868,77.66146735305031,3750.0,Bengaluru,8,"{""type"":""MultiPoint"",""coordinates"":[]}",-8.234307866636579,-14.272562049703389,-7.295481985758377,-13.085754595679692
1_1_1_1_2_251_0_1_1_1_1_2_251_0,0.04005,0.02475,0.0301,0.02095,0.0111,0.0409,0.02335,0.0758,0.01275,0.04275,0.0497,0.04495,0,0,-0.26340693,0.5077076,-0.10752089,-0.2898135,0.5916733,0.025085518,-0.36071184,0.25548655,12.890330253708868,77.58735634211045,3751.0,Bengaluru,8,"{""type"":""MultiPoint"",""coordinates"":[]}",-13.89806082298669,-20.509032742919842,-17.984461280449356,-25.352712832532355
1_1_1_1_2_252_0_1_1_1_1_2_252_0,0.3718,0.29525,0.28205,0.2186,0.0725,0.05275,0.1115,0.0735,0.1731,0.0985,0.2707,0.20965,4,6,-0.5385889,-0.6013559,0.15735409,0.16953853,0.21991888,0.36070096,-0.41653585,-0.48084053,13.064603418828057,77.75498197412716,3752.0,Bengaluru,8,"{""type"":""MultiPoint"",""coordinates"":[]}",-10.762649356177956,-19.077476794767986,-9.720098235306258,-16.46398465983482
1_1_1_1_2_253_0_1_1_1_1_2_253_0,0.233,0.3188,0.13805,0.23405,0.03405,0.0781,0.0657,0.1193,0.0771,0.1652,0.26815,0.2448,1,4,-0.56009376,-0.4553755,-0.07013868,0.1312988,0.55336714,0.19414634,-0.6064101,-0.34468552,12.812086992462056,77.52186915789814,3753.0,Bengaluru,8,"{""type"":""MultiPoint"",""coordinates"":[]}",-8.84789504181864,-14.940093190844701,-8.602310006901396,-15.605307815012834
1_1_1_1_2_254_0_1_1_1_1_2_254_0,0.1906,0.1972,0.1156,0.12185,0.0273,0.038,0.05025,0.0624,0.054,0.06365,0.2387,0.2283,1,1,-0.58272785,-0.5192604,-0.11204286,-0.07309048,0.6310215,0.56396645,-0.65218896,-0.5706914,12.901379531703538,77.42844436834972,3754.0,Bengaluru,8,"{""type"":""MultiPoint"",""coordinates"":[]}",-8.52351653403953,-15.240248842328072,-7.481242020756728,-15.71978847489288
1_1_1_1_2_255_0_1_1_1_1_2_255_0,0.33375,0.32245,0.2527,0.2745,0.1029,0.1441,0.127,0.1881,0.16095,0.2325,0.23535,0.2784,6,6,-0.4487249,-0.2631476,0.17290458,0.073312804,0.18773656,0.089841455,-0.2990203,-0.19356914,13.096673274471122,77.53327776200646,3755.0,Bengaluru,8,"{""type"":""MultiPoint"",""coordinates"":[]}",-8.472084327426819,-15.320197299993572,-9.007460846115201,-16.79353044887225
1_1_1_1_2_256_0_1_1_1_1_2_256_0,0.27805,0.3191,0.2007,0.23225,0.04185,0.06645,0.06335,0.09455,0.0776,0.1205,0.2393,0.24325,6,6,-0.6288811,-0.54285026,0.07490094,0.13488041,0.5102556,0.33745703,-0.58136463,-0.4402013,12.88440137283368,77.5110893744887,3756.0,Bengaluru,8,"{""type"":""MultiPoint"",""coordinates"":[]}",-9.947865900809168,-16.303551805291125,-9.287107278431613,-15.692420310053718
1_1_1_1_2_257_0_1_1_1_1_2_257_0,0.26925,0.3052,0.19815,0.2161,0.0613,0.0853,0.0998,0.1213,0.126,0.1646,0.26475,0.24465,6,6,-0.45915186,-0.43118405,0.008426966,0.110120945,0.3550864,0.19560172,-0.45247567,-0.3370679,13.019597823093669,77.62580423627077,3757.0,Bengaluru,8,"{""type"":""MultiPoint"",""coordinates"":[]}",-9.903471165671194,-15.773439256969032,-8.98784661780993,-16.09400679870154
1_1_1_1_2_258_0_1_1_1_1_2_258_0,0.2659,0.2837,0.1824,0.1905,0.04215,0.0647,0.0691,0.08705,0.0841,0.1059,0.27175,0.2764,4,4,-0.58746266,-0.5304113,-0.0108806845,0.013033387,0.5273289,0.44598484,-0.59454304,-0.5209795,13.098380073510947,77.41667643812774,3758.0,Bengaluru,8,"{""type"":""MultiPoint"",""coordinates"":[]}",-9.30503819366977,-15.34239595610149,-7.917272483384007,-14.837415370990275
1_1_1_1_2_259_0_1_1_1_1_2_259_0,0.0581,0.0633,0.0362,0.03815,0.0379,0.03,0.0827,0.0465,0.05305,0.0329,0.03115,0.04285,0,0,0.1747159,-0.15300547,0.3019608,0.19265191,-0.260095,0.13135314,0.45278877,0.040850587,13.044930314105835,77.58960213032076,3759.0,Bengaluru,8,"{""type"":""MultiPoint"",""coordinates"":[]}",-11.554575674092948,-19.11256819348518,-11.6901481974001,-18.45613834507002
1_1_1_1_2_260_0_1_1_1_1_2_260_0,0.2416,0.3069,0.18305,0.23695,0.0534,0.05795,0.0785,0.08645,0.0901,0.0929,0.21065,0.3016,6,6,-0.5095283,-0.5604423,0.0684356,0.008709943,0.40083125,0.52902406,-0.45702922,-0.5544389,12.755672792619352,77.370503032524,3760.0,Bengaluru,8,"{""type"":""MultiPoint"",""coordinates"":[]}",-9.623620233985339,-15.835739231624103,-10.044955646522693,-15.09554342421237
1_1_1_1_2_261_0_1_1_1_1_2_261_0,0.20365,0.2396,0.1619,0.20795,0.04055,0.117,0.0668,0.1407,0.07005,0.1624,0.19365,0.22625,6,6,-0.5060085,-0.26005784,0.025169896,0.028657293,0.46871445,0.16428663,-0.48704165,-0.23313802,13.007201072172816,77.54971693170585,3761.0,Bengaluru,8,"{""type"":""MultiPoint"",""coordinates"":[]}",-6.241769904267419,-15.329811851319677,-2.4745423266917044,-16.471382377456155
1_1_1_1_2_262_0_1_1_1_1_2_262_0,0.2562,0.25695,0.27,0.22805,0.1581,0.1197,0.1892,0.154,0.1943,0.17825,0.2326,0.2155,6,6,-0.15042658,-0.2505171,0.048281506,0.087734155,0.08971656,0.09460317,-0.10289237,-0.16644114,13.023280915758557,77.71168317743259,3762.0,Bengaluru,8,"{""type"":""MultiPoint"",""coordinates"":[]}",-4.10866074693829,-7.067444859577616,-2.625269186809622,-11.983405819750061
1_1_1_1_2_263_0_1_1_1_1_2_263_0,0.184,0.1762,0.1305,0.1178,0.03955,0.04465,0.08305,0.07855,0.1082,0.0711,0.23445,0.2773,6,6,-0.3780191,-0.38331696,-0.120563984,-0.22293274,0.36845177,0.59184843,-0.4768504,-0.55852187,12.965609074518085,77.60810742517361,3763.0,Bengaluru,8,"{""type"":""MultiPoint"",""coordinates"":[]}",-7.349909926771874,-12.446487421848385,-6.474709035550081,-13.933757584536439
1_1_1_1_2_264_0_1_1_1_1_2_264_0,0.2283,0.29665,0.12605,0.2544,0.03735,0.1359,0.07335,0.1652,0.0552,0.18835,0.37405,0.2373,4,6,-0.5136748,-0.28461623,-0.24196896,0.11115273,0.7428072,0.11500059,-0.6721055,-0.17913043,13.06855600607818,77.77726019317332,3764.0,Bengaluru,8,"{""type"":""MultiPoint"",""coordinates"":[]}",-8.021682595937648,-14.892811419131451,-7.934086524145274,-15.062155861546563
1_1_1_1_2_265_0_1_1_1_1_2_265_0,0.2462,0.2044,0.23695,0.18205,0.0929,0.08715,0.1266,0.1113,0.1517,0.1314,0.1801,0.15425,6,6,-0.32081544,-0.2949002,0.15505512,0.13982992,0.08559373,0.079993,-0.17443757,-0.16173978,12.766093249915135,77.6410755961008,3765.0,Bengaluru,8,"{""type"":""MultiPoint"",""coordinates"":[]}",-9.627827286479963,-9.447655322084339,-7.479560678513213,-11.164060424568017
1_1_1_1_2_266_0_1_1_1_1_2_266_0,0.11405,0.36855,0.08945,0.2932,0.0226,0.1158,0.03635,0.1532,0.03295,0.1922,0.0311,0.27395,6,6,-0.51662236,-0.41274557,0.5714778,0.14723736,-0.028883684,0.17537273,0.07783543,-0.28268757,13.085264670362804,77.62885850823677,3766.0,Bengaluru,8,"{""type"":""MultiPoint"",""coordinates"":[]}",-11.722315616756823,-19.154648420087334,-8.852034147081417,-17.237404443743507
1_1_1_1_2_267_0_1_1_1_1_2_267_0,0.29515,0.27375,0.2525,0.22715,0.06705,0.0928,0.1037,0.1168,0.1493,0.1634,0.24145,0.25795,6,6,-0.48000503,-0.40186915,0.100074545,0.029716006,0.23582853,0.22439776,-0.39910185,-0.3766511,12.95985985669972,77.75093955534862,3767.0,Bengaluru,8,"{""type"":""MultiPoint"",""coordinates"":[]}",-9.443249102994283,-16.066435448389228,-8.888342303344643,-15.108377089200877
1_1_1_1_2_268_0_1_1_1_1_2_268_0,0.29255,0.277,0.18835,0.2169,0.04255,0.07455,0.07265,0.0895,0.08935,0.1149,0.2677,0.2239,4,5,-0.60213584,-0.5115962,0.0443552,0.106009185,0.49950987,0.32172373,-0.5730865,-0.42884493,12.755223634977291,77.72102565638744,3768.0,Bengaluru,8,"{""type"":""MultiPoint"",""coordinates"":[]}",-9.22042141072237,-14.952596677394466,-9.122034058338611,-16.09707434545971
1_1_1_1_2_269_0_1_1_1_1_2_269_0,0.39105,0.3604,0.2854,0.3058,0.07525,0.1273,0.1135,0.1577,0.16445,0.19655,0.2733,0.245,5,6,-0.5500941,-0.3912372,0.17724091,0.19061777,0.24865791,0.1097271,-0.4131334,-0.21678668,13.089576583726576,77.43688853202043,3769.0,Bengaluru,8,"{""type"":""MultiPoint"",""coordinates"":[]}",-6.476986067830886,-15.28990797902311,-5.358204345877312,-15.638469802282454
1_1_1_1_2_270_0_1_1_1_1_2_270_0,0.3277,0.33825,0.259,0.23755,0.06285,0.06445,0.0994,0.0953,0.12805,0.1171,0.2768,0.30615,5,6,-0.5345352,-0.56037366,0.08420182,0.04981378,0.36742002,0.44666272,-0.47155768,-0.52522105,12.941444393375267,77.4704855236465,3770.0,Bengaluru,8,"{""type"":""MultiPoint"",""coordinates"":[]}",-11.156101473294484,-17.608193982718987,-9.034548217128316,-16.18746444495928
1_1_1_1_2_271_0_1_1_1_1_2_271_0,0.2003,0.2582,0.12555,0.17755,0.0343,0.0505,0.05225,0.0698,0.063,0.08505,0.21575,0.1908,1,1,-0.58622056,-0.57439023,-0.03713496,0.15011136,0.54798204,0.38336053,-0.61007464,-0.46431312,12.783969724069117,77.56561711223476,3771.0,Bengaluru,8,"{""type"":""MultiPoint"",""coordinates"":[]}",-8.182854918616542,-13.924902908473287,-8.071343295397506,-14.343686161282431
1_1_1_1_2_272_0_1_1_1_1_2_272_0,0.28665,0.3221,0.20005,0.2287,0.0486,0.06685,0.0779,0.09075,0.1045,0.12455,0.2288,0.21465,5,5,-0.5726238,-0.560373,0.11223203,0.20018631,0.3729373,0.265625,-0.49201173,-0.40569744,13.013040121519596,77.35334521059731,3772.0,Bengaluru,8,"{""type"":""MultiPoint"",""coordinates"":[]}",-9.047493892004697,-14.307926375394848,-9.144483672341337,-14.645091449778821
1_1_1_1_2_273_0_1_1_1_1_2_273_0,0.21995,0.18935,0.17465,0.14645,0.0645,0.06015,0.0956,0.0737,0.1199,0.08505,0.2009,0.17375,6,6,-0.39407384,-0.43965027,0.045265533,0.04296337,0.25249377,0.3427357,-0.35514334,-0.4043241,12.901110037118302,77.58160712429209,3773.0,Bengaluru,8,"{""type"":""MultiPoint"",""coordinates"":[]}",-6.220166211242536,-15.375253397621137,-5.763271433127436,-13.631386306942728
1_1_1_1_2_274_0_1_1_1_1_2_274_0,0.2448,0.25675,0.16085,0.19265,0.02805,0.05345,0.0459,0.06815,0.05295,0.07945,0.21615,0.16375,6,6,-0.68421054,-0.5804863,0.06215425,0.22116528,0.606466,0.34662828,-0.6496852,-0.41224664,12.87200462191283,77.79917908610584,3774.0,Bengaluru,8,"{""type"":""MultiPoint"",""coordinates"":[]}",-9.304321364361204,-14.873497139879229,-10.452654154438765,-15.999924189465515
1_1_1_1_2_275_0_1_1_1_1_2_275_0,0.24015,0.23815,0.22615,0.2188,0.1077,0.1557,0.1463,0.1782,0.1703,0.19295,0.2205,0.2095,6,6,-0.2428516,-0.14398943,0.042657115,0.0640009,0.12845445,0.041123122,-0.20229007,-0.080732524,13.047894754543432,77.51001139614776,3775.0,Bengaluru,8,"{""type"":""MultiPoint"",""coordinates"":[]}",-6.233937762532187,-15.299888411258305,-4.445460759237524,-13.91208951773989
1_1_1_1_2_276_0_1_1_1_1_2_276_0,0.3096,0.48055,0.21145,0.3897,0.03005,0.1361,0.0575,0.1964,0.0778,0.2629,0.2277,0.35485,5,5,-0.68673384,-0.41975036,0.1524288,0.15046684,0.49067104,0.14884663,-0.5967742,-0.28743765,13.057327065026689,77.75067006076338,3776.0,Bengaluru,8,"{""type"":""MultiPoint"",""coordinates"":[]}",-9.7255105348392,-14.911903641411847,-11.092300799862738,-19.192136888742837
1_1_1_1_2_277_0_1_1_1_1_2_277_0,0.2968,0.29385,0.23025,0.22715,0.04675,0.07265,0.0704,0.0961,0.10835,0.1303,0.1815,0.2053,4,4,-0.6165577,-0.5071163,0.24106209,0.17740159,0.2523719,0.22348033,-0.44104803,-0.36230922,12.84065341849706,77.57109683546788,3777.0,Bengaluru,8,"{""type"":""MultiPoint"",""coordinates"":[]}",-10.962602858038684,-16.002663985019076,-9.31083562321015,-17.36272257290978
1_1_1_1_2_278_0_1_1_1_1_2_278_0,0.3407,0.27345,0.269,0.23025,0.09315,0.1064,0.1457,0.1418,0.18735,0.164,0.3036,0.26775,6,6,-0.4009046,-0.31703794,0.05758187,0.010532151,0.23678583,0.2403011,-0.35143557,-0.30753267,13.017531697940193,77.71815104747826,3778.0,Bengaluru,8,"{""type"":""MultiPoint"",""coordinates"":[]}",-11.379357675367466,-16.92773964347437,-9.120969126395938,-16.945788522661502
1_1_1_1_2_279_0_1_1_1_1_2_279_0,0.265,0.23505,0.1926,0.19835,0.0577,0.0606,0.0875,0.08645,0.1107,0.09255,0.2477,0.2281,6,6,-0.5035461,-0.4622084,0.03374293,0.015005938,0.38225445,0.42273507,-0.47792363,-0.45032588,12.901828689345598,77.5336370881201,3779.0,Bengaluru,8,"{""type"":""MultiPoint"",""coordinates"":[]}",-7.353364642244646,-14.265098530083948,-6.340904137631566,-14.100885072199317
1_1_1_1_2_280_0_1_1_1_1_2_280_0,0.2584,0.21275,0.2077,0.16005,0.03345,0.0407,0.05155,0.0587,0.05275,0.0596,0.22635,0.19875,6,6,-0.66736573,-0.5675078,0.06611656,0.034021873,0.62199926,0.5386104,-0.6290032,-0.5439891,12.959590362114485,77.4359003852079,3780.0,Bengaluru,8,"{""type"":""MultiPoint"",""coordinates"":[]}",-7.98767762172687,-13.801574928245415,-7.962242041003396,-13.64854629010241
1_1_1_1_2_281_0_1_1_1_1_2_281_0,0.1596,0.16235,0.09555,0.09265,0.01055,0.0285,0.0347,0.0485,0.03815,0.0477,0.1895,0.20575,1,1,-0.64282036,-0.53995734,-0.08564881,-0.11790274,0.66483635,0.6235944,-0.69045496,-0.61848575,12.94108506726162,77.63999761775986,3781.0,Bengaluru,8,"{""type"":""MultiPoint"",""coordinates"":[]}",-9.984984879663461,-15.471503810586109,-8.779888390873264,-13.742479265101862
1_1_1_1_2_282_0_1_1_1_1_2_282_0,0.3121,0.3213,0.2182,0.22045,0.0634,0.06245,0.10135,0.09705,0.1411,0.12565,0.2842,0.2581,6,6,-0.50973517,-0.5360344,0.04678853,0.109078355,0.33646837,0.34514657,-0.47425756,-0.45347038,12.930574778437425,77.66649791864138,3782.0,Bengaluru,8,"{""type"":""MultiPoint"",""coordinates"":[]}",-10.435357144982785,-15.558167860750663,-8.895236537324767,-14.372468461880159
1_1_1_1_2_283_0_1_1_1_1_2_283_0,0.17125,0.18515,0.1171,0.124,0.02045,0.0368,0.0373,0.0571,0.0412,0.057,0.13095,0.1866,6,6,-0.642292,-0.52858615,0.1333554,-0.0039004707,0.52134764,0.5320197,-0.5566122,-0.5313911,12.983216054086826,77.66389280431744,3783.0,Bengaluru,8,"{""type"":""MultiPoint"",""coordinates"":[]}",-11.798304987600526,-13.208890173724102,-10.727137817301857,-16.5225854155514
1_1_1_1_2_284_0_1_1_1_1_2_284_0,0.3648,0.4002,0.28355,0.33465,0.0649,0.0916,0.09545,0.1368,0.15355,0.2205,0.24635,0.287,6,6,-0.5852254,-0.4905028,0.19381493,0.16472642,0.23205802,0.13103448,-0.44148624,-0.35441247,13.029658954275805,77.43715802660567,3784.0,Bengaluru,8,"{""type"":""MultiPoint"",""coordinates"":[]}",-11.386045136842588,-17.198676640595536,-6.162527260859201,-15.901295324836148
1_1_1_1_2_285_0_1_1_1_1_2_285_0,0.31805,0.3099,0.28265,0.28255,0.0937,0.1121,0.1201,0.1409,0.1419,0.164,0.24905,0.2388,6,6,-0.45178592,-0.37488908,0.12167166,0.12957901,0.27407596,0.1857001,-0.349316,-0.25783512,12.975490542643398,77.42583925402576,3785.0,Bengaluru,8,"{""type"":""MultiPoint"",""coordinates"":[]}",-7.917890682682684,-16.1798080851914,-5.879044965572296,-15.31341335500899
1_1_1_1_2_286_0_1_1_1_1_2_286_0,0.27965,0.38195,0.20305,0.28105,0.1024,0.1147,0.1412,0.1433,0.17735,0.18335,0.2525,0.2553,6,6,-0.32897708,-0.45435506,0.05101945,0.19874461,0.17482843,0.16402599,-0.28270257,-0.28098345,13.080323936300148,77.66793522309597,3786.0,Bengaluru,8,"{""type"":""MultiPoint"",""coordinates"":[]}",-9.80954578978298,-14.929037194998218,-8.286350240677574,-14.246152643576247
1_1_1_1_2_287_0_1_1_1_1_2_287_0,0.1894,0.2651,0.1097,0.17795,0.0165,0.0496,0.0404,0.0725,0.03935,0.0944,0.2274,0.22705,1,6,-0.6483899,-0.57049763,-0.091170825,0.077313825,0.7049672,0.41266137,-0.6982823,-0.5159406,12.873711420952656,77.75067006076338,3787.0,Bengaluru,8,"{""type"":""MultiPoint"",""coordinates"":[]}",-9.543483182801173,-15.086654265307171,-8.773551872429463,-15.758419074233483
1_1_1_1_2_288_0_1_1_1_1_2_288_0,0.2443,0.2299,0.15905,0.1206,0.05385,0.05205,0.0862,0.0782,0.10195,0.07525,0.21995,0.3844,4,4,-0.4783661,-0.4923726,0.052450188,-0.2515058,0.36657348,0.67257696,-0.43687734,-0.66191095,13.003517979507928,77.77519406801984,3788.0,Bengaluru,8,"{""type"":""MultiPoint"",""coordinates"":[]}",-10.35924074964578,-15.2812681786601,-10.228413540633142,-14.580419702743887
1_1_1_1_2_289_0_1_1_1_1_2_289_0,0.1745,0.3605,0.0979,0.26855,0.0221,0.0733,0.04035,0.1024,0.04365,0.148,0.2488,0.2408,1,4,-0.6243891,-0.5575718,-0.17552564,0.19906868,0.7014874,0.23868313,-0.7209061,-0.4032634,13.055799929043683,77.36637078221705,3789.0,Bengaluru,8,"{""type"":""MultiPoint"",""coordinates"":[]}",-9.786084812238165,-14.999924003664598,-10.3375948644668,-16.650811983687223
1_1_1_1_2_290_0_1_1_1_1_2_290_0,0.286,0.3108,0.21525,0.2326,0.05125,0.0718,0.07985,0.0954,0.10785,0.1281,0.23675,0.23485,4,6,-0.5634823,-0.53028065,0.09421329,0.13919179,0.37405688,0.29411766,-0.49557802,-0.42225587,13.003967137149989,77.44146993996944,3790.0,Bengaluru,8,"{""type"":""MultiPoint"",""coordinates"":[]}",-9.634337067504319,-15.986292490831488,-8.462216100623131,-14.576807853877177
1_1_1_1_2_291_0_1_1_1_1_2_291_0,0.25275,0.2291,0.21545,0.20055,0.0928,0.0917,0.1251,0.1173,0.166,0.17175,0.2333,0.24085,6,6,-0.33783248,-0.32274827,0.040016457,-0.02500266,0.16854495,0.16747455,-0.30189732,-0.3449672,12.89140823204981,77.58367324944557,3791.0,Bengaluru,8,"{""type"":""MultiPoint"",""coordinates"":[]}",-4.736400818144232,-13.605015579906542,-4.140601845271116,-12.589827149367094
1_1_1_1_2_292_0_1_1_1_1_2_292_0,0.2348,0.36425,0.1495,0.2819,0.0249,0.05675,0.0401,0.08545,0.04315,0.1403,0.1942,0.22265,5,5,-0.70825756,-0.6199689,0.0946387,0.24126768,0.63640195,0.22689076,-0.6577038,-0.44530997,12.827717678405737,77.4532378701914,3792.0,Bengaluru,8,"{""type"":""MultiPoint"",""coordinates"":[]}",-6.500633181514407,-13.358009614862176,-7.997169268662837,-15.799146560153371
1_1_1_1_2_293_0_1_1_1_1_2_293_0,0.30585,0.3288,0.2173,0.24575,0.0564,0.07205,0.07725,0.1015,0.11,0.1458,0.2217,0.241,5,5,-0.59671104,-0.5282361,0.15951094,0.15408915,0.3367501,0.24612203,-0.48319116,-0.40729928,12.788371468961302,77.4967163299428,3793.0,Bengaluru,8,"{""type"":""MultiPoint"",""coordinates"":[]}",-10.158040914986985,-16.00525299651897,-9.25110572897059,-16.29374539106349
1_1_1_1_2_294_0_1_1_1_1_2_294_0,0.228,0.24405,0.19755,0.21225,0.1021,0.1014,0.1324,0.133,0.1481,0.15385,0.2134,0.23865,6,6,-0.26526082,-0.29452327,0.033076573,0.011187073,0.18063624,0.21605095,-0.23423944,-0.28427285,12.932730735119309,77.56453913389382,3794.0,Bengaluru,8,"{""type"":""MultiPoint"",""coordinates"":[]}",-3.4595577313752726,-14.882958028905103,-1.7765209810315206,-13.10197087298157
1_1_1_1_2_295_0_1_1_1_1_2_295_0,0.42315,0.3419,0.344,0.2793,0.08965,0.112,0.1459,0.1407,0.20725,0.1718,0.33255,0.24495,6,6,-0.48721555,-0.4169084,0.11988884,0.16520405,0.232123,0.17552489,-0.39011392,-0.27032283,12.805439459359572,77.62445676334458,3795.0,Bengaluru,8,"{""type"":""MultiPoint"",""coordinates"":[]}",-11.886192209859512,-16.31215074935413,-11.096414712239335,-17.524798895226343
1_1_1_1_2_296_0_1_1_1_1_2_296_0,0.24355,0.23285,0.2273,0.21965,0.09245,0.1358,0.1212,0.1427,0.1539,0.1565,0.1727,0.1753,6,6,-0.33543524,-0.24004793,0.17021021,0.14100209,0.05756277,0.056660637,-0.17522967,-0.10251572,12.995882299592912,77.67170814728928,3796.0,Bengaluru,8,"{""type"":""MultiPoint"",""coordinates"":[]}",-7.858476007992871,-12.69334254874636,-7.944179517548859,-10.85560075642981
1_1_1_1_2_297_0_1_1_1_1_2_297_0,0.4072,0.40325,0.3299,0.3759,0.064,0.131,0.1032,0.176,0.1846,0.2658,0.27705,0.3264,4,6,-0.5956113,-0.39231765,0.19020826,0.10532447,0.20025994,0.1023303,-0.45719922,-0.29936305,13.08508500730598,77.47901951884563,3797.0,Bengaluru,8,"{""type"":""MultiPoint"",""coordinates"":[]}",-12.605779915306208,-19.104076069149116,4.126664311625589,-17.102539962404645
1_1_1_1_2_298_0_1_1_1_1_2_298_0,0.1689,0.18365,0.097,0.1066,0.0171,0.03765,0.03695,0.05515,0.02275,0.03895,0.22925,0.22335,1,1,-0.64100075,-0.5381072,-0.15157604,-0.097543,0.8194444,0.7030118,-0.72238916,-0.6039497,12.761691505022952,77.76046169736028,3798.0,Bengaluru,8,"{""type"":""MultiPoint"",""coordinates"":[]}",-8.913348479017808,-13.370584722280636,-8.022846142916643,-14.111926137690778
1_1_1_1_2_299_0_1_1_1_1_2_299_0,0.2705,0.2246,0.2322,0.19645,0.0936,0.06655,0.121,0.0852,0.1441,0.0912,0.2252,0.14915,6,6,-0.38186464,-0.4499677,0.091385916,0.20187292,0.21960466,0.24110672,-0.3009821,-0.27288243,12.920693310312108,77.50713678723858,3799.0,Bengaluru,8,"{""type"":""MultiPoint"",""coordinates"":[]}",-7.7580057669043,-14.427872504639502,-10.350513531397747,-15.696371927529324
1_1_1_1_2_300_0_1_1_1_1_2_300_0,0.333,0.32555,0.2309,0.2196,0.0564,0.0571,0.0992,0.09445,0.1378,0.12995,0.2867,0.34735,4,4,-0.5409533,-0.5502381,0.07471357,-0.032397088,0.35076562,0.45547873,-0.48587716,-0.57243097,12.81594974818377,77.75543113176921,3800.0,Bengaluru,8,"{""type"":""MultiPoint"",""coordinates"":[]}",-11.708933715059743,-18.973912354844284,-10.632814014468874,-17.6590053087225
1_1_1_1_2_301_0_1_1_1_1_2_301_0,0.43455,0.35205,0.34275,0.2717,0.0848,0.08365,0.1279,0.1189,0.1939,0.1629,0.31855,0.27945,4,4,-0.54520404,-0.49506316,0.15403001,0.11496437,0.24324325,0.26347914,-0.4270355,-0.40303752,13.145182299813577,77.53902697982483,3801.0,Bengaluru,8,"{""type"":""MultiPoint"",""coordinates"":[]}",-11.24193756504287,-18.343829899890533,-10.455994897830347,-18.6580966701395
1_1_1_1_2_302_0_1_1_1_1_2_302_0,0.3281,0.27595,0.23585,0.1883,0.04935,0.0496,0.0798,0.0693,0.115,0.08735,0.23935,0.18355,6,6,-0.60872763,-0.59855175,0.15640144,0.20108815,0.35092422,0.35511258,-0.49992168,-0.45184892,12.778400169307575,77.70314918223346,3802.0,Bengaluru,8,"{""type"":""MultiPoint"",""coordinates"":[]}",-10.930081440941539,-17.47001715763804,-11.174595018577742,-16.64597896901199
1_1_1_1_2_303_0_1_1_1_1_2_303_0,0.2725,0.2929,0.26765,0.2461,0.147,0.1568,0.1993,0.1931,0.2203,0.2295,0.2393,0.2435,6,6,-0.15515049,-0.20534979,0.06486909,0.09209545,0.041340295,0.029598309,-0.09119927,-0.11543747,13.048433743713904,77.59750730482101,3803.0,Bengaluru,8,"{""type"":""MultiPoint"",""coordinates"":[]}",-5.874644884692948,-11.432031437112268,-4.361735913777719,-12.31372352134924
1_1_1_1_2_304_0_1_1_1_1_2_304_0,0.2798,0.33255,0.181,0.23215,0.048,0.05825,0.06995,0.0829,0.0903,0.10585,0.25055,0.2386,5,5,-0.6,-0.60091466,0.05515226,0.1644927,0.47014815,0.38539702,-0.56349456,-0.4842924,12.796276643461551,77.48369075832306,3804.0,Bengaluru,8,"{""type"":""MultiPoint"",""coordinates"":[]}",-8.924022978005272,-14.97265923382842,-8.976076086533903,-15.36655864985168
1_1_1_1_2_305_0_1_1_1_1_2_305_0,0.3465,0.28385,0.2634,0.2023,0.0699,0.062,0.1041,0.08395,0.14645,0.1067,0.2768,0.2447,4,1,-0.5379494,-0.5435019,0.11182416,0.07407057,0.307974,0.39271486,-0.45339984,-0.48912215,13.128743130114188,77.53606253938723,3805.0,Bengaluru,8,"{""type"":""MultiPoint"",""coordinates"":[]}",-11.199499622167647,-17.658747207899633,-10.204141903180574,-16.228887159191217
1_1_1_1_2_306_0_1_1_1_1_2_306_0,0.3238,0.2941,0.25035,0.22335,0.1167,0.0717,0.1589,0.1039,0.1976,0.11895,0.29445,0.30545,6,6,-0.34162006,-0.47788945,0.047472704,-0.018930865,0.19682959,0.43944392,-0.29899636,-0.49236596,12.871645295799182,77.53327776200646,3806.0,Bengaluru,8,"{""type"":""MultiPoint"",""coordinates"":[]}",-9.449022637052716,-16.20869962089626,-7.702412548237561,-14.727213660253522
1_1_1_1_2_307_0_1_1_1_1_2_307_0,0.22095,0.21545,0.21505,0.1933,0.08215,0.0705,0.1045,0.08385,0.11075,0.08785,0.1641,0.1852,6,6,-0.35781226,-0.43969262,0.14764316,0.075502306,0.19410588,0.3565281,-0.22189128,-0.37669578,12.909105043146964,77.57145616158154,3807.0,Bengaluru,8,"{""type"":""MultiPoint"",""coordinates"":[]}",-5.786134151078363,-16.262276588019915,-5.775513872113255,-14.780768925059872
1_1_1_1_2_308_0_1_1_1_1_2_308_0,0.4338,0.2804,0.301,0.21355,0.1166,0.08645,0.1714,0.1108,0.25965,0.1628,0.34175,0.21665,5,6,-0.4335757,-0.43353784,0.11868996,0.12825671,0.1365148,0.14191593,-0.3319692,-0.32325545,13.140600891864564,77.73611735316065,3808.0,Bengaluru,8,"{""type"":""MultiPoint"",""coordinates"":[]}",-13.525382293613982,-20.155972137351036,-11.84600324031039,-19.015256324756503
1_1_1_1_2_309_0_1_1_1_1_2_309_0,0.21355,0.2188,0.181,0.18925,0.0784,0.08465,0.09305,0.1018,0.1018,0.1093,0.1687,0.1701,6,6,-0.3930202,-0.36494073,0.11733159,0.125225,0.24731977,0.21760917,-0.28901625,-0.25119528,12.933988376517076,77.47704322522057,3809.0,Bengaluru,8,"{""type"":""MultiPoint"",""coordinates"":[]}",-10.925253474549859,-17.73981711785386,-8.026922041156487,-15.441175921110004
1_1_1_1_2_310_0_1_1_1_1_2_310_0,0.3358,0.40195,0.2271,0.30365,0.03745,0.076,0.06455,0.1168,0.08615,0.14575,0.22585,0.24945,5,6,-0.67753214,-0.54968673,0.19576249,0.23411115,0.4477564,0.26239878,-0.5554408,-0.3621843,12.8522416856622,77.6478129607317,3810.0,Bengaluru,8,"{""type"":""MultiPoint"",""coordinates"":[]}",-10.890349442335712,-16.964894699553724,-10.172676782894696,-17.94747295631317
1_1_1_1_2_311_0_1_1_1_1_2_311_0,0.31625,0.2718,0.232,0.1945,0.0627,0.0512,0.08365,0.0691,0.1136,0.091,0.2072,0.1627,5,5,-0.5816454,-0.5946025,0.20832935,0.2510932,0.29177058,0.28261727,-0.4247894,-0.40379637,12.945576643682218,77.39098462100192,3811.0,Bengaluru,8,"{""type"":""MultiPoint"",""coordinates"":[]}",-8.345440109395483,-14.611658910176889,-8.375471821034022,-13.33352196117087
1_1_1_1_2_312_0_1_1_1_1_2_312_0,0.37955,0.3082,0.29405,0.22815,0.08885,0.0804,0.1354,0.1189,0.19725,0.1602,0.31615,0.2514,4,6,-0.4741237,-0.44322172,0.09113123,0.10150107,0.2315933,0.22157435,-0.4002879,-0.35781798,13.126587173432302,77.67440309314163,3812.0,Bengaluru,8,"{""type"":""MultiPoint"",""coordinates"":[]}",-12.405794851168867,-19.411139410008612,-10.049977099744547,-16.236119844984263
1_1_1_1_2_313_0_1_1_1_1_2_313_0,0.25955,0.33085,0.177,0.2511,0.0499,0.09085,0.0687,0.1224,0.082,0.14545,0.2353,0.24725,6,6,-0.5814166,-0.4599007,0.04900475,0.14461166,0.48313898,0.25923097,-0.5480263,-0.33775192,12.758188075414886,77.48261277998212,3813.0,Bengaluru,8,"{""type"":""MultiPoint"",""coordinates"":[]}",-8.918612322123208,-14.83533519449022,-9.858017182308608,-16.94029251760224
1_1_1_1_2_314_0_1_1_1_1_2_314_0,0.39875,0.5046,0.31025,0.40525,0.082,0.1122,0.1211,0.169,0.17975,0.25125,0.28975,0.31035,4,5,-0.53409636,-0.49821854,0.15831518,0.23835818,0.2342918,0.10523504,-0.41049045,-0.29487848,13.087151132459455,77.52258781012543,3814.0,Bengaluru,8,"{""type"":""MultiPoint"",""coordinates"":[]}",-10.484888889256771,-17.18829110723015,-10.210439008952907,-18.477886510030096
1_1_1_1_2_315_0_1_1_1_1_2_315_0,0.39715,0.39775,0.29385,0.3102,0.06,0.0804,0.0897,0.1087,0.13195,0.15325,0.23005,0.2254,5,5,-0.6315087,-0.5707375,0.26642218,0.27657866,0.27099448,0.19054537,-0.43893668,-0.34929663,12.899403238078476,77.44937511446969,3815.0,Bengaluru,8,"{""type"":""MultiPoint"",""coordinates"":[]}",-12.433248644490487,-17.96665628054905,-13.258011208358184,-18.124076650234862
1_1_1_1_2_316_0_1_1_1_1_2_316_0,0.27705,0.35145,0.19185,0.2653,0.0334,0.05875,0.059,0.09265,0.0505,0.13365,0.35875,0.26185,4,6,-0.64886177,-0.58275163,-0.12849952,0.1460949,0.7532071,0.32414666,-0.7175344,-0.47729197,12.82457357491132,77.43787667883296,3816.0,Bengaluru,8,"{""type"":""MultiPoint"",""coordinates"":[]}",-9.78653146831235,-15.55456462685954,-8.072754404104757,-15.16805321462062
1_1_1_1_2_317_0_1_1_1_1_2_317_0,0.3504,0.3506,0.25465,0.253,0.0669,0.06,0.09565,0.08785,0.13595,0.12335,0.25855,0.2502,4,5,-0.5711243,-0.59927016,0.1508334,0.16711052,0.31077313,0.3395797,-0.45990965,-0.4802544,12.76339830406278,77.7371953315016,3817.0,Bengaluru,8,"{""type"":""MultiPoint"",""coordinates"":[]}",-11.266629937211569,-18.600126635771048,-10.325576920559127,-17.554192080949637
1_1_1_1_2_318_0_1_1_1_1_2_318_0,0.203,0.18145,0.19995,0.18125,0.0997,0.0832,0.1201,0.1,0.1233,0.1082,0.13145,0.12625,6,6,-0.25657693,-0.2893942,0.21393332,0.17939551,0.03199215,0.0769887,-0.045120254,-0.1160221,12.906320265766196,77.59436320132659,3818.0,Bengaluru,8,"{""type"":""MultiPoint"",""coordinates"":[]}",-9.330568695513241,-17.133372643815203,-8.87252647693381,-18.541390109417687
1_1_1_1_2_319_0_1_1_1_1_2_319_0,0.3181,0.3212,0.20135,0.2439,0.0747,0.0775,0.1206,0.1143,0.1565,0.1651,0.3824,0.2526,1,4,-0.45019376,-0.47508612,-0.09179158,0.11955385,0.41918725,0.2094805,-0.5204771,-0.37694195,13.138714429767916,77.67404376702798,3819.0,Bengaluru,8,"{""type"":""MultiPoint"",""coordinates"":[]}",-11.810277481963487,-17.922189059134304,-9.670497191071558,-16.102252410461084
1_1_1_1_2_320_0_1_1_1_1_2_320_0,0.32645,0.30805,0.23035,0.2059,0.0681,0.0705,0.0946,0.09885,0.1261,0.1307,0.2541,0.2472,4,5,-0.5506472,-0.51413125,0.1246232,0.10959028,0.33666492,0.3082826,-0.45741326,-0.42869526,12.990582239416606,77.36816741278528,3820.0,Bengaluru,8,"{""type"":""MultiPoint"",""coordinates"":[]}",-9.616138834476146,-16.30463049251533,-8.647077921746817,-15.350221277698315
1_1_1_1_2_321_0_1_1_1_1_2_321_0,0.29185,0.3039,0.1989,0.2479,0.0462,0.0698,0.07425,0.09295,0.103,0.1297,0.22165,0.191,5,5,-0.5943731,-0.531561,0.13670886,0.2281269,0.3654705,0.19114438,-0.49814126,-0.34530726,12.789359615773831,77.7875908189407,3821.0,Bengaluru,8,"{""type"":""MultiPoint"",""coordinates"":[]}",-12.47946892273105,-17.26104365996675,-11.320027154478254,-16.82642840323657
1_1_1_1_2_322_0_1_1_1_1_2_322_0,0.4034,0.59655,0.30785,0.4515,0.1135,0.1952,0.1665,0.2974,0.2045,0.38555,0.3396,0.4552,5,7,-0.41568696,-0.33463842,0.085868105,0.13439506,0.24829994,0.0828427,-0.34202728,-0.20967314,13.011692648593415,77.75327517508732,3822.0,Bengaluru,8,"{""type"":""MultiPoint"",""coordinates"":[]}",-8.421253645208964,-15.301433218998,-7.424043605364494,-18.269496753042375
1_1_1_1_2_323_0_1_1_1_1_2_323_0,0.22435,0.22725,0.2034,0.18715,0.1157,0.12,0.1366,0.1509,0.16175,0.155,0.189,0.23845,6,6,-0.24310847,-0.20190401,0.085520744,-0.024049817,0.07769066,0.2120981,-0.16093366,-0.22486195,12.89042008523728,77.61834821941258,3823.0,Bengaluru,8,"{""type"":""MultiPoint"",""coordinates"":[]}",-4.9151929937761665,-15.38833985424337,-3.198611057795139,-14.331651167436085
1_1_1_1_2_324_0_1_1_1_1_2_324_0,0.35145,0.3304,0.31535,0.2987,0.2072,0.1419,0.2605,0.1819,0.3178,0.2135,0.33575,0.27525,6,6,-0.14862326,-0.28986922,0.022846334,0.09105919,0.02746538,0.12634271,-0.12620544,-0.20419994,12.89913374349324,77.61448546369087,3824.0,Bengaluru,8,"{""type"":""MultiPoint"",""coordinates"":[]}",-7.29891693758336,-16.19624975757051,-6.460880770578315,-15.751080011739981
1_1_1_1_2_325_0_1_1_1_1_2_325_0,0.3273,0.29935,0.2556,0.22455,0.054,0.08235,0.0934,0.1153,0.1241,0.1421,0.266,0.2455,6,6,-0.5559781,-0.4438683,0.10332041,0.098834544,0.36375287,0.26676986,-0.48024485,-0.36086476,12.782981577256583,77.63838065024844,3825.0,Bengaluru,8,"{""type"":""MultiPoint"",""coordinates"":[]}",-10.054319529139109,-16.85752933618915,-7.936884137135907,-15.61072200788878
1_1_1_1_2_326_0_1_1_1_1_2_326_0,0.42985,0.3519,0.35115,0.2668,0.07245,0.0672,0.1248,0.0921,0.19385,0.1264,0.26285,0.20865,4,5,-0.5499865,-0.58513516,0.2410856,0.2555526,0.15108386,0.24548575,-0.3561202,-0.38753116,13.104219122857726,77.35388419976779,3826.0,Bengaluru,8,"{""type"":""MultiPoint"",""coordinates"":[]}",-12.82357076198895,-20.638037856216375,-12.176533701807223,-17.53504990998254
1_1_1_1_2_327_0_1_1_1_1_2_327_0,0.1727,0.14335,0.101,0.0897,0.0292,0.0348,0.0583,0.0531,0.05605,0.0468,0.261,0.18225,1,1,-0.4952381,-0.45940444,-0.20359695,-0.11947174,0.646428,0.5913556,-0.6348262,-0.5487572,12.963453117836195,77.68904563227278,3827.0,Bengaluru,8,"{""type"":""MultiPoint"",""coordinates"":[]}",-10.303286100257159,-16.01700836165135,-12.40455179478509,-17.421125153393113
1_1_1_1_2_328_0_1_1_1_1_2_328_0,0.30395,0.30745,0.22785,0.22255,0.04095,0.05105,0.0724,0.08325,0.1098,0.1098,0.24025,0.2996,4,4,-0.6152518,-0.5738418,0.117052555,0.01293139,0.37266105,0.46360528,-0.5368623,-0.5651038,13.127305825659596,77.50390285221575,3828.0,Bengaluru,8,"{""type"":""MultiPoint"",""coordinates"":[]}",-8.929426727536233,-15.840041075358753,-9.676066616030134,-16.960674423964512
1_1_1_1_2_329_0_1_1_1_1_2_329_0,0.3139,0.27005,0.26835,0.22025,0.0898,0.0624,0.1279,0.0876,0.18535,0.0999,0.26,0.2233,6,6,-0.42100498,-0.5101356,0.0939188,0.09476031,0.16762097,0.38180694,-0.34055167,-0.43647474,12.969022672597738,77.60415483792349,3829.0,Bengaluru,8,"{""type"":""MultiPoint"",""coordinates"":[]}",-8.377389259784675,-14.642517046695056,-7.029604767144363,-14.520041925569732
1_1_1_1_2_330_0_1_1_1_1_2_330_0,0.35245,0.34005,0.2736,0.25495,0.0526,0.05455,0.0752,0.0765,0.1005,0.0945,0.187,0.2029,5,1,-0.64831054,-0.63269717,0.30670127,0.25260153,0.30086955,0.36449227,-0.42639208,-0.452398,12.94521731756857,77.36690977138753,3830.0,Bengaluru,8,"{""type"":""MultiPoint"",""coordinates"":[]}",-11.349354680424486,-17.77528566728218,-9.759732867552707,-17.044678193188915
1_1_1_1_2_331_0_1_1_1_1_2_331_0,0.21175,0.23985,0.2019,0.2195,0.0981,0.1706,0.1185,0.1943,0.15995,0.2271,0.1882,0.2399,6,6,-0.28236184,-0.10491765,0.05888236,-0.00010422095,0.081143185,0.027408993,-0.2272579,-0.105020724,12.969920987881856,77.54585417598413,3831.0,Bengaluru,8,"{""type"":""MultiPoint"",""coordinates"":[]}",-6.094922358672909,-14.85888421785434,-4.941355599653303,-14.693246480004332
1_1_1_1_2_332_0_1_1_1_1_2_332_0,0.33455,0.28155,0.2977,0.2331,0.1108,0.07835,0.1407,0.1061,0.17525,0.13765,0.2683,0.24035,6,6,-0.4078906,-0.452599,0.10989467,0.07894233,0.20978469,0.2716931,-0.31198043,-0.3875018,13.036396318906702,77.46518546347019,3832.0,Bengaluru,8,"{""type"":""MultiPoint"",""coordinates"":[]}",-0.7898069681401487,-15.53571708697672,0.036152623661194094,-14.789084637886013
1_1_1_1_2_333_0_1_1_1_1_2_333_0,0.2548,0.2676,0.2188,0.2353,0.08645,0.1081,0.1204,0.1397,0.143,0.17575,0.22995,0.2276,6,6,-0.35820895,-0.31401914,0.051263537,0.08077545,0.23314117,0.12854841,-0.3126873,-0.23931392,13.03819294947494,77.61035321338392,3833.0,Bengaluru,8,"{""type"":""MultiPoint"",""coordinates"":[]}",-5.370448419429266,-12.90573915395675,-4.100902957748907,-13.074471205563823
1_1_1_1_2_334_0_1_1_1_1_2_334_0,0.2944,0.324,0.2291,0.2533,0.0479,0.0897,0.07125,0.1343,0.1016,0.1781,0.18935,0.2859,6,6,-0.6102831,-0.413921,0.21715762,0.06246926,0.30159822,0.23232758,-0.45318496,-0.36078057,13.09622411682906,77.61951602928193,3834.0,Bengaluru,8,"{""type"":""MultiPoint"",""coordinates"":[]}",-10.545349591471624,-16.483564427766442,-7.149304979546217,-11.15523169551889
1_1_1_1_2_335_0_1_1_1_1_2_335_0,0.2775,0.2759,0.2538,0.26185,0.1539,0.1661,0.1955,0.1881,0.22405,0.20455,0.27995,0.23975,6,6,-0.17336152,-0.18922414,-0.004395013,0.070105694,0.110912696,0.07922575,-0.1776212,-0.12071988,13.058225380310803,77.50480116749986,3835.0,Bengaluru,8,"{""type"":""MultiPoint"",""coordinates"":[]}",-0.4706908050480757,-15.920211325504713,-2.947666059547288,-14.088728722405559
1_1_1_1_2_336_0_1_1_1_1_2_336_0,0.4045,0.2923,0.29585,0.2334,0.0747,0.06795,0.1182,0.09305,0.19105,0.1331,0.2891,0.192,5,5,-0.54773295,-0.5170624,0.16637832,0.20710303,0.20420702,0.18117502,-0.41959244,-0.3471321,12.75189986842605,77.51935387510261,3836.0,Bengaluru,8,"{""type"":""MultiPoint"",""coordinates"":[]}",-11.354691021997205,-17.76402016300535,-11.628170981455616,-17.45763873336123
1_1_1_1_2_337_0_1_1_1_1_2_337_0,0.1965,0.2128,0.1521,0.1562,0.04335,0.06195,0.06835,0.0887,0.0783,0.1014,0.2366,0.25315,6,6,-0.4838588,-0.41160864,-0.09258832,-0.08659727,0.50269926,0.42800733,-0.5517298,-0.48105896,12.896977786811352,77.55474749729692,3837.0,Bengaluru,8,"{""type"":""MultiPoint"",""coordinates"":[]}",-5.8193274254603535,-10.221341528128804,-5.644358892440748,-11.99575435885654
1_1_1_1_2_338_0_1_1_1_1_2_338_0,0.2717,0.28045,0.1986,0.2013,0.04845,0.05725,0.0793,0.0802,0.1052,0.10245,0.2343,0.20725,1,1,-0.54814816,-0.5552475,0.073913045,0.15009227,0.3802651,0.338392,-0.4942602,-0.4419899,12.869309676060473,77.38155231051867,3838.0,Bengaluru,8,"{""type"":""MultiPoint"",""coordinates"":[]}",-7.239072377629622,-12.579081648081312,-6.087381146005139,-12.291272006678263
1_1_1_1_2_339_0_1_1_1_1_2_339_0,0.40795,0.42735,0.28785,0.3002,0.082,0.08865,0.1176,0.1322,0.1764,0.20285,0.2705,0.27325,4,5,-0.55246884,-0.52747744,0.20259415,0.21995433,0.21056165,0.1478681,-0.39397064,-0.34788507,13.140600891864564,77.79163323771922,3839.0,Bengaluru,8,"{""type"":""MultiPoint"",""coordinates"":[]}",-12.106211247196653,-19.25912276878404,-11.304462624492055,-18.282361267847172
1_1_1_1_2_340_0_1_1_1_1_2_340_0,0.4267,0.41005,0.33265,0.3186,0.0889,0.079,0.1271,0.1131,0.17925,0.16365,0.2846,0.24995,6,6,-0.5409895,-0.5676192,0.19977506,0.24257576,0.22712083,0.2086557,-0.3825601,-0.37694532,12.979802456007173,77.35954358605774,3840.0,Bengaluru,8,"{""type"":""MultiPoint"",""coordinates"":[]}",-9.438330425194378,-17.517618827885023,-9.625201705024132,-16.243311802658432
1_1_1_1_2_341_0_1_1_1_1_2_341_0,0.1694,0.1496,0.09315,0.08535,0.0185,0.04055,0.03025,0.0498,0.03775,0.0562,0.18285,0.1941,1,1,-0.6969697,-0.5005015,-0.038183108,-0.12947337,0.65775156,0.55093884,-0.71609575,-0.59163594,13.132605885835902,77.62544491015711,3841.0,Bengaluru,8,"{""type"":""MultiPoint"",""coordinates"":[]}",-8.835228637887205,-13.91272158298988,-8.680773768194221,-12.81230790195144
1_1_1_1_2_342_0_1_1_1_1_2_342_0,0.2997,0.28985,0.205,0.20495,0.07,0.0547,0.0931,0.07725,0.1234,0.1032,0.2418,0.1948,5,1,-0.5259674,-0.57913375,0.106925204,0.19612092,0.3242059,0.30738255,-0.44401315,-0.4320897,12.788461300489711,77.48935014461301,3842.0,Bengaluru,8,"{""type"":""MultiPoint"",""coordinates"":[]}",-10.992659981559026,-16.128400604114443,-9.181664488015992,-15.639584405980651
1_1_1_1_2_343_0_1_1_1_1_2_343_0,0.35055,0.3058,0.24375,0.21105,0.05545,0.05805,0.085,0.0794,0.12275,0.10075,0.27165,0.2045,5,6,-0.6096889,-0.5877466,0.1268081,0.19851068,0.3775355,0.33988535,-0.5233422,-0.4406481,13.116256547664928,77.46249051761784,3843.0,Bengaluru,8,"{""type"":""MultiPoint"",""coordinates"":[]}",-9.553754194326917,-15.81167170512845,-9.986908444041028,-16.868840430832975
1_1_1_1_2_344_0_1_1_1_1_2_344_0,0.25845,0.26165,0.22315,0.2245,0.06025,0.0679,0.08665,0.0857,0.1058,0.11305,0.18865,0.17225,5,5,-0.49782673,-0.5065496,0.1561172,0.20603825,0.28137204,0.20750087,-0.37050492,-0.33553013,12.789539278830658,77.3667301083307,3844.0,Bengaluru,8,"{""type"":""MultiPoint"",""coordinates"":[]}",-5.781972696905884,-15.569643849007356,-6.492134927424176,-15.477300099818454
1_1_1_1_2_345_0_1_1_1_1_2_345_0,0.357,0.3642,0.3436,0.35965,0.2702,0.2608,0.3186,0.3044,0.34735,0.32335,0.35805,0.3347,6,6,-0.056838367,-0.08944062,-0.0014684288,0.042209186,0.0151686985,0.01724793,-0.05830193,-0.04741042,12.881347100867671,77.59876494621876,3845.0,Bengaluru,8,"{""type"":""MultiPoint"",""coordinates"":[]}",-3.317089805271987,-13.600389422539267,-6.001834873551388,-14.51453508150558
1_1_1_1_2_346_0_1_1_1_1_2_346_0,0.14265,0.1702,0.0856,0.1102,0.0463,0.05885,0.06345,0.0785,0.05215,0.09115,0.2672,0.2272,1,1,-0.3842795,-0.36871734,-0.30389166,-0.1434323,0.6733991,0.42735982,-0.6162105,-0.4864246,12.894013346373756,77.47704322522057,3846.0,Bengaluru,8,"{""type"":""MultiPoint"",""coordinates"":[]}",-10.158029170177482,-16.403382047314672,-8.46642246217313,-15.262329599066577
1_1_1_1_2_347_0_1_1_1_1_2_347_0,0.40075,0.4043,0.37605,0.38585,0.1217,0.1306,0.1193,0.1031,0.1186,0.1042,0.18825,0.17435,6,6,-0.54119796,-0.5936145,0.36078098,0.39739048,0.22698388,0.25183988,-0.22419119,-0.25680304,12.945846138267454,77.66380297278903,3847.0,Bengaluru,8,"{""type"":""MultiPoint"",""coordinates"":[]}",-10.438975283151668,-18.728379291330377,-9.884298609347363,-16.05344424286113
1_1_1_1_2_348_0_1_1_1_1_2_348_0,0.22855,0.31335,0.13365,0.236,0.03145,0.08405,0.07005,0.1228,0.0575,0.1454,0.40505,0.32135,6,6,-0.5308105,-0.436891,-0.27856693,-0.01260438,0.75137824,0.37696838,-0.7051147,-0.44703367,12.826729531593204,77.66892336990851,3848.0,Bengaluru,8,"{""type"":""MultiPoint"",""coordinates"":[]}",-9.115204948805973,-14.782514590604116,-7.267955878587698,-14.31550762582538
1_1_1_1_2_349_0_1_1_1_1_2_349_0,0.2451,0.299,0.16655,0.2485,0.04475,0.1881,0.0863,0.2236,0.1271,0.2515,0.2525,0.31345,1,6,-0.47917923,-0.1442786,-0.014871383,-0.023593763,0.33034775,0.10965572,-0.4905549,-0.16730286,12.812446318575706,77.48988913378348,3849.0,Bengaluru,8,"{""type"":""MultiPoint"",""coordinates"":[]}",-10.185171127837496,-16.9444561982387,-9.555488596824771,-16.220350381593075
1_1_1_1_2_350_0_1_1_1_1_2_350_0,0.2077,0.1887,0.13725,0.13085,0.0503,0.0566,0.0768,0.07485,0.10885,0.09455,0.2432,0.1873,6,6,-0.46010545,-0.43198633,-0.078731425,0.0037234044,0.38162193,0.32907575,-0.52,-0.4289529,12.947373274250458,77.50156723247704,3850.0,Bengaluru,8,"{""type"":""MultiPoint"",""coordinates"":[]}",-10.460765271596028,-16.06657083168805,-9.365540653704596,-16.857952303963227
1_1_1_1_2_351_0_1_1_1_1_2_351_0,0.33795,0.3007,0.2935,0.25545,0.1624,0.1601,0.2301,0.1992,0.26605,0.2191,0.3004,0.2821,6,6,-0.18986005,-0.20304061,0.05882353,0.031914894,0.060640834,0.12569833,-0.13251649,-0.17224185,12.80579878547322,77.59139876088899,3851.0,Bengaluru,8,"{""type"":""MultiPoint"",""coordinates"":[]}",-7.557632083117834,-16.993653999110172,-6.850292535904399,-14.563921819799887
1_1_1_1_2_352_0_1_1_1_1_2_352_0,0.17805,0.3587,0.1164,0.2688,0.02515,0.087,0.04595,0.1215,0.0443,0.1513,0.17735,0.2611,6,6,-0.58973217,-0.49396086,0.0019696117,0.15747015,0.6002707,0.26624635,-0.588446,-0.36487192,13.025796198554092,77.74743612574055,3852.0,Bengaluru,8,"{""type"":""MultiPoint"",""coordinates"":[]}",-8.11772405348185,-14.132713263639538,-9.845742422861706,-17.208327326197082
1_1_1_1_2_353_0_1_1_1_1_2_353_0,0.2324,0.25825,0.1542,0.1936,0.03085,0.0598,0.0614,0.08655,0.07655,0.1232,0.2147,0.21675,1,1,-0.58202857,-0.49796984,0.03958846,0.08736842,0.47433478,0.27518752,-0.5552336,-0.42927796,12.903715151442247,77.65922156484001,3853.0,Bengaluru,8,"{""type"":""MultiPoint"",""coordinates"":[]}",-8.515002693358149,-15.087277751997972,-7.881158212748394,-14.866695042216998
1_1_1_1_2_354_0_1_1_1_1_2_354_0,0.25505,0.25245,0.21995,0.2291,0.0976,0.1236,0.126,0.1463,0.16455,0.1707,0.24515,0.20625,6,6,-0.33866948,-0.2662069,0.019792084,0.10071942,0.19672932,0.09430959,-0.32102925,-0.1700468,12.975849868757043,77.50489099902828,3854.0,Bengaluru,8,"{""type"":""MultiPoint"",""coordinates"":[]}",-7.846111798986199,-15.83299579803243,-5.431426627331913,-12.686293295742212
1_1_1_1_2_355_0_1_1_1_1_2_355_0,0.3035,0.33405,0.2538,0.26785,0.0468,0.0787,0.064,0.1074,0.1033,0.1552,0.177,0.23895,5,6,-0.6517007,-0.51342165,0.26326743,0.16596858,0.26293257,0.21248256,-0.46887967,-0.3798181,12.803193671149272,77.65715543968653,3855.0,Bengaluru,8,"{""type"":""MultiPoint"",""coordinates"":[]}",-12.298276125623337,-16.991706766524462,-11.37654998362107,-17.165201051466216
1_1_1_1_2_356_0_1_1_1_1_2_356_0,0.27855,0.23725,0.26365,0.2236,0.0968,0.1058,0.1289,0.1382,0.1638,0.1665,0.2103,0.21205,6,6,-0.36728433,-0.26381674,0.13961338,0.056087248,0.12429832,0.12032756,-0.23997642,-0.21084939,12.886018340345094,77.45081241892429,3856.0,Bengaluru,8,"{""type"":""MultiPoint"",""coordinates"":[]}",2.85756211471006,-7.759329840167339,-6.867547073736906,-12.038445397747388
1_1_1_1_2_357_0_1_1_1_1_2_357_0,0.28565,0.3122,0.24,0.272,0.1164,0.1214,0.1519,0.1554,0.18575,0.18725,0.25005,0.26975,6,6,-0.30567935,-0.33532935,0.0664551,0.07294441,0.14754474,0.18052517,-0.2441846,-0.2689639,12.945935969795864,77.66092836387985,3857.0,Bengaluru,8,"{""type"":""MultiPoint"",""coordinates"":[]}",-9.248912989748714,-13.988289780876189,-9.011967815541684,-14.180287817327297
1_1_1_1_2_358_0_1_1_1_1_2_358_0,0.25975,0.28735,0.20405,0.2319,0.0764,0.06905,0.116,0.1016,0.1391,0.1386,0.2427,0.2335,6,6,-0.3825682,-0.47756782,0.033933725,0.10338869,0.27134624,0.25503898,-0.35321996,-0.39361385,12.869130013003646,77.52195898942655,3858.0,Bengaluru,8,"{""type"":""MultiPoint"",""coordinates"":[]}",-9.881526895647736,-15.465475481878235,-8.489465793305648,-15.544632842304773
1_1_1_1_2_359_0_1_1_1_1_2_359_0,0.31375,0.30675,0.266,0.2553,0.087,0.1132,0.1084,0.1373,0.14175,0.1573,0.1931,0.2319,6,6,-0.48643848,-0.38160118,0.23803887,0.13895851,0.15335225,0.19167523,-0.2809287,-0.2562297,12.796905464160435,77.39278125157017,3859.0,Bengaluru,8,"{""type"":""MultiPoint"",""coordinates"":[]}",-14.687325287571216,-21.251104365796166,-9.79112945868134,-19.231381540408876
1_1_1_1_2_360_0_1_1_1_1_2_360_0,0.22595,0.23095,0.20755,0.2057,0.0755,0.0849,0.1085,0.1133,0.12675,0.11615,0.1784,0.21395,6,6,-0.35117358,-0.34175745,0.11759614,0.038210835,0.16926102,0.29627386,-0.2436389,-0.30756304,13.024628388684736,77.69201007271037,3860.0,Bengaluru,8,"{""type"":""MultiPoint"",""coordinates"":[]}",-5.635153644287362,-14.084439946606985,-3.932018250893922,-13.0237870166608
1_1_1_1_2_361_0_1_1_1_1_2_361_0,0.31805,0.3193,0.25905,0.2715,0.0789,0.09075,0.1094,0.117,0.152,0.149,0.2335,0.1914,5,5,-0.48812726,-0.46367177,0.15329526,0.25044057,0.21141374,0.12455934,-0.36191308,-0.24124514,12.888713286197452,77.35496217810874,3861.0,Bengaluru,8,"{""type"":""MultiPoint"",""coordinates"":[]}",-3.4608376850545737,-13.802174802747793,-4.373703825990204,-13.94531867426726
1_1_1_1_2_362_0_1_1_1_1_2_362_0,0.2608,0.29725,0.16875,0.2227,0.0404,0.0602,0.0613,0.07775,0.0698,0.10675,0.20515,0.1711,1,5,-0.61937284,-0.58533335,0.11943342,0.26934984,0.49227133,0.23159978,-0.53987616,-0.3751256,12.780645957517876,77.55672379092198,3862.0,Bengaluru,8,"{""type"":""MultiPoint"",""coordinates"":[]}",-8.772448309679922,-13.640261008619923,-7.840913076071328,-14.728767295920466
1_1_1_1_2_363_0_1_1_1_1_2_363_0,0.34345,0.2832,0.25485,0.1977,0.06615,0.0583,0.0999,0.0912,0.14465,0.11405,0.26195,0.2756,6,6,-0.54934025,-0.51282054,0.13462174,0.013600573,0.2884899,0.41460285,-0.4478375,-0.50272626,12.940007088920677,77.40571699166148,3863.0,Bengaluru,8,"{""type"":""MultiPoint"",""coordinates"":[]}",-8.1762166515858,-14.093054952979223,-8.528324990472367,-15.028776059878851
1_1_1_1_2_364_0_1_1_1_1_2_364_0,0.17185,0.1847,0.1311,0.12145,0.06085,0.0489,0.0759,0.0694,0.08825,0.0621,0.20745,0.26975,6,6,-0.38728556,-0.45375836,-0.0938571,-0.1871493,0.40311125,0.6257345,-0.4642668,-0.5907416,13.027772492179157,77.53327776200646,3864.0,Bengaluru,8,"{""type"":""MultiPoint"",""coordinates"":[]}",-8.586794730690812,-13.019350637755807,-8.600142517478268,-13.823211857321649
1_1_1_1_2_365_0_1_1_1_1_2_365_0,0.1881,0.2263,0.1452,0.1624,0.0647,0.0734,0.1285,0.1029,0.13065,0.11445,0.16715,0.19505,0,6,-0.18825015,-0.37484813,0.058972556,0.07416637,0.12256548,0.26042002,-0.1307289,-0.30928007,12.863111300600046,77.53893714829641,3865.0,Bengaluru,8,"{""type"":""MultiPoint"",""coordinates"":[]}",-10.081302353182462,-16.951125920325108,-9.908736169184287,-15.798973754968753
1_1_1_1_2_366_0_1_1_1_1_2_366_0,0.2248,0.2575,0.1216,0.16905,0.02395,0.06985,0.0534,0.1,0.03645,0.09545,0.39675,0.263,1,6,-0.61610353,-0.44055945,-0.2766471,-0.010566763,0.83171743,0.46742922,-0.76274574,-0.44903582,13.124161722165178,77.64421969959521,3866.0,Bengaluru,8,"{""type"":""MultiPoint"",""coordinates"":[]}",-8.856895367609983,-16.46624539018973,-8.583519528282515,-15.77697336783716
1_1_1_1_2_367_0_1_1_1_1_2_367_0,0.24355,0.28085,0.22835,0.2587,0.1165,0.1823,0.151,0.2006,0.1814,0.2229,0.2276,0.30535,6,6,-0.23457102,-0.16668397,0.033853337,-0.04179461,0.11295844,0.15608141,-0.20232435,-0.20703627,13.014028268332126,77.51647926619343,3867.0,Bengaluru,8,"{""type"":""MultiPoint"",""coordinates"":[]}",-0.7558832862227373,-10.182021140830614,-0.02826320756177774,-10.427065877310262
1_1_1_1_2_368_0_1_1_1_1_2_368_0,0.18415,0.27045,0.1193,0.1926,0.0319,0.1095,0.0495,0.1478,0.05995,0.1662,0.1387,0.32255,6,6,-0.5762893,-0.29324567,0.14077745,-0.08785835,0.39642587,0.3198977,-0.47396386,-0.37153184,13.116705705306988,77.58555971154222,3868.0,Bengaluru,8,"{""type"":""MultiPoint"",""coordinates"":[]}",-7.114562377832638,-14.620982480165841,-6.101034809053592,-15.551997780077073
1_1_1_1_2_369_0_1_1_1_1_2_369_0,0.29665,0.23825,0.28415,0.2278,0.1395,0.1172,0.1737,0.1401,0.21095,0.1487,0.24535,0.1682,6,6,-0.2614011,-0.2594159,0.09464945,0.17234592,0.075389,0.061533608,-0.17098199,-0.09114499,12.859518039463568,77.58951229879234,3869.0,Bengaluru,8,"{""type"":""MultiPoint"",""coordinates"":[]}",-9.305534253675383,-18.37745651464267,-4.673932307250207,-18.29392984028784
1_1_1_1_2_370_0_1_1_1_1_2_370_0,0.24435,0.2508,0.17435,0.1599,0.05285,0.0937,0.0917,0.1176,0.1124,0.138,0.22075,0.39185,4,6,-0.4542479,-0.3615635,0.050741777,-0.21948183,0.32522887,0.47909784,-0.4130261,-0.53832567,13.027323334537094,77.77815850845744,3870.0,Bengaluru,8,"{""type"":""MultiPoint"",""coordinates"":[]}",-11.373021390802807,-16.90392737374716,-7.811985214516522,-15.719130638914006
1_1_1_1_2_371_0_1_1_1_1_2_371_0,0.28465,0.2983,0.23115,0.2425,0.04455,0.1175,0.0724,0.1313,0.0864,0.13795,0.1797,0.22105,6,6,-0.5944546,-0.3887337,0.22601485,0.14874361,0.35062006,0.23147632,-0.42562476,-0.25471833,13.10673440565326,77.48863149238572,3871.0,Bengaluru,8,"{""type"":""MultiPoint"",""coordinates"":[]}",-9.006435221204743,-17.16005010047207,-9.396611865703996,-15.89620945360507
1_1_1_1_2_372_0_1_1_1_1_2_372_0,0.30075,0.32155,0.2661,0.28845,0.1112,0.1266,0.1471,0.1531,0.18395,0.19,0.2429,0.25265,6,6,-0.34308362,-0.3548931,0.10641038,0.11999303,0.13810472,0.14153394,-0.24564102,-0.24534813,13.101793671590602,77.53067264768251,3872.0,Bengaluru,8,"{""type"":""MultiPoint"",""coordinates"":[]}",-7.910559691943745,-15.4900884534147,-5.582816213477355,-14.242790638699734
1_1_1_1_2_373_0_1_1_1_1_2_373_0,0.20625,0.26995,0.13755,0.1935,0.03485,0.0624,0.05545,0.08505,0.06365,0.1127,0.21015,0.2281,1,1,-0.5762323,-0.52084506,-0.0093659945,0.08402771,0.5350621,0.33861503,-0.5824548,-0.45680985,12.959770025171306,77.35586049339285,3873.0,Bengaluru,8,"{""type"":""MultiPoint"",""coordinates"":[]}",-9.612936292332893,-16.228585379628523,-8.453761637652272,-15.46401638913241
1_1_1_1_2_374_0_1_1_1_1_2_374_0,0.1993,0.27315,0.1192,0.2435,0.0299,0.06525,0.0469,0.07685,0.05985,0.10445,0.23685,0.18375,1,5,-0.61900896,-0.5608571,-0.08609423,0.19566645,0.5965622,0.27515614,-0.66942734,-0.4102072,13.009446860383116,77.3885591697348,3874.0,Bengaluru,8,"{""type"":""MultiPoint"",""coordinates"":[]}",-11.435687131268102,-16.509202412987758,-11.734545198418843,-14.019938957474313
1_1_1_1_2_375_0_1_1_1_1_2_375_0,0.23615,0.1998,0.2303,0.17985,0.1449,0.0876,0.1625,0.1117,0.1743,0.1089,0.1984,0.2158,6,6,-0.18474853,-0.28282505,0.086871475,-0.038498558,0.06466327,0.32922697,-0.099473536,-0.3178626,12.98061093976288,77.69632198607415,3875.0,Bengaluru,8,"{""type"":""MultiPoint"",""coordinates"":[]}",-10.485104162992158,-19.00183158232959,-8.38360872444967,-18.14119288720311
1_1_1_1_2_376_0_1_1_1_1_2_376_0,0.37185,0.27475,0.3567,0.22355,0.1895,0.0672,0.2333,0.08415,0.27875,0.10885,0.30985,0.18385,6,6,-0.2289515,-0.53106713,0.090949096,0.19821195,0.05283724,0.25623506,-0.14093712,-0.37201494,13.068735669135004,77.75031073464973,3876.0,Bengaluru,8,"{""type"":""MultiPoint"",""coordinates"":[]}",-8.566117874381565,-15.843970936202565,-10.198725366167256,-16.85920967960296
1_1_1_1_2_377_0_1_1_1_1_2_377_0,0.30335,0.3587,0.2389,0.26725,0.0782,0.1142,0.1232,0.1484,0.15235,0.1721,0.30705,0.3293,6,6,-0.42234203,-0.4147111,-0.006061599,0.04273256,0.3367436,0.31352213,-0.4273097,-0.37868956,12.964890422290788,77.40311187733754,3877.0,Bengaluru,8,"{""type"":""MultiPoint"",""coordinates"":[]}",-9.809228677467852,-14.733858348468775,-8.56179483110407,-16.196267614886153
1_1_1_1_2_378_0_1_1_1_1_2_378_0,0.3177,0.32615,0.2206,0.26125,0.0491,0.1138,0.07435,0.1433,0.10185,0.1626,0.2489,0.2568,6,6,-0.6207116,-0.38949835,0.12142605,0.11896389,0.41924447,0.22460657,-0.5399845,-0.28367907,12.88862345466904,77.49518919395979,3878.0,Bengaluru,8,"{""type"":""MultiPoint"",""coordinates"":[]}",-10.546840063493136,-15.511368043195048,-7.277247628515076,-15.59788193627847
1_1_1_1_2_379_0_1_1_1_1_2_379_0,0.31365,0.35025,0.2045,0.26325,0.0536,0.0584,0.0882,0.09065,0.11785,0.1365,0.27955,0.2161,5,5,-0.5610302,-0.58879566,0.057484828,0.23686767,0.4068948,0.22575156,-0.5203263,-0.40896496,13.120298966443466,77.78714166129863,3879.0,Bengaluru,8,"{""type"":""MultiPoint"",""coordinates"":[]}",-8.839798576967466,-16.431746272550704,-8.118558605361123,-16.374614514688535
1_1_1_1_2_380_0_1_1_1_1_2_380_0,0.2437,0.27265,0.171,0.21025,0.0689,0.1038,0.0926,0.1278,0.12025,0.1358,0.24285,0.2453,6,6,-0.4493012,-0.36171806,0.0017469941,0.052804325,0.33764803,0.28732616,-0.4479058,-0.31492898,12.871196138157122,77.54145243109194,3880.0,Bengaluru,8,"{""type"":""MultiPoint"",""coordinates"":[]}",-6.656545886671949,-12.787438226383776,-1.1464410172474788,-12.605612179297857
1_1_1_1_2_381_0_1_1_1_1_2_381_0,0.33895,0.36395,0.24295,0.2727,0.0707,0.1002,0.1077,0.1427,0.1369,0.203,0.26295,0.2564,5,6,-0.5177432,-0.436692,0.12626682,0.17336987,0.3152432,0.11623857,-0.41885877,-0.284891,13.125239700506125,77.6455671725214,3881.0,Bengaluru,8,"{""type"":""MultiPoint"",""coordinates"":[]}",-10.48740663112329,-17.870799516243874,-8.784313368285158,-18.699656299260027
1_1_1_1_2_382_0_1_1_1_1_2_382_0,0.28155,0.25875,0.26805,0.2314,0.118,0.1323,0.1491,0.1633,0.17345,0.181,0.22055,0.21325,6,6,-0.30755833,-0.22615804,0.12148974,0.0963983,0.11954315,0.081800885,-0.19329095,-0.1326517,13.143565332302162,77.61825838788417,3882.0,Bengaluru,8,"{""type"":""MultiPoint"",""coordinates"":[]}",-7.218771515836472,-13.747961457867097,-6.584030152843984,-13.065177177016976
1_1_1_1_2_383_0_1_1_1_1_2_383_0,0.34345,0.6659,0.2635,0.69625,0.0778,0.4032,0.1043,0.4402,0.1289,0.45885,0.27445,0.45805,6,6,-0.534115,-0.20405027,0.11166856,0.18492815,0.36085287,-0.0008725052,-0.44924092,-0.019871973,13.090295235953873,77.44003263551485,3883.0,Bengaluru,8,"{""type"":""MultiPoint"",""coordinates"":[]}",-9.937745659883383,-15.70178155008623,-10.928719964773135,-20.809405788257173
1_1_1_1_2_384_0_1_1_1_1_2_384_0,0.25445,0.3119,0.1903,0.24645,0.0474,0.0912,0.0698,0.1217,0.08455,0.161,0.2024,0.2412,5,6,-0.569468,-0.43865314,0.11393236,0.12782499,0.41069874,0.19940329,-0.48714182,-0.32929182,12.897067618339763,77.42583925402576,3884.0,Bengaluru,8,"{""type"":""MultiPoint"",""coordinates"":[]}",-7.68428352216444,-15.919263202621881,-7.962305998125425,-16.73356826554724
1_1_1_1_2_385_0_1_1_1_1_2_385_0,0.15615,0.15595,0.08885,0.0831,0.01905,0.0334,0.04085,0.05805,0.0291,0.0398,0.2324,0.2575,1,1,-0.58527917,-0.45747665,-0.19624244,-0.24561615,0.77743787,0.732257,-0.7010064,-0.63207096,13.12461087980724,77.60379551180984,3885.0,Bengaluru,8,"{""type"":""MultiPoint"",""coordinates"":[]}",-10.699399138257062,-16.002738745581247,-9.86104844490465,-15.84430306447169
1_1_1_1_2_386_0_1_1_1_1_2_386_0,0.16885,0.18965,0.1122,0.12835,0.0183,0.0377,0.03565,0.0645,0.03225,0.05455,0.1914,0.2345,6,6,-0.6513447,-0.49242574,-0.06259542,-0.10574089,0.7116029,0.6225566,-0.6859723,-0.56856185,12.926622191187295,77.62203131207747,3886.0,Bengaluru,8,"{""type"":""MultiPoint"",""coordinates"":[]}",-8.169197491832048,-15.943225980474809,-8.450120941612463,-15.085283379166256
1_1_1_1_2_387_0_1_1_1_1_2_387_0,0.2229,0.22305,0.2,0.19875,0.1165,0.1226,0.1436,0.1456,0.159,0.1642,0.182,0.1946,6,6,-0.21637107,-0.21009088,0.101012595,0.068119235,0.06744868,0.08472687,-0.11793612,-0.14403293,13.003517979507928,77.55807126384816,3887.0,Bengaluru,8,"{""type"":""MultiPoint"",""coordinates"":[]}",-0.7275763947700874,-15.22473882284115,0.17371302406130673,-15.583924582489907
1_1_1_1_2_388_0_1_1_1_1_2_388_0,0.2604,0.2733,0.18665,0.1986,0.03505,0.04735,0.0579,0.0687,0.0715,0.07605,0.2315,0.2272,1,1,-0.63619226,-0.5982456,0.05875178,0.09210789,0.5280528,0.49843365,-0.5998618,-0.53565395,12.813254802331413,77.38757102292227,3888.0,Bengaluru,8,"{""type"":""MultiPoint"",""coordinates"":[]}",-9.240890917334866,-15.668496977638188,-9.4658958317783,-15.480296292481786
1_1_1_1_2_389_0_1_1_1_1_2_389_0,0.2341,0.2396,0.2132,0.20315,0.0912,0.1015,0.1201,0.1268,0.13745,0.13915,0.2224,0.22115,6,6,-0.32185206,-0.30786026,0.025629792,0.040043406,0.23607059,0.22758812,-0.29868612,-0.27115965,12.999206066144154,77.6621860052776,3889.0,Bengaluru,8,"{""type"":""MultiPoint"",""coordinates"":[]}",-7.652201295787191,-12.482555685381518,-5.725662272051121,-9.775465781146037
1_1_1_1_2_390_0_1_1_1_1_2_390_0,0.2471,0.2383,0.17695,0.1606,0.0451,0.0654,0.0735,0.09135,0.0953,0.0974,0.22365,0.2318,6,6,-0.5414847,-0.44577584,0.049814127,0.013826845,0.40241417,0.40826246,-0.50530034,-0.4346279,13.120658292557112,77.6470943085044,3890.0,Bengaluru,8,"{""type"":""MultiPoint"",""coordinates"":[]}",-8.96398966994065,-16.038569152823307,-7.971219006386568,-14.949583614982199
1_1_1_1_2_391_0_1_1_1_1_2_391_0,0.49355,0.4648,0.40605,0.3841,0.09255,0.1023,0.1485,0.1437,0.21565,0.2127,0.32035,0.29185,4,4,-0.5374192,-0.52769107,0.21280256,0.22857332,0.19533582,0.15687247,-0.36653513,-0.34014463,13.122544754653765,77.35595032492127,3891.0,Bengaluru,8,"{""type"":""MultiPoint"",""coordinates"":[]}",-13.035465224984533,-18.921621792233076,-13.039612199226191,-21.415006162159827
1_1_1_1_2_392_0_1_1_1_1_2_392_0,0.29725,0.24515,0.2704,0.1871,0.07755,0.234,0.1088,0.2565,0.1598,0.27205,0.2159,0.3104,6,6,-0.4641054,0.022625336,0.15853064,-0.117451176,0.14932127,0.06584256,-0.32984293,-0.0950785,13.119580314216169,77.60604130002014,3892.0,Bengaluru,8,"{""type"":""MultiPoint"",""coordinates"":[]}",-6.593112553121603,-13.743628400146754,-3.957798280928105,-14.200387431128112
1_1_1_1_2_393_0_1_1_1_1_2_393_0,0.24095,0.26485,0.1631,0.20115,0.02775,0.05695,0.06185,0.0804,0.0566,0.0882,0.3191,0.22235,6,6,-0.59147954,-0.53425056,-0.13954112,0.08723317,0.6986958,0.4319755,-0.67528546,-0.4688687,13.02525720938362,77.45260904949252,3893.0,Bengaluru,8,"{""type"":""MultiPoint"",""coordinates"":[]}",-10.809703071013688,-17.255792461704633,-10.724391976494106,-17.373581973883624
1_1_1_1_2_394_0_1_1_1_1_2_394_0,0.3381,0.36255,0.29515,0.2906,0.1585,0.1863,0.1848,0.2255,0.20795,0.2695,0.2471,0.32915,6,6,-0.2931727,-0.23305841,0.1555024,0.04828683,0.0860345,0.09964086,-0.14424635,-0.1868746,12.891947221220285,77.78498570461674,3894.0,Bengaluru,8,"{""type"":""MultiPoint"",""coordinates"":[]}",-5.1364796347339645,-16.083890506213972,-6.109809009592732,-14.381870953111724
1_1_1_1_2_395_0_1_1_1_1_2_395_0,0.29175,0.3426,0.2009,0.2584,0.0637,0.0773,0.1021,0.1167,0.1139,0.1547,0.2408,0.26675,4,6,-0.4815285,-0.49183542,0.095671766,0.1244769,0.35776713,0.26586783,-0.4044911,-0.3913157,13.13574998933032,77.7523768598032,3895.0,Bengaluru,8,"{""type"":""MultiPoint"",""coordinates"":[]}",-9.042458827356757,-17.1948378825712,-7.768265908760106,-16.166922899186563
1_1_1_1_2_396_0_1_1_1_1_2_396_0,0.30685,0.30275,0.22535,0.24235,0.0545,0.0708,0.0788,0.0921,0.11635,0.12085,0.2154,0.1484,5,6,-0.5913393,-0.53349376,0.1751077,0.34212568,0.2985682,0.10232126,-0.46431,-0.23409563,12.909194874675377,77.42521043332688,3896.0,Bengaluru,8,"{""type"":""MultiPoint"",""coordinates"":[]}",-10.68265283599368,-17.100890193645867,-9.930767116144231,-18.13122757459419
1_1_1_1_2_397_0_1_1_1_1_2_397_0,0.19415,0.22955,0.15185,0.17735,0.03975,0.0529,0.0582,0.07285,0.07,0.07475,0.18775,0.24155,6,6,-0.53873587,-0.5181878,0.016758313,-0.025472298,0.456838,0.52734745,-0.5267331,-0.5365776,13.06990347900436,77.5531305297855,3897.0,Bengaluru,8,"{""type"":""MultiPoint"",""coordinates"":[]}",-11.267738940506291,-19.129899349746076,-11.43082660120664,-18.27436385023276
1_1_1_1_2_398_0_1_1_1_1_2_398_0,0.39115,0.4032,0.28945,0.2945,0.0803,0.095,0.1274,0.1243,0.1694,0.1786,0.3007,0.2637,5,5,-0.50862986,-0.5287204,0.13073643,0.2091768,0.27930227,0.19240335,-0.40481195,-0.35927835,12.766093249915135,77.6899439475569,3898.0,Bengaluru,8,"{""type"":""MultiPoint"",""coordinates"":[]}",-12.134920912508647,-18.20021008926117,-11.11962616438875,-16.57093552876195
1_1_1_1_2_399_0_1_1_1_1_2_399_0,0.2836,0.29375,0.23925,0.2519,0.0811,0.08325,0.1172,0.1135,0.14145,0.1269,0.2422,0.2179,6,6,-0.41516966,-0.4426028,0.07873716,0.14824587,0.26260915,0.2639211,-0.3478019,-0.31502715,12.969561661768209,77.47910935037405,3899.0,Bengaluru,8,"{""type"":""MultiPoint"",""coordinates"":[]}",-6.801002137903783,-15.513749736507148,-3.282739862589601,-15.108326470974465
1_1_1_1_2_400_0_1_1_1_1_2_400_0,0.44285,0.4178,0.3822,0.3617,0.0848,0.099,0.1375,0.1479,0.21525,0.23915,0.32055,0.32345,6,6,-0.526148,-0.477108,0.16020435,0.12728499,0.19652855,0.14984003,-0.39962885,-0.37244087,12.859248544878332,77.70476614974487,3900.0,Bengaluru,8,"{""type"":""MultiPoint"",""coordinates"":[]}",-14.247908627330613,-21.688009445934526,-11.061619216388948,-18.319208097668444
1_1_1_1_2_401_0_1_1_1_1_2_401_0,0.35355,0.321,0.2737,0.2399,0.0612,0.0744,0.1115,0.1148,0.1497,0.1395,0.2882,0.26885,4,4,-0.52048165,-0.47315282,0.10183093,0.08841231,0.31628224,0.31676257,-0.44208157,-0.40153787,13.082749387567269,77.74312421237678,3901.0,Bengaluru,8,"{""type"":""MultiPoint"",""coordinates"":[]}",-9.55353784415819,-16.602762500654098,-9.873490114826744,-16.334730487453793
1_1_1_1_2_402_0_1_1_1_1_2_402_0,0.3771,0.4077,0.2774,0.3156,0.0797,0.1024,0.1135,0.1403,0.1678,0.20675,0.2763,0.2806,5,5,-0.53730124,-0.4879562,0.15426998,0.18465786,0.24431434,0.15153381,-0.41765007,-0.33333334,13.027772492179157,77.43185796642936,3902.0,Bengaluru,8,"{""type"":""MultiPoint"",""coordinates"":[]}",-13.16996128865984,-17.77127302894837,-11.2644915734539,-20.64786731131369
1_1_1_1_2_403_0_1_1_1_1_2_403_0,0.31345,0.38605,0.22895,0.2855,0.05865,0.097,0.0897,0.132,0.1286,0.1857,0.2788,0.294,4,4,-0.55500436,-0.49039668,0.0585057,0.1353577,0.36867943,0.2257661,-0.5131615,-0.3802817,12.767350891312905,77.35684864020538,3903.0,Bengaluru,8,"{""type"":""MultiPoint"",""coordinates"":[]}",-10.892418155994255,-16.523828904846024,-9.953121973453822,-16.862753795602142
1_1_1_1_2_404_0_1_1_1_1_2_404_0,0.25805,0.3651,0.1658,0.2975,0.0392,0.0723,0.08135,0.0976,0.09645,0.1538,0.31575,0.2396,1,6,-0.52062464,-0.5781284,-0.100557685,0.20754093,0.5320233,0.21809863,-0.5902795,-0.42111507,13.094607149317646,77.73935128818347,3904.0,Bengaluru,8,"{""type"":""MultiPoint"",""coordinates"":[]}",-7.774466367380441,-15.035005027017668,-7.195790446815198,-12.529709483504284
1_1_1_1_2_405_0_1_1_1_1_2_405_0,0.0084,0.0163,0.0092,0.01415,0.012,0.03085,0.03,0.0422,0.0155,0.03475,0.00685,0.0263,0,0,0.5625,0.44273505,0.101639345,-0.23474178,-0.3870246,-0.13841113,0.6282225,0.23211679,12.911889820527737,77.61727024107164,3905.0,Bengaluru,8,"{""type"":""MultiPoint"",""coordinates"":[]}",-18.443759545580704,-27.080080947615116,-18.030591669800128,-27.19177575804935
1_1_1_1_2_406_0_1_1_1_1_2_406_0,0.26795,0.2355,0.2254,0.18885,0.1055,0.0922,0.1404,0.1223,0.1667,0.1424,0.2889,0.2634,6,6,-0.3123546,-0.31637788,-0.03762234,-0.05592303,0.26821774,0.29817644,-0.34591195,-0.36582837,12.922849266993994,77.49285357422107,3906.0,Bengaluru,8,"{""type"":""MultiPoint"",""coordinates"":[]}",-9.901970129453165,-18.569883235789572,-11.041659937344136,-17.93388353199014
1_1_1_1_2_407_0_1_1_1_1_2_407_0,0.3377,0.3875,0.25185,0.36215,0.1138,0.309,0.1562,0.3742,0.1782,0.4058,0.4048,0.4292,6,6,-0.3674833,-0.017460942,-0.09037037,-0.05105914,0.38867924,0.028023953,-0.44313726,-0.06845905,12.930844273022656,77.63469755758355,3907.0,Bengaluru,8,"{""type"":""MultiPoint"",""coordinates"":[]}",-9.308151984253703,-15.894856950840284,-9.88190160351765,-17.221034962213814
1_1_1_1_2_408_0_1_1_1_1_2_408_0,0.206,0.2253,0.17685,0.2009,0.05365,0.1039,0.0724,0.123,0.0713,0.13465,0.20475,0.18755,6,6,-0.47988507,-0.29371232,0.0030432136,0.09143757,0.48342693,0.16418374,-0.47753924,-0.20785703,13.028850470520098,77.5576221062061,3908.0,Bengaluru,8,"{""type"":""MultiPoint"",""coordinates"":[]}",-6.787521585277146,-14.145266242034655,-6.341981342221283,-15.059598506875844
1_1_1_1_2_409_0_1_1_1_1_2_409_0,0.2059,0.2058,0.0931,0.1062,0.02945,0.0448,0.07385,0.07525,0.03495,0.05595,0.55705,0.40145,2,2,-0.47202858,-0.4645081,-0.46025297,-0.3221902,0.8819257,0.7553564,-0.76589,-0.6842878,12.954919122637062,77.7605515288887,3909.0,Bengaluru,8,"{""type"":""MultiPoint"",""coordinates"":[]}",-8.46123246261076,-13.372839176391128,-8.118442371077874,-13.813981806931782
1_1_1_1_2_410_0_1_1_1_1_2_410_0,0.2925,0.35165,0.1983,0.2742,0.04935,0.09855,0.0727,0.1401,0.0937,0.1821,0.23995,0.27615,1,6,-0.601862,-0.43019828,0.09869471,0.12026123,0.43833357,0.20523731,-0.5349432,-0.32684684,12.950786872330111,77.42071885690628,3910.0,Bengaluru,8,"{""type"":""MultiPoint"",""coordinates"":[]}",-10.59686942760318,-15.884645046401706,-8.993645057232632,-15.672397908854045
1_1_1_1_2_411_0_1_1_1_1_2_411_0,0.42985,0.34415,0.3336,0.28305,0.2356,0.2028,0.321,0.2729,0.3752,0.33755,0.4568,0.37425,6,6,-0.14496903,-0.11546876,-0.030395309,-0.041898664,0.098076925,0.051559426,-0.17459501,-0.15660974,12.989683924132487,77.74456151683137,3911.0,Bengaluru,8,"{""type"":""MultiPoint"",""coordinates"":[]}",1.7891128179901126,-15.083307392826661,0.1574243483472784,-15.680087037525754
1_1_1_1_2_412_0_1_1_1_1_2_412_0,0.3343,0.3249,0.2224,0.2214,0.0457,0.05045,0.0809,0.08305,0.09985,0.0964,0.27515,0.2806,4,1,-0.6103083,-0.5928423,0.09705472,0.073162675,0.46746665,0.48859417,-0.5455694,-0.54324216,12.76941701646638,77.52734888113127,3912.0,Bengaluru,8,"{""type"":""MultiPoint"",""coordinates"":[]}",-9.453063547444579,-16.216479907455643,-8.39157590177024,-15.941061569684635
1_1_1_1_2_413_0_1_1_1_1_2_413_0,0.337,0.33965,0.2529,0.24665,0.06515,0.06455,0.0941,0.0951,0.1229,0.1319,0.2676,0.26205,4,4,-0.56344235,-0.5625072,0.11478663,0.12896793,0.37055057,0.3303719,-0.4796793,-0.46745065,12.9770176786264,77.47165333351586,3913.0,Bengaluru,8,"{""type"":""MultiPoint"",""coordinates"":[]}",-11.604284962049721,-16.810901672565468,-10.071070972415974,-16.286047428045414
1_1_1_1_2_414_0_1_1_1_1_2_414_0,0.38115,0.3292,0.2656,0.23545,0.0685,0.065,0.1036,0.08575,0.1601,0.1269,0.2784,0.2485,4,5,-0.5725632,-0.5866972,0.15578803,0.13969187,0.26978335,0.32392114,-0.45759162,-0.486911,12.812086992462056,77.65481981994783,3914.0,Bengaluru,8,"{""type"":""MultiPoint"",""coordinates"":[]}",-11.407085681248878,-16.675745061380795,-10.760410997574425,-17.213908108985066
1_1_1_1_2_415_0_1_1_1_1_2_415_0,0.2232,0.2491,0.14055,0.16635,0.02625,0.05025,0.05245,0.07425,0.06535,0.0981,0.2499,0.232,1,6,-0.61944497,-0.5407453,-0.05643627,0.035543546,0.5854084,0.40563464,-0.6530511,-0.515102,12.751181216198754,77.74015977193919,3915.0,Bengaluru,8,"{""type"":""MultiPoint"",""coordinates"":[]}",-9.76629238712108,-14.248505444896482,-8.711330674062935,-16.208269499252815
1_1_1_1_2_416_0_1_1_1_1_2_416_0,0.273,0.2299,0.2457,0.19725,0.1065,0.139,0.1528,0.163,0.17955,0.18785,0.2584,0.22055,6,6,-0.28229216,-0.17027234,0.027474595,0.020757021,0.18004338,0.08006856,-0.25680932,-0.15004563,13.068106848436122,77.5576221062061,3916.0,Bengaluru,8,"{""type"":""MultiPoint"",""coordinates"":[]}",-0.33853392330834225,-16.03177786866342,0.968392660717719,-15.849689946133424
1_1_1_1_2_417_0_1_1_1_1_2_417_0,0.31955,0.30915,0.2576,0.23585,0.10075,0.0989,0.1454,0.1262,0.1824,0.16575,0.2881,0.25365,6,6,-0.3745564,-0.4202366,0.05175677,0.098614074,0.22465463,0.20958512,-0.32918108,-0.33552718,12.81819553639407,77.70620345419947,3917.0,Bengaluru,8,"{""type"":""MultiPoint"",""coordinates"":[]}",-8.201467914378622,-14.724310673213667,-5.911568148677966,-13.409026891239403
1_1_1_1_2_418_0_1_1_1_1_2_418_0,0.2989,0.38745,0.22445,0.28865,0.07285,0.1,0.1092,0.1418,0.13535,0.1956,0.24665,0.28285,6,6,-0.46483704,-0.4641474,0.095774904,0.15604953,0.29136124,0.18235971,-0.38625824,-0.33215588,12.800858051410565,77.50237571623275,3918.0,Bengaluru,8,"{""type"":""MultiPoint"",""coordinates"":[]}",-10.080940039912766,-14.872072181945013,-8.015866663729991,-15.860605736111273
1_1_1_1_2_419_0_1_1_1_1_2_419_0,0.2041,0.21995,0.15275,0.1277,0.0459,0.055,0.07535,0.0795,0.08645,0.0759,0.2321,0.27075,5,6,-0.46072644,-0.46902654,-0.06419074,-0.10352558,0.45722806,0.56209433,-0.509839,-0.54603857,13.060201673935868,77.76926518714465,3919.0,Bengaluru,8,"{""type"":""MultiPoint"",""coordinates"":[]}",-8.250240709851017,-14.623806400862051,-7.8591609989475275,-14.639444090051288
1_1_1_1_2_420_0_1_1_1_1_2_420_0,0.21295,0.249,0.14105,0.1526,0.0461,0.0455,0.09455,0.0822,0.1028,0.07255,0.2119,0.342,4,4,-0.38504064,-0.5036232,0.0024714605,-0.1573604,0.3466794,0.6499819,-0.3829336,-0.61244696,12.87155546427077,77.70458648668804,3920.0,Bengaluru,8,"{""type"":""MultiPoint"",""coordinates"":[]}",-7.870241781440397,-14.56317779834793,-7.539659203874845,-15.03604749655098
1_1_1_1_2_421_0_1_1_1_1_2_421_0,0.2427,0.534,0.15485,0.38275,0.0297,0.1223,0.0494,0.176,0.0572,0.2668,0.25635,0.3475,1,7,-0.6617597,-0.5042254,-0.027351968,0.21157119,0.6351459,0.13136904,-0.67686015,-0.32760268,13.144643310643104,77.6892252953296,3921.0,Bengaluru,8,"{""type"":""MultiPoint"",""coordinates"":[]}",-11.635915621834092,-15.280209636630753,-11.974127511877363,-18.72307865591573
1_1_1_1_2_422_0_1_1_1_1_2_422_0,0.2385,0.2609,0.161,0.19465,0.0319,0.0876,0.05465,0.1027,0.0589,0.1156,0.22345,0.21835,1,4,-0.62715334,-0.43509352,0.032579284,0.08878456,0.58278733,0.3076808,-0.6069759,-0.36022428,12.8868268241008,77.41496963908791,3922.0,Bengaluru,8,"{""type"":""MultiPoint"",""coordinates"":[]}",-8.593188254364161,-13.968189054580577,-6.88067061384565,-14.320775962784744
1_1_1_1_2_423_0_1_1_1_1_2_423_0,0.1722,0.26765,0.13975,0.2388,0.04615,0.0995,0.0672,0.1232,0.0686,0.1439,0.1852,0.18815,6,6,-0.4385965,-0.36957914,-0.036373813,0.1744186,0.45941687,0.13326307,-0.4675119,-0.20860767,12.959320867529248,77.71599509079637,3923.0,Bengaluru,8,"{""type"":""MultiPoint"",""coordinates"":[]}",-3.029394461733717,-13.593635572610276,6.203789382164633,-8.758835422504173
1_1_1_1_2_424_0_1_1_1_1_2_424_0,0.30715,0.38945,0.21875,0.3265,0.05415,0.1236,0.08685,0.1698,0.1152,0.24825,0.25215,0.30185,4,6,-0.55913705,-0.39275816,0.09833721,0.12671778,0.37280524,0.09743683,-0.4876106,-0.27997455,12.94934956787552,77.6508672326977,3924.0,Bengaluru,8,"{""type"":""MultiPoint"",""coordinates"":[]}",-10.433173979539916,-14.806552708844908,-10.11399940700144,-18.109174053360835
1_1_1_1_2_425_0_1_1_1_1_2_425_0,0.3058,0.28665,0.21945,0.23015,0.0629,0.07275,0.10285,0.10225,0.13425,0.12485,0.29295,0.2228,6,6,-0.49663526,-0.47415787,0.021461379,0.12533124,0.37148875,0.2817489,-0.48029307,-0.37086603,12.911710157470912,77.71626458538161,3925.0,Bengaluru,8,"{""type"":""MultiPoint"",""coordinates"":[]}",-8.879056163421106,-15.16217865314091,-7.147783575494087,-15.38873765711042
1_1_1_1_2_426_0_1_1_1_1_2_426_0,0.128,0.15585,0.07975,0.10375,0.02205,0.0471,0.03545,0.06435,0.03165,0.06165,0.1371,0.17585,6,6,-0.5662282,-0.41553134,-0.03432667,-0.060295448,0.6248889,0.4808421,-0.5891046,-0.4641965,12.980970265876527,77.58573937459904,3926.0,Bengaluru,8,"{""type"":""MultiPoint"",""coordinates"":[]}",-7.290914826760285,-13.645497616466528,-7.128742868101094,-14.384397029103722
1_1_1_1_2_427_0_1_1_1_1_2_427_0,0.04725,0.17275,0.03545,0.13015,0.0273,0.0643,0.0424,0.08425,0.03195,0.10895,0.09535,0.20415,0,0,-0.054099277,-0.34435797,-0.33730716,-0.08331122,0.49803615,0.3040562,-0.38439202,-0.41574204,12.966237895216969,77.35298588448367,3927.0,Bengaluru,8,"{""type"":""MultiPoint"",""coordinates"":[]}",-8.067370243635107,-15.930367855155756,-8.73675271112327,-14.418008892176868
1_1_1_1_2_428_0_1_1_1_1_2_428_0,0.2337,0.1788,0.1498,0.18385,0.04035,0.0557,0.05535,0.0656,0.07675,0.08925,0.17245,0.1137,5,5,-0.61702126,-0.46317512,0.15080635,0.2225641,0.38402888,0.12047302,-0.5140474,-0.2682655,12.78504770241006,77.76306681168423,3928.0,Bengaluru,8,"{""type"":""MultiPoint"",""coordinates"":[]}",-12.598874492180164,-18.37156481057501,-12.822726521066965,-17.51778143309181
1_1_1_1_2_429_0_1_1_1_1_2_429_0,0.0123,0.2052,0.00795,0.091,0.021,0.0464,0.02315,0.0754,0.02155,0.0445,0.01035,0.51205,0,1,0.30606487,-0.46258017,0.08609272,-0.42781457,-0.35109717,0.8400862,0.38208956,-0.7432973,12.764206787818487,77.42799521070765,3929.0,Bengaluru,8,"{""type"":""MultiPoint"",""coordinates"":[]}",-8.25650887483687,-15.493496701074704,-8.185464233359777,-13.336592600675072
1_1_1_1_2_430_0_1_1_1_1_2_430_0,0.2105,0.30415,0.1591,0.2474,0.02815,0.1457,0.05195,0.1921,0.07745,0.2451,0.2141,0.29525,6,6,-0.60411507,-0.22579345,-0.008478568,0.014848182,0.46870178,0.09281021,-0.6094719,-0.21165487,12.917998364459748,77.6989271003981,3930.0,Bengaluru,8,"{""type"":""MultiPoint"",""coordinates"":[]}",-10.124654539583243,-15.413307152917765,-9.692005766298804,-17.94491001228929
1_1_1_1_2_431_0_1_1_1_1_2_431_0,0.2391,0.2578,0.21285,0.21945,0.1125,0.1259,0.1345,0.1568,0.18855,0.2057,0.2141,0.2359,6,6,-0.27997857,-0.2436083,0.055163283,0.044358924,0.06345461,0.06838768,-0.22834194,-0.20142603,12.972256607620569,77.53184045755187,3931.0,Bengaluru,8,"{""type"":""MultiPoint"",""coordinates"":[]}",3.120750717101701,-14.193958669673087,3.327177651644668,-12.312947709527833
1_1_1_1_2_432_0_1_1_1_1_2_432_0,0.0247,0.0196,0.01605,0.0158,0.0082,0.026,0.02055,0.04165,0.00815,0.02535,0.0298,0.037,3,0,-0.091712706,0.36,-0.09357798,-0.3074205,0.5704875,0.18684843,-0.183714,0.059122697,13.139433081995213,77.62643305696965,3932.0,Bengaluru,8,"{""type"":""MultiPoint"",""coordinates"":[]}",-16.59844500723974,-21.50938988554811,-20.134600291966777,-31.946023840548264
1_1_1_1_2_433_0_1_1_1_1_2_433_0,0.26595,0.3259,0.1781,0.26845,0.04345,0.129,0.0733,0.1649,0.0898,0.2109,0.29295,0.27435,6,6,-0.5678703,-0.32803586,-0.048309177,0.08588088,0.5307642,0.13075735,-0.599727,-0.24917473,13.12613801579024,77.52941500628474,3933.0,Bengaluru,8,"{""type"":""MultiPoint"",""coordinates"":[]}",-9.672263255257322,-15.25524225682412,-2.8049461952692845,-17.811968498290728
1_1_1_1_2_434_0_1_1_1_1_2_434_0,0.31575,0.308,0.25015,0.26705,0.1024,0.10295,0.1529,0.1454,0.2056,0.18115,0.28905,0.24175,6,6,-0.34748745,-0.35862374,0.044146825,0.12050932,0.16870515,0.14329629,-0.30806652,-0.24886994,12.822417618229432,77.7080000847677,3934.0,Bengaluru,8,"{""type"":""MultiPoint"",""coordinates"":[]}",-8.8635201342103,-16.493557629435898,-7.932646580822414,-15.778936611876752
1_1_1_1_2_435_0_1_1_1_1_2_435_0,0.0579,0.08965,0.0349,0.0661,0.0243,0.055,0.04455,0.06805,0.0374,0.067,0.1248,0.12185,3,3,-0.13030747,-0.13696893,-0.36617404,-0.15224586,0.53884095,0.29044214,-0.4738707,-0.28330702,13.089486752198166,77.76630074670706,3935.0,Bengaluru,8,"{""type"":""MultiPoint"",""coordinates"":[]}",-10.612552769293739,-14.83722514766762,-8.71299618629996,-14.035195917116617
1_1_1_1_2_436_0_1_1_1_1_2_436_0,0.1877,0.1963,0.1412,0.14625,0.0328,0.0447,0.05535,0.07205,0.06095,0.073,0.19895,0.1993,6,6,-0.54453814,-0.46301472,-0.029096082,-0.0075834175,0.53097343,0.46382666,-0.5646874,-0.46895155,12.965249748404435,77.62068383915128,3936.0,Bengaluru,8,"{""type"":""MultiPoint"",""coordinates"":[]}",-6.714218319300597,-12.190136507788232,-7.614695709318415,-11.493379247917384
1_1_1_1_2_437_0_1_1_1_1_2_437_0,0.208,0.2071,0.18035,0.16405,0.0404,0.05195,0.04935,0.0652,0.0571,0.0684,0.1478,0.1817,6,6,-0.61647564,-0.52111644,0.16919617,0.06532922,0.44265497,0.45301878,-0.49936596,-0.47185096,12.83616184207646,77.79980790680472,3937.0,Bengaluru,8,"{""type"":""MultiPoint"",""coordinates"":[]}",-6.28053291267766,-13.336456213469642,-6.196839963895453,-13.074433769124704
1_1_1_1_2_438_0_1_1_1_1_2_438_0,0.24065,0.24175,0.20355,0.21085,0.0769,0.0806,0.1108,0.1056,0.1319,0.11295,0.24235,0.2253,6,6,-0.36946934,-0.39196774,-0.0035196687,0.03522107,0.29512358,0.3321508,-0.3725046,-0.3617407,12.808583562853991,77.69623215454574,3938.0,Bengaluru,8,"{""type"":""MultiPoint"",""coordinates"":[]}",-5.497045299994077,-13.479358060709519,-5.980347965832124,-13.556613049363701
1_1_1_1_2_439_0_1_1_1_1_2_439_0,0.20615,0.2192,0.1783,0.1749,0.09715,0.1126,0.1265,0.1356,0.14755,0.15365,0.17095,0.19545,6,6,-0.23944086,-0.2356257,0.09334394,0.05727722,0.073469386,0.11973646,-0.14943688,-0.1807884,13.027233503008684,77.53579304480199,3939.0,Bengaluru,8,"{""type"":""MultiPoint"",""coordinates"":[]}",-5.927328377507975,-14.122859057333027,-5.686689128322541,-14.660814624787669
1_1_1_1_2_440_0_1_1_1_1_2_440_0,0.0087,0.0223,0.00785,0.01925,0.00425,0.032,0.02275,0.0443,0.01595,0.0317,0.00105,0.02475,0,0,0.44674087,0.33033034,0.7846154,-0.052072264,-0.87647057,-0.123117805,0.9117647,0.28312817,12.921681457124638,77.64062643845874,3940.0,Bengaluru,8,"{""type"":""MultiPoint"",""coordinates"":[]}",-19.04752676323708,-26.83915524628714,-18.665766423582177,-27.038023572893586
1_1_1_1_2_441_0_1_1_1_1_2_441_0,0.3157,0.3169,0.2415,0.24115,0.0763,0.08155,0.10465,0.1057,0.1293,0.1438,0.24825,0.2288,5,5,-0.5020816,-0.49976337,0.1196028,0.16144402,0.3150576,0.22812667,-0.40691414,-0.36801195,12.90838639091967,77.37418612518888,3941.0,Bengaluru,8,"{""type"":""MultiPoint"",""coordinates"":[]}",-9.913493997164352,-16.950638062568697,-11.220161694604581,-16.50268506802733
1_1_1_1_2_442_0_1_1_1_1_2_442_0,0.27855,0.2392,0.1964,0.17175,0.0478,0.0515,0.07345,0.07255,0.10555,0.08425,0.2188,0.2319,5,1,-0.58267045,-0.53456295,0.12013672,0.015495649,0.34915987,0.46702516,-0.49734816,-0.52340287,13.115358232380808,77.3696945487683,3942.0,Bengaluru,8,"{""type"":""MultiPoint"",""coordinates"":[]}",-10.031563868698058,-16.292602227960984,-8.524478905277867,-16.637561899473422
1_1_1_1_2_443_0_1_1_1_1_2_443_0,0.256,0.3779,0.1549,0.26425,0.0445,0.115,0.0651,0.1587,0.0869,0.21305,0.2398,0.271,5,5,-0.59451884,-0.40849796,0.032674465,0.16474032,0.46801347,0.119719036,-0.57297474,-0.26134512,13.109519183034031,77.78076362278138,3943.0,Bengaluru,8,"{""type"":""MultiPoint"",""coordinates"":[]}",-10.181906755450063,-14.900394037504793,-10.520483454896532,-17.51793216807504
1_1_1_1_2_444_0_1_1_1_1_2_444_0,0.2982,0.39865,0.199,0.34355,0.04435,0.1057,0.0778,0.1609,0.0958,0.2269,0.2692,0.2954,5,6,-0.5861702,-0.42489502,0.051110327,0.14876449,0.47506848,0.13115068,-0.551585,-0.29476222,12.769776342580029,77.51845555981849,3944.0,Bengaluru,8,"{""type"":""MultiPoint"",""coordinates"":[]}",-10.052046580530725,-15.021147114045469,-10.825326052800058,-19.240783943211014
1_1_1_1_2_445_0_1_1_1_1_2_445_0,0.32255,0.3444,0.2465,0.2814,0.0692,0.08495,0.0968,0.1183,0.13515,0.16335,0.22735,0.24985,5,6,-0.5383331,-0.48865354,0.17312239,0.15910812,0.25434482,0.20934172,-0.40274563,-0.35732716,12.959410699057658,77.35837577618838,3945.0,Bengaluru,8,"{""type"":""MultiPoint"",""coordinates"":[]}",-10.259501269312786,-16.951001645686418,-9.434875037127542,-14.832399417064437
1_1_1_1_2_446_0_1_1_1_1_2_446_0,0.2117,0.2051,0.18855,0.17035,0.09155,0.08895,0.1131,0.1001,0.1263,0.1079,0.1743,0.165,6,6,-0.30357143,-0.3440367,0.096891195,0.10834909,0.15968063,0.20923415,-0.21294363,-0.24481328,13.025796198554092,77.6282296875379,3946.0,Bengaluru,8,"{""type"":""MultiPoint"",""coordinates"":[]}",-7.0908355574541755,-15.994182188524345,-0.04184787242648955,-16.00539100011585
1_1_1_1_2_447_0_1_1_1_1_2_447_0,0.25805,0.20885,0.1733,0.13665,0.03905,0.0498,0.0675,0.0674,0.0927,0.07545,0.22775,0.2059,6,6,-0.58531713,-0.5120362,0.062371347,0.0071127187,0.4214386,0.46365738,-0.5427604,-0.5067691,13.120209134915052,77.59418353826976,3947.0,Bengaluru,8,"{""type"":""MultiPoint"",""coordinates"":[]}",-9.163473826223418,-15.509268665326994,-8.139412711316453,-14.883301173067164
1_1_1_1_2_448_0_1_1_1_1_2_448_0,0.3652,0.2493,0.2695,0.15855,0.0604,0.0554,0.1007,0.07665,0.15995,0.0971,0.2708,0.2166,6,6,-0.5677184,-0.52968246,0.14842768,0.070186734,0.25734183,0.3809372,-0.4578735,-0.47723785,13.077090001277316,77.62634322544125,3948.0,Bengaluru,8,"{""type"":""MultiPoint"",""coordinates"":[]}",-11.679722667038462,-18.385717347257856,-9.955405852177346,-16.24940601815133
1_1_1_1_2_449_0_1_1_1_1_2_449_0,0.41205,0.4318,0.32595,0.35555,0.0924,0.07795,0.1374,0.1157,0.19065,0.19455,0.2787,0.264,4,4,-0.4998635,-0.57735157,0.19305103,0.24116126,0.18759987,0.15145567,-0.33958182,-0.3905715,13.041606547554595,77.39709316493393,3949.0,Bengaluru,8,"{""type"":""MultiPoint"",""coordinates"":[]}",-11.364923934364114,-19.33392053944631,-9.959148206990827,-18.78075747148413
1_1_1_1_2_450_0_1_1_1_1_2_450_0,0.3618,0.40555,0.2607,0.3162,0.0591,0.07635,0.0883,0.1087,0.1338,0.1711,0.2514,0.251,5,4,-0.60764277,-0.5772484,0.18003914,0.23539715,0.30529594,0.18929164,-0.48012954,-0.39560744,13.032084405542928,77.38128281593343,3950.0,Bengaluru,8,"{""type"":""MultiPoint"",""coordinates"":[]}",-10.835612914930017,-16.05505970072206,-10.974163075032436,-17.59004432782901
1_1_1_1_2_451_0_1_1_1_1_2_451_0,0.27575,0.35995,0.1886,0.2539,0.04405,0.075,0.07275,0.1064,0.0906,0.13225,0.2623,0.2653,3,5,-0.5824964,-0.5436904,0.024997678,0.15137945,0.4865401,0.3346749,-0.5657365,-0.4274953,12.759984705983126,77.6117905178385,3951.0,Bengaluru,8,"{""type"":""MultiPoint"",""coordinates"":[]}",-11.884849082197865,-16.810577187541586,-11.205661447763802,-16.301938937240777
1_1_1_1_2_452_0_1_1_1_1_2_452_0,0.2502,0.2723,0.20965,0.23535,0.07045,0.1106,0.1032,0.1356,0.1321,0.16985,0.2477,0.23955,6,6,-0.41595924,-0.33513117,0.0050210888,0.06398359,0.30437073,0.17024915,-0.41179824,-0.27708918,13.041786210611418,77.48746368251636,3952.0,Bengaluru,8,"{""type"":""MultiPoint"",""coordinates"":[]}",-6.821517931226872,-14.310042711403476,-7.3683170159703355,-14.378405372049357
1_1_1_1_2_453_0_1_1_1_1_2_453_0,0.22855,0.25115,0.14165,0.19075,0.02525,0.0599,0.04945,0.0799,0.05195,0.09545,0.2182,0.1774,1,1,-0.6442446,-0.51729345,0.02316732,0.17209193,0.6153988,0.30034816,-0.63048756,-0.3789351,12.887904802441744,77.50237571623275,3953.0,Bengaluru,8,"{""type"":""MultiPoint"",""coordinates"":[]}",-9.652322745307867,-15.67850589419687,-9.54437956879383,-14.375993562003764
1_1_1_1_2_454_0_1_1_1_1_2_454_0,0.30035,0.337,0.20775,0.2496,0.03985,0.0715,0.0655,0.09795,0.0932,0.14245,0.22645,0.22505,5,5,-0.64192975,-0.5496034,0.14028095,0.19918157,0.4168622,0.2247619,-0.551293,-0.39349845,12.864907931168284,77.46949737683397,3954.0,Bengaluru,8,"{""type"":""MultiPoint"",""coordinates"":[]}",-9.269402686423474,-16.083603559951136,-11.555602840139848,-17.94882864127797
1_1_1_1_2_455_0_1_1_1_1_2_455_0,0.26215,0.3153,0.1769,0.2248,0.0411,0.0583,0.0635,0.0789,0.086,0.1073,0.22085,0.19985,1,1,-0.61001074,-0.59969556,0.085507244,0.22410949,0.43946552,0.3013186,-0.5533673,-0.43390134,12.77130347856303,77.59094960324693,3955.0,Bengaluru,8,"{""type"":""MultiPoint"",""coordinates"":[]}",-8.367694086151106,-15.81752956954654,-9.716114281478369,-16.159159987867405
1_1_1_1_2_456_0_1_1_1_1_2_456_0,0.25405,0.3061,0.19355,0.26435,0.062,0.08845,0.0908,0.1158,0.1078,0.1419,0.18455,0.192,1,6,-0.47339422,-0.45105475,0.15845874,0.22907047,0.2625278,0.15004492,-0.34047577,-0.24756335,13.03765396030447,77.39080495794511,3956.0,Bengaluru,8,"{""type"":""MultiPoint"",""coordinates"":[]}",-10.170674557564235,-18.07278409254563,-9.123795244742906,-17.579468245925668
1_1_1_1_2_457_0_1_1_1_1_2_457_0,0.37875,0.3289,0.2935,0.2425,0.08185,0.0663,0.1145,0.0883,0.14365,0.11605,0.2346,0.21055,4,6,-0.5357324,-0.5767018,0.23502079,0.21939012,0.24044944,0.28934476,-0.3440275,-0.4090681,12.90425414061272,77.38200146816072,3957.0,Bengaluru,8,"{""type"":""MultiPoint"",""coordinates"":[]}",-10.399454816418807,-16.65280455958375,-8.642120623387079,-16.33383348428553
1_1_1_1_2_458_0_1_1_1_1_2_458_0,0.41495,0.41295,0.3355,0.35325,0.06135,0.1253,0.1004,0.1682,0.1706,0.2334,0.2459,0.3014,5,6,-0.6103619,-0.42114773,0.25580692,0.15615594,0.18079232,0.12715034,-0.42015594,-0.28364566,13.10763272093738,77.44218859219674,3958.0,Bengaluru,8,"{""type"":""MultiPoint"",""coordinates"":[]}",-12.64882500034246,-19.840916425711768,-7.337547117908258,-18.16410752259295
1_1_1_1_2_459_0_1_1_1_1_2_459_0,0.1704,0.23335,0.1054,0.1513,0.0337,0.06525,0.04935,0.0844,0.0564,0.11205,0.19755,0.22765,1,1,-0.55085325,-0.46876475,-0.0737872,0.012364425,0.5558181,0.34030026,-0.60024303,-0.45906106,13.03217423707134,77.39349990379746,3959.0,Bengaluru,8,"{""type"":""MultiPoint"",""coordinates"":[]}",-9.270856713080391,-15.177738543624057,-9.882326731423486,-14.637840647846026
1_1_1_1_2_460_0_1_1_1_1_2_460_0,0.26165,0.28735,0.1899,0.21565,0.04685,0.0586,0.07345,0.07715,0.1083,0.1088,0.2106,0.20615,1,1,-0.5616234,-0.57668036,0.10809952,0.16453901,0.32079023,0.3090967,-0.48283753,-0.4553477,13.056608412799392,77.44227842372516,3960.0,Bengaluru,8,"{""type"":""MultiPoint"",""coordinates"":[]}",-10.43746518222233,-16.31029670310497,-10.851173669205995,-16.324396449461545
1_1_1_1_2_461_0_1_1_1_1_2_461_0,0.33925,0.3381,0.2579,0.2376,0.061,0.063,0.08735,0.09205,0.12445,0.1382,0.2496,0.2489,4,4,-0.5904829,-0.57200974,0.15224591,0.15195912,0.33458093,0.28597263,-0.48152545,-0.46003813,12.875597883049307,77.71599509079637,3961.0,Bengaluru,8,"{""type"":""MultiPoint"",""coordinates"":[]}",-10.381011311011221,-18.118863787613176,-9.845416411400254,-16.284768396060592
1_1_1_1_2_462_0_1_1_1_1_2_462_0,0.32335,0.28285,0.2795,0.24845,0.1214,0.1215,0.1612,0.1539,0.2065,0.1814,0.2832,0.2259,6,6,-0.33464038,-0.295249,0.06619405,0.11194103,0.15662651,0.109256074,-0.27452746,-0.18957347,12.916111902363095,77.4975248136985,3962.0,Bengaluru,8,"{""type"":""MultiPoint"",""coordinates"":[]}",-6.639190728815651,-17.715578975437076,-7.062796607691063,-13.11693385937265
1_1_1_1_2_463_0_1_1_1_1_2_463_0,0.35395,0.28385,0.25255,0.18925,0.0846,0.05475,0.1214,0.0977,0.1646,0.1135,0.2705,0.3045,4,4,-0.48921847,-0.48787838,0.1336376,-0.035098154,0.24339232,0.4569378,-0.38045418,-0.5141721,13.118592167403635,77.76549226295135,3963.0,Bengaluru,8,"{""type"":""MultiPoint"",""coordinates"":[]}",-10.638683746565356,-18.263614019301627,-9.585839616197042,-17.73296883264223
1_1_1_1_2_464_0_1_1_1_1_2_464_0,0.32395,0.3605,0.2238,0.2611,0.0546,0.09415,0.0876,0.1295,0.1089,0.1784,0.26625,0.285,4,4,-0.5742923,-0.47142857,0.09776347,0.116963595,0.41943222,0.23003884,-0.50487494,-0.37515077,12.75657110790347,77.72605622197851,3964.0,Bengaluru,8,"{""type"":""MultiPoint"",""coordinates"":[]}",-10.247425217673737,-17.192788597373525,-10.882898008933621,-17.061593623783857
1_1_1_1_2_465_0_1_1_1_1_2_465_0,0.25675,0.2702,0.1656,0.1929,0.0344,0.05,0.05435,0.0623,0.05685,0.07355,0.227,0.20365,5,5,-0.65059465,-0.62526315,0.06149871,0.14044529,0.59943634,0.4693362,-0.6136485,-0.53149086,12.852511180247436,77.36340634177945,3965.0,Bengaluru,8,"{""type"":""MultiPoint"",""coordinates"":[]}",-9.975286189835264,-15.460461671831332,-9.613903379333292,-16.34288504842227
1_1_1_1_2_466_0_1_1_1_1_2_466_0,0.3829,0.223,0.34205,0.16775,0.1415,0.1163,0.1988,0.1408,0.2738,0.1535,0.3026,0.2545,6,6,-0.31648615,-0.22594832,0.11714077,-0.06596859,0.049965303,0.24754901,-0.20702034,-0.28762963,12.964710759233965,77.69398636633544,3966.0,Bengaluru,8,"{""type"":""MultiPoint"",""coordinates"":[]}",-12.527367779343589,-17.538241914099977,-10.236954619134282,-16.44622335063857
1_1_1_1_2_467_0_1_1_1_1_2_467_0,0.24825,0.3285,0.1826,0.26365,0.0394,0.1083,0.0718,0.156,0.10645,0.2056,0.20075,0.2606,6,6,-0.55132014,-0.35603714,0.105790645,0.115260564,0.30696616,0.117975116,-0.4731242,-0.2510802,13.069364489833887,77.67422343008481,3967.0,Bengaluru,8,"{""type"":""MultiPoint"",""coordinates"":[]}",-9.791242019143272,-15.763338707623333,-9.332831922720628,-17.18080562494578
1_1_1_1_2_468_0_1_1_1_1_2_468_0,0.3101,0.35,0.2328,0.2752,0.0923,0.10145,0.1433,0.1362,0.17235,0.18035,0.2621,0.2598,6,6,-0.36788708,-0.43973672,0.08388675,0.14791735,0.20658304,0.18050665,-0.2930439,-0.3121212,12.890330253708868,77.55564581258103,3968.0,Bengaluru,8,"{""type"":""MultiPoint"",""coordinates"":[]}",-5.118363610751807,-13.309751898387237,-2.904594123534068,-15.662855962377236
1_1_1_1_2_469_0_1_1_1_1_2_469_0,0.3001,0.4072,0.2295,0.31335,0.094,0.1118,0.1513,0.161,0.2159,0.2163,0.26445,0.33,0,4,-0.3296411,-0.43329814,0.06314764,0.10472056,0.10107213,0.20812741,-0.27215874,-0.34419551,12.773189940659682,77.71967818346126,3969.0,Bengaluru,8,"{""type"":""MultiPoint"",""coordinates"":[]}",-11.951412875306463,-19.19237062121708,-11.322817836375707,-18.075391446044755
1_1_1_1_2_470_0_1_1_1_1_2_470_0,0.33775,0.35465,0.2543,0.29545,0.0691,0.1162,0.1044,0.1591,0.15195,0.1975,0.23335,0.29085,6,6,-0.52776206,-0.3806326,0.1828051,0.09883811,0.21126395,0.19115388,-0.38179126,-0.29281032,12.830951613428567,77.69883726886968,3970.0,Bengaluru,8,"{""type"":""MultiPoint"",""coordinates"":[]}",-9.592791951187928,-17.83442223235741,-5.187821119827454,-15.709325035810123
1_1_1_1_2_471_0_1_1_1_1_2_471_0,0.2202,0.2391,0.1423,0.14795,0.0408,0.05225,0.067,0.08555,0.07915,0.0706,0.21775,0.37375,4,6,-0.53342617,-0.4729709,0.005594246,-0.21971118,0.46682385,0.6822325,-0.5294118,-0.6274766,12.818644694036127,77.73045796687069,3971.0,Bengaluru,8,"{""type"":""MultiPoint"",""coordinates"":[]}",-8.626811785999243,-16.81147812022473,-9.611253062262406,-15.02836870009264
1_1_1_1_2_472_0_1_1_1_1_2_472_0,0.235,0.2526,0.233,0.23915,0.0888,0.1306,0.1101,0.1492,0.13265,0.16855,0.23345,0.22865,6,6,-0.36192408,-0.25734195,0.0033087842,0.049766235,0.2753346,0.15130916,-0.35904527,-0.21026863,13.018070687110663,77.59427336979817,3972.0,Bengaluru,8,"{""type"":""MultiPoint"",""coordinates"":[]}",0.49915368551809125,-10.886817386730252,-2.0074365302603194,-12.249829952089442
1_1_1_1_2_473_0_1_1_1_1_2_473_0,0.1756,0.27625,0.10275,0.18455,0.0245,0.062,0.042,0.0849,0.0396,0.08745,0.2179,0.2469,1,4,-0.6139706,-0.5298352,-0.10749682,0.056102455,0.69242716,0.47689548,-0.67679876,-0.48824593,12.960758171983835,77.78247042182122,3973.0,Bengaluru,8,"{""type"":""MultiPoint"",""coordinates"":[]}",-9.808759245106234,-15.102730894797379,-10.542947639745368,-16.569843348448913
1_1_1_1_2_474_0_1_1_1_1_2_474_0,0.20025,0.23455,0.2031,0.222,0.1224,0.1238,0.1379,0.153,0.1676,0.177,0.1821,0.20055,6,6,-0.18438563,-0.21042447,0.047469597,0.078142956,0.041464113,0.062375844,-0.138125,-0.134493,12.936413827784198,77.61969569233875,3974.0,Bengaluru,8,"{""type"":""MultiPoint"",""coordinates"":[]}",-5.642519128570234,-11.209905158009716,-3.293810397649742,-8.622970842249188
1_1_1_1_2_475_0_1_1_1_1_2_475_0,0.4042,0.37295,0.3042,0.2784,0.07605,0.0812,0.1219,0.1133,0.18105,0.1551,0.28095,0.2343,6,6,-0.53659,-0.5339846,0.17988762,0.22832441,0.21623376,0.20338982,-0.39481196,-0.34810126,13.041965873668245,77.75372433272939,3975.0,Bengaluru,8,"{""type"":""MultiPoint"",""coordinates"":[]}",-10.301653177701482,-18.32364264974035,-6.662447314175718,-15.180913387102322
1_1_1_1_2_476_0_1_1_1_1_2_476_0,0.19835,0.22735,0.17555,0.2001,0.0507,0.0696,0.07085,0.09115,0.08225,0.10265,0.17225,0.17915,6,6,-0.47362557,-0.4276295,0.07042634,0.11857319,0.35363457,0.27146912,-0.4171123,-0.32556418,12.780376462932638,77.74492084294502,3976.0,Bengaluru,8,"{""type"":""MultiPoint"",""coordinates"":[]}",-6.5481088135379775,-16.277081508839103,-7.521133918330367,-16.676280137160603
1_1_1_1_2_477_0_1_1_1_1_2_477_0,0.46295,0.4304,0.40725,0.3679,0.0946,0.0876,0.1443,0.1279,0.22955,0.1962,0.31365,0.26945,4,4,-0.52474266,-0.5418234,0.19224826,0.22997785,0.15482327,0.15730698,-0.3698002,-0.35623506,13.062806788259817,77.39251175698493,3977.0,Bengaluru,8,"{""type"":""MultiPoint"",""coordinates"":[]}",-11.692134168973777,-19.45651331431482,-11.847568107515896,-17.467254567249743
1_1_1_1_2_478_0_1_1_1_1_2_478_0,0.247,0.2376,0.24005,0.21365,0.1362,0.1363,0.1758,0.1633,0.2087,0.1887,0.24205,0.2159,6,6,-0.16840114,-0.185333,0.010121664,0.047850054,0.0739878,0.067226894,-0.15854973,-0.13871308,13.001541685882865,77.50525032514193,3978.0,Bengaluru,8,"{""type"":""MultiPoint"",""coordinates"":[]}",-2.011973932240428,-16.450920089434113,-1.2476329969708315,-15.945133246430764
1_1_1_1_2_479_0_1_1_1_1_2_479_0,0.27725,0.31585,0.2057,0.25245,0.03495,0.1041,0.0719,0.1361,0.09855,0.18375,0.2617,0.28465,6,6,-0.58814263,-0.397721,0.028852398,0.051956702,0.45287994,0.21541418,-0.5689449,-0.35306,12.84855859299731,77.62050417609446,3979.0,Bengaluru,8,"{""type"":""MultiPoint"",""coordinates"":[]}",-7.361038286728633,-13.5355579965003,-4.644884762480372,-13.48781267355
1_1_1_1_2_480_0_1_1_1_1_2_480_0,0.3271,0.29595,0.22725,0.20365,0.07935,0.0997,0.0999,0.124,0.1255,0.15485,0.2063,0.2268,5,5,-0.5320843,-0.4094535,0.22647169,0.1322812,0.2435202,0.18852352,-0.3474853,-0.29304448,12.770135668693676,77.52267764165384,3980.0,Bengaluru,8,"{""type"":""MultiPoint"",""coordinates"":[]}",-10.541227955794195,-17.749299655778177,-11.744544809100821,-18.01481243228817
1_1_1_1_2_481_0_1_1_1_1_2_481_0,0.2213,0.4617,0.14855,0.3572,0.0344,0.07075,0.05545,0.1179,0.06315,0.2218,0.2584,0.2805,1,5,-0.5992773,-0.5931677,-0.07734001,0.24413905,0.60721505,0.11686243,-0.6466465,-0.40813252,12.871465632742355,77.38083365829138,3981.0,Bengaluru,8,"{""type"":""MultiPoint"",""coordinates"":[]}",-10.200632127728595,-15.083709768040963,-10.353451544749529,-20.48121487149885
1_1_1_1_2_482_0_1_1_1_1_2_482_0,0.26205,0.2522,0.25555,0.2372,0.1504,0.1336,0.1886,0.1606,0.217,0.1852,0.22835,0.20955,6,6,-0.1629868,-0.22189923,0.06871941,0.092366,0.025485573,0.061684612,-0.09533517,-0.13224368,12.892576041919169,77.62993648657772,3982.0,Bengaluru,8,"{""type"":""MultiPoint"",""coordinates"":[]}",-0.7163932013961888,-13.853965660293783,-1.1670644483609007,-13.434602024085471
1_1_1_1_2_483_0_1_1_1_1_2_483_0,0.21605,0.35065,0.15205,0.27795,0.03135,0.07585,0.05575,0.108,0.09235,0.1744,0.19625,0.23615,1,4,-0.58977187,-0.5290527,0.048023283,0.1951261,0.36001387,0.15040798,-0.5575397,-0.3723667,12.985910999939184,77.79549599344095,3983.0,Bengaluru,8,"{""type"":""MultiPoint"",""coordinates"":[]}",-8.857501724035172,-16.541572921233456,-9.847512180215896,-18.65765630468644
1_1_1_1_2_484_0_1_1_1_1_2_484_0,0.35785,0.3663,0.28705,0.2947,0.1183,0.09355,0.1682,0.1311,0.21605,0.16195,0.29125,0.2916,6,6,-0.36051705,-0.47285888,0.10260361,0.11354309,0.14823575,0.28585604,-0.2678202,-0.3797019,12.99219920692802,77.76917535561624,3984.0,Bengaluru,8,"{""type"":""MultiPoint"",""coordinates"":[]}",-5.94560257688293,-14.209971037306106,-6.082059169175578,-14.493585652253017
1_1_1_1_2_485_0_1_1_1_1_2_485_0,0.29695,0.30015,0.19365,0.21065,0.0478,0.0598,0.07755,0.0849,0.1021,0.11495,0.25165,0.2082,1,1,-0.5858478,-0.5590183,0.08257382,0.18087931,0.4227562,0.2885657,-0.5288578,-0.42067555,12.779747642233756,77.5494474371206,3985.0,Bengaluru,8,"{""type"":""MultiPoint"",""coordinates"":[]}",-10.79387774573429,-16.913042310093005,-10.769621297966943,-15.793398175935147
1_1_1_1_2_486_0_1_1_1_1_2_486_0,0.40985,0.3851,0.31265,0.3321,0.07065,0.10215,0.10165,0.1406,0.1545,0.2031,0.2552,0.27085,5,6,-0.60254157,-0.46509415,0.23253891,0.17417486,0.2457896,0.14294757,-0.43029284,-0.31656337,13.049781216640085,77.45278871254935,3986.0,Bengaluru,8,"{""type"":""MultiPoint"",""coordinates"":[]}",-12.490355117951438,-18.225295490125323,-12.934821841789127,-18.237220612679764
1_1_1_1_2_487_0_1_1_1_1_2_487_0,0.2904,0.29965,0.19965,0.2159,0.05105,0.07735,0.07405,0.1112,0.10855,0.1552,0.20125,0.2694,5,1,-0.59363425,-0.45868322,0.18132818,0.053158775,0.2992253,0.26895902,-0.4620414,-0.4156595,12.921501794067815,77.43563089062266,3987.0,Bengaluru,8,"{""type"":""MultiPoint"",""coordinates"":[]}",-11.69940613854414,-16.157828276569433,-7.86671293828091,-14.675796694032142
1_1_1_1_2_488_0_1_1_1_1_2_488_0,0.29085,0.29605,0.2552,0.2585,0.1336,0.1379,0.1517,0.1637,0.17005,0.18255,0.26635,0.27375,6,6,-0.31442773,-0.28787383,0.04396985,0.03913654,0.2206691,0.1998685,-0.2742495,-0.2515716,12.927161180357768,77.5846613962581,3988.0,Bengaluru,8,"{""type"":""MultiPoint"",""coordinates"":[]}",-8.080625412932816,-15.719120677042335,-7.047150058321579,-16.013984230043956
1_1_1_1_2_489_0_1_1_1_1_2_489_0,0.46745,0.46025,0.37965,0.3494,0.0957,0.09365,0.1551,0.1355,0.21385,0.1978,0.3062,0.2872,5,5,-0.50172675,-0.5451112,0.20842758,0.2315205,0.17757908,0.1843299,-0.32755256,-0.35888338,12.860865512389749,77.39143377864399,3989.0,Bengaluru,8,"{""type"":""MultiPoint"",""coordinates"":[]}",-13.115018525822977,-18.006937103531687,-12.746653235938098,-19.225820652738207
1_1_1_1_2_490_0_1_1_1_1_2_490_0,0.43255,0.4538,0.34345,0.3604,0.0846,0.09165,0.1233,0.125,0.1827,0.1877,0.28665,0.27785,5,4,-0.5563551,-0.5680719,0.20286429,0.24048384,0.22147651,0.19364193,-0.39846322,-0.37942162,13.019957149207317,77.41496963908791,3990.0,Bengaluru,8,"{""type"":""MultiPoint"",""coordinates"":[]}",-12.31250267933277,-18.97339886004867,-12.195981534165645,-18.268877142532226
1_1_1_1_2_491_0_1_1_1_1_2_491_0,0.37125,0.28955,0.3119,0.2625,0.0931,0.106,0.1336,0.1317,0.1811,0.1629,0.2484,0.22325,6,6,-0.47073388,-0.3747181,0.19825707,0.12929018,0.15669383,0.15628642,-0.30052355,-0.25792366,13.09568512765859,77.44506320110592,3991.0,Bengaluru,8,"{""type"":""MultiPoint"",""coordinates"":[]}",-12.723199234907447,-18.80210620459316,-7.274150011699215,-16.890562526273552
1_1_1_1_2_492_0_1_1_1_1_2_492_0,0.31695,0.34305,0.2793,0.3099,0.0985,0.1416,0.1263,0.182,0.1679,0.2199,0.2254,0.2696,6,6,-0.43011844,-0.30673268,0.16880244,0.119889006,0.14619882,0.101532176,-0.28177425,-0.19397697,12.782442588086113,77.46859906154985,3992.0,Bengaluru,8,"{""type"":""MultiPoint"",""coordinates"":[]}",-4.473137374647639,-17.367402712909307,-1.7070373608218137,-18.402968084850208
1_1_1_1_2_493_0_1_1_1_1_2_493_0,0.27985,0.2554,0.2534,0.23445,0.1135,0.1233,0.151,0.1521,0.18705,0.18075,0.2558,0.2262,6,6,-0.29906,-0.25349694,0.044898722,0.06063123,0.15524444,0.11168448,-0.25762045,-0.19587629,12.93919860516497,77.48566705194813,3993.0,Bengaluru,8,"{""type"":""MultiPoint"",""coordinates"":[]}",-2.1180985922078097,-15.171762253831925,0.5460490647244838,-16.90010623209789
1_1_1_1_2_494_0_1_1_1_1_2_494_0,0.32835,0.2823,0.27295,0.2284,0.1025,0.09815,0.1514,0.1254,0.18795,0.15345,0.28075,0.24655,6,6,-0.36883792,-0.3848418,0.07814809,0.067599505,0.19799446,0.23275,-0.29931736,-0.3257158,12.89050991676569,77.63227210631644,3994.0,Bengaluru,8,"{""type"":""MultiPoint"",""coordinates"":[]}",-10.659917250531546,-16.57962656518345,-9.72778626665492,-16.378845390463503
1_1_1_1_2_495_0_1_1_1_1_2_495_0,0.3113,0.32755,0.21425,0.23185,0.04135,0.0635,0.0673,0.09135,0.0894,0.1191,0.2247,0.2193,4,1,-0.64447963,-0.56385773,0.16156717,0.19795191,0.43075454,0.2960993,-0.5390411,-0.41187832,12.806607269228929,77.64628582474869,3995.0,Bengaluru,8,"{""type"":""MultiPoint"",""coordinates"":[]}",-9.136885441947342,-15.824896512138114,-8.844962563722056,-15.42386408459115
1_1_1_1_2_496_0_1_1_1_1_2_496_0,0.42305,0.42025,0.3687,0.3533,0.1015,0.0931,0.1394,0.1318,0.23325,0.1979,0.30875,0.27015,4,4,-0.5043115,-0.522507,0.15619022,0.21741019,0.13929889,0.15436386,-0.37788686,-0.34419703,13.05930335865175,77.37310814684794,3996.0,Bengaluru,8,"{""type"":""MultiPoint"",""coordinates"":[]}",-12.560124739886865,-20.901382670472636,-10.808015944585547,-20.27869795580463
1_1_1_1_2_497_0_1_1_1_1_2_497_0,0.36175,0.3572,0.2794,0.2975,0.05625,0.1019,0.09445,0.1451,0.15015,0.1929,0.2545,0.28775,6,6,-0.58592725,-0.4222576,0.17403652,0.107682765,0.25787717,0.19733694,-0.4586617,-0.3295599,13.000373876013509,77.47758221439105,3997.0,Bengaluru,8,"{""type"":""MultiPoint"",""coordinates"":[]}",-10.918916481566088,-18.83929004552719,-6.231194955470784,-16.269153276379328
1_1_1_1_2_498_0_1_1_1_1_2_498_0,0.28685,0.2764,0.2199,0.2272,0.1208,0.0952,0.1545,0.1163,0.1678,0.1302,0.27985,0.252,6,6,-0.29987538,-0.40769035,0.012352214,0.046177138,0.25030717,0.31868133,-0.28859216,-0.36844963,12.840833081553882,77.61304815923627,3998.0,Bengaluru,8,"{""type"":""MultiPoint"",""coordinates"":[]}",-9.528939660870817,-17.32735182689207,-3.970527615509985,-15.442906657187855
1_1_1_1_2_499_0_1_1_1_1_2_499_0,0.3238,0.3038,0.23205,0.2284,0.05715,0.0715,0.09545,0.1064,0.1213,0.1418,0.2884,0.24615,4,5,-0.5446631,-0.48122868,0.05782424,0.10482771,0.4078594,0.26897797,-0.5026703,-0.39639768,13.012051974707065,77.38819984362115,3999.0,Bengaluru,8,"{""type"":""MultiPoint"",""coordinates"":[]}",-10.786606936320082,-16.715274899100027,-9.160044659213778,-17.179958689382964
1_1_1_2_0_0_1_1_1_2_0_0,0.1299,0.1742,0.0721,0.0945,0.0317,0.0491,0.0517,0.065,0.04,0.0501,0.237,0.2584,1,1,-0.43061674,-0.45652175,-0.29190516,-0.19463708,0.71119136,0.6752026,-0.6418427,-0.59802103,22.422174070444285,88.22655340958,4000.0,Kolkata,9,"{""type"":""MultiPoint"",""coordinates"":[]}",-6.76705642090938,-12.692813713272542,-6.722814881046277,-13.339363612818023
1_1_1_2_1_0_1_1_1_2_1_0,0.1651,0.1915,0.1392,0.1606,0.0796,0.118,0.094,0.1336,0.1098,0.149,0.1636,0.2044,6,6,-0.2744114,-0.17809905,0.0045634317,-0.032583985,0.19678128,0.15676287,-0.27018633,-0.20946746,22.485235803389475,88.30084408357669,4001.0,Kolkata,9,"{""type"":""MultiPoint"",""coordinates"":[]}",-5.345880801576447,-8.178183193293265,-3.907210712341932,-10.049066180251149
1_1_1_2_2_0_1_1_1_2_2_0,0.13515,0.1832,0.1244,0.1586,0.05995,0.07555,0.0799,0.07475,0.0982,0.0966,0.12285,0.12735,6,6,-0.256917,-0.4204303,0.047674417,0.17984222,0.111513235,0.13730744,-0.21183723,-0.2602672,22.62483399854165,88.32105617746937,4002.0,Kolkata,9,"{""type"":""MultiPoint"",""coordinates"":[]}",-7.3818431119039385,-15.49984359917583,-7.5625699514389275,-15.630165169318168
1_1_1_2_3_0_1_1_1_2_3_0,0.21685,0.221,0.17755,0.1673,0.0543,0.05885,0.08455,0.08155,0.09365,0.08,0.20805,0.2211,6,6,-0.43895155,-0.46091557,0.020710755,-0.00022619317,0.37918463,0.46861508,-0.42207792,-0.46109366,22.733709810976936,88.2340992579666,4003.0,Kolkata,9,"{""type"":""MultiPoint"",""coordinates"":[]}",-6.823109935956884,-13.466582209430749,-5.777138304146542,-12.600747946546406
1_1_1_2_4_0_1_1_1_2_4_0,0.1767,0.1807,0.1183,0.1103,0.0454,0.0648,0.0762,0.0894,0.0856,0.073,0.2126,0.2758,4,4,-0.39739028,-0.33802295,-0.0922168,-0.20832421,0.42588866,0.58142203,-0.47229916,-0.51040524,22.407262036727904,88.3114442039293,4004.0,Kolkata,9,"{""type"":""MultiPoint"",""coordinates"":[]}",-8.50155717725459,-14.869271609596058,-7.315967453931288,-14.043047492005527
1_1_1_2_5_0_1_1_1_2_5_0,0.1504,0.1668,0.1019,0.1156,0.0296,0.0674,0.0442,0.0844,0.0434,0.0781,0.1725,0.205,6,6,-0.5457348,-0.3280255,-0.06844224,-0.10274341,0.597962,0.44825152,-0.5920628,-0.41672426,22.43115722328548,88.42157765776236,4005.0,Kolkata,9,"{""type"":""MultiPoint"",""coordinates"":[]}",-5.343295338306622,-13.63323976568801,-5.55726751701235,-12.869750166533244
1_1_1_2_6_0_1_1_1_2_6_0,0.1767,0.198,0.1274,0.1547,0.0387,0.0846,0.0554,0.1018,0.0502,0.106,0.2072,0.226,6,6,-0.52261955,-0.3208806,-0.079447776,-0.06603774,0.6099456,0.36144578,-0.5780655,-0.37888956,22.572192722892247,88.44735930641659,4006.0,Kolkata,9,"{""type"":""MultiPoint"",""coordinates"":[]}",-7.258104942101599,-13.731069193197794,-6.081308239541033,-13.576839391880068
1_1_1_2_7_0_1_1_1_2_7_0,0.3011,0.3162,0.2287,0.2406,0.0708,0.1005,0.1038,0.1246,0.123,0.154,0.2088,0.2746,4,4,-0.48728082,-0.43466425,0.18101588,0.070413,0.2585895,0.28138125,-0.33589253,-0.3757515,22.37159891994836,88.50062940276487,4007.0,Kolkata,9,"{""type"":""MultiPoint"",""coordinates"":[]}",-10.632857629016247,-19.52937591237228,-10.41865144180623,-18.320072833014024
1_1_1_2_8_0_1_1_1_2_8_0,0.0975,0.1073,0.0535,0.0662,0.0344,0.071,0.0626,0.0852,0.0474,0.0697,0.198,0.2126,3,0,-0.21798876,-0.11480519,-0.3401015,-0.32916537,0.6136919,0.50619906,-0.51957023,-0.4278039,22.47382719928116,88.47287146048558,4008.0,Kolkata,9,"{""type"":""MultiPoint"",""coordinates"":[]}",-2.1147711431168355,-13.128692908492154,-0.6181454977369343,-12.849753491026284
1_1_1_2_9_0_1_1_1_2_9_0,0.1536,0.1125,0.106,0.0714,0.0377,0.0438,0.0632,0.0626,0.0491,0.0472,0.2097,0.1519,0,0,-0.41697416,-0.28498,-0.15441784,-0.14901665,0.6205564,0.5258664,-0.53682667,-0.41631702,22.54533309589707,88.4858072005769,4009.0,Kolkata,9,"{""type"":""MultiPoint"",""coordinates"":[]}",-9.481075626641768,-16.69846046873031,-9.597912225826644,-16.082183225342032
1_1_1_2_10_0_1_1_1_2_10_0,0.1523,0.1503,0.1362,0.1289,0.0521,0.0817,0.0664,0.0875,0.0753,0.0964,0.111,0.1248,6,0,-0.3927755,-0.26408747,0.1568553,0.09269357,0.19162641,0.1283906,-0.25140923,-0.17569478,22.524851507419147,88.37989582857921,4010.0,Kolkata,9,"{""type"":""MultiPoint"",""coordinates"":[]}",-7.993343886496056,-11.995311441918826,-7.707341660002118,-13.416446896076817
1_1_1_2_11_0_1_1_1_2_11_0,0.1054,0.0844,0.0565,0.0453,0.043,0.0622,0.0683,0.0866,0.0642,0.0718,0.1265,0.1931,4,3,-0.21358664,0.012865497,-0.090987496,-0.3917117,0.32669115,0.45790863,-0.29876795,-0.3807651,22.39989585139812,88.32599691153203,4011.0,Kolkata,9,"{""type"":""MultiPoint"",""coordinates"":[]}",-10.602459810243833,-17.344151119492317,-9.239611456150381,-17.070340680116022
1_1_1_2_12_0_1_1_1_2_12_0,0.0282,0.0444,0.02,0.02745,0.02685,0.06655,0.04025,0.1134,0.03315,0.07845,0.03925,0.12045,0,0,0.1760409,0.43726236,-0.16382505,-0.46132848,0.084254146,0.21116139,0.012578616,-0.03014753,22.691668655680143,88.40235371068219,4012.0,Kolkata,9,"{""type"":""MultiPoint"",""coordinates"":[]}",-16.857500460175736,-24.20629463921285,-16.186909211728327,-24.57970108711266
1_1_1_2_13_0_1_1_1_2_13_0,0.0932,0.1087,0.0541,0.0569,0.0178,0.0512,0.0331,0.0611,0.0266,0.0481,0.1378,0.1813,1,1,-0.47585115,-0.2803298,-0.19307359,-0.2503448,0.67639905,0.58064514,-0.61263895,-0.49587458,22.38929573104551,88.37486526298814,4013.0,Kolkata,9,"{""type"":""MultiPoint"",""coordinates"":[]}",-7.559721405615404,-13.989229504814572,-7.969573296955302,-14.143388671626626
1_1_1_2_14_0_1_1_1_2_14_0,0.2384,0.1751,0.1748,0.0907,0.06,0.0431,0.087,0.0802,0.096,0.0651,0.2442,0.34,4,1,-0.4652735,-0.37171954,-0.0120182345,-0.32013202,0.4356261,0.67859787,-0.4746377,-0.618277,22.55961630891457,88.52506357849292,4014.0,Kolkata,9,"{""type"":""MultiPoint"",""coordinates"":[]}",-10.60024395389303,-17.53311138169584,-9.466841742788613,-14.794703608108325
1_1_1_2_15_0_1_1_1_2_15_0,0.1255,0.1259,0.0779,0.077,0.0448,0.0896,0.0624,0.1046,0.0542,0.0946,0.1952,0.1907,1,1,-0.33581692,-0.09240781,-0.21733707,-0.20467466,0.56535685,0.33683842,-0.51552796,-0.2915679,22.484247656576944,88.25062825919441,4015.0,Kolkata,9,"{""type"":""MultiPoint"",""coordinates"":[]}",-9.822279958665444,-15.472928618780205,-8.484553295662108,-15.225591161201233
1_1_1_2_16_0_1_1_1_2_16_0,0.1367,0.15015,0.0765,0.0823,0.0232,0.03715,0.04345,0.05915,0.0365,0.0484,0.1786,0.2302,1,1,-0.5176242,-0.4347826,-0.13288932,-0.21046405,0.66062295,0.65254843,-0.6086467,-0.5911526,22.672444708599983,88.31279167685548,4016.0,Kolkata,9,"{""type"":""MultiPoint"",""coordinates"":[]}",-7.193678305122747,-13.692929394672925,-7.117358991787956,-13.47183436092191
1_1_1_2_17_0_1_1_1_2_17_0,0.18245,0.22015,0.1594,0.18935,0.065,0.07255,0.0821,0.0914,0.09935,0.1068,0.187,0.20985,6,7,-0.3793234,-0.4132563,-0.012315604,0.023953488,0.30609393,0.32543817,-0.38981792,-0.39319503,22.70891630913524,88.35366502228291,4017.0,Kolkata,9,"{""type"":""MultiPoint"",""coordinates"":[]}",-5.264268714978796,-13.791876026410549,-5.87322668869818,-14.099463828403987
1_1_1_2_18_0_1_1_1_2_18_0,0.0261,0.0324,0.0184,0.0242,0.0404,0.0682,0.0628,0.0852,0.0486,0.0668,0.0378,0.0699,0,0,0.4128234,0.4489796,-0.18309858,-0.36656892,-0.125,0.022677395,0.24850895,0.09864604,22.46232876364443,88.45194071436559,4018.0,Kolkata,9,"{""type"":""MultiPoint"",""coordinates"":[]}",-20.47469095821934,-25.373330998097277,-20.437050613764374,-26.412914954799263
1_1_1_2_19_0_1_1_1_2_19_0,0.11635,0.1223,0.06565,0.0733,0.0302,0.0396,0.04655,0.0647,0.0408,0.0538,0.1556,0.1603,1,1,-0.42848372,-0.3080214,-0.144328,-0.13446568,0.5845214,0.4974311,-0.5394509,-0.42488888,22.73900987115324,88.26742675500745,4019.0,Kolkata,9,"{""type"":""MultiPoint"",""coordinates"":[]}",-10.451541829586997,-15.435628068265833,-9.139224021626678,-15.188577597543837
1_1_1_2_20_0_1_1_1_2_20_0,0.17185,0.20175,0.1595,0.1851,0.07075,0.0737,0.08855,0.07875,0.09945,0.0906,0.1356,0.1275,6,6,-0.31989247,-0.43850267,0.11790535,0.22551253,0.15379706,0.16918844,-0.20990407,-0.23636363,22.72346901673797,88.38250094290315,4020.0,Kolkata,9,"{""type"":""MultiPoint"",""coordinates"":[]}",-8.206922085861244,-13.995128960587385,-5.844680254020613,-14.659923327045895
1_1_1_2_21_0_1_1_1_2_21_0,0.1928,0.20715,0.1269,0.14025,0.0397,0.05465,0.0697,0.08475,0.0628,0.0728,0.26825,0.2503,6,6,-0.4689524,-0.4193217,-0.16364819,-0.09432725,0.6206011,0.5493655,-0.58751297,-0.49410537,22.69202798179379,88.28701002820125,4021.0,Kolkata,9,"{""type"":""MultiPoint"",""coordinates"":[]}",-7.885855800540852,-13.634809296425278,-6.295647867705988,-12.788074769974536
1_1_1_2_22_0_1_1_1_2_22_0,0.064,0.1178,0.0445,0.0773,0.037,0.0546,0.0526,0.073,0.0416,0.0592,0.041,0.0853,0,0,-0.097770154,-0.23480085,0.21904762,0.1600197,-0.0072639226,0.18062283,0.123931624,-0.07770057,22.533205839561457,88.43109979977402,4022.0,Kolkata,9,"{""type"":""MultiPoint"",""coordinates"":[]}",-4.7227048126127755,-17.491336385769443,-11.469734797344554,-17.87553871458777
1_1_1_2_23_0_1_1_1_2_23_0,0.17575,0.198,0.167,0.1784,0.0586,0.09435,0.075,0.1045,0.0936,0.1196,0.12,0.16295,6,6,-0.4017946,-0.3090909,0.1885038,0.09710486,0.123595506,0.15342417,-0.23076923,-0.21854553,22.605160893819438,88.25503000408659,4023.0,Kolkata,9,"{""type"":""MultiPoint"",""coordinates"":[]}",-6.499866528789073,-13.869155383574292,-6.987119866735741,-12.412332505978686
1_1_1_2_24_0_1_1_1_2_24_0,0.1731,0.2077,0.1681,0.189,0.0628,0.0866,0.0768,0.0948,0.0962,0.1094,0.1306,0.1499,6,6,-0.38535413,-0.37322313,0.13994072,0.1616331,0.15167548,0.15618974,-0.25940213,-0.22517368,22.6003998228136,88.23661454076215,4024.0,Kolkata,9,"{""type"":""MultiPoint"",""coordinates"":[]}",-6.740295248833116,-13.541059448220842,-2.8267621099592652,-12.883429654240015
1_1_1_2_25_0_1_1_1_2_25_0,0.1493,0.1532,0.0924,0.087,0.0414,0.0647,0.064,0.0872,0.0525,0.0684,0.2508,0.2777,1,1,-0.39990625,-0.27454242,-0.25368658,-0.28893015,0.6538081,0.60473853,-0.5933926,-0.5220608,22.44804555062693,88.33560888507212,4025.0,Kolkata,9,"{""type"":""MultiPoint"",""coordinates"":[]}",-7.233900928881462,-13.2724546721081,-7.891798191019291,-14.800558252663304
1_1_1_2_26_0_1_1_1_2_26_0,0.1771,0.1844,0.1692,0.1661,0.0842,0.0849,0.1012,0.1024,0.1226,0.1174,0.1546,0.1484,6,6,-0.27272728,-0.28591353,0.06783238,0.10817308,0.115440115,0.11662904,-0.20875683,-0.18341307,22.572911375119546,88.32545792236157,4026.0,Kolkata,9,"{""type"":""MultiPoint"",""coordinates"":[]}",-8.788513688441672,-14.61941257010835,-8.754509428017506,-14.835472391454125
1_1_1_2_27_0_1_1_1_2_27_0,0.13835,0.13995,0.09155,0.0766,0.04515,0.0426,0.0662,0.0651,0.06205,0.05935,0.13375,0.178,4,4,-0.3527255,-0.3650329,0.01690555,-0.1196729,0.36619,0.49989468,-0.33783445,-0.46441793,22.684302470350364,88.54482651474355,4027.0,Kolkata,9,"{""type"":""MultiPoint"",""coordinates"":[]}",-10.118462078729035,-17.97532234741186,-9.45010871065346,-17.190600171067203
1_1_1_2_28_0_1_1_1_2_28_0,0.1594,0.1735,0.1114,0.1228,0.0589,0.0775,0.0794,0.1064,0.077,0.0922,0.254,0.2677,6,6,-0.33500838,-0.23972848,-0.22883406,-0.2135086,0.5347432,0.48763546,-0.5236953,-0.43116814,22.50239362531616,88.30300004025858,4028.0,Kolkata,9,"{""type"":""MultiPoint"",""coordinates"":[]}",-6.326140191362171,-14.541164322131998,-5.375175338749106,-14.84988200402367
1_1_1_2_29_0_1_1_1_2_29_0,0.216,0.25695,0.13855,0.16345,0.0408,0.0637,0.0659,0.0913,0.0769,0.1021,0.25245,0.2963,4,4,-0.5324583,-0.47566402,-0.077809796,-0.07112517,0.5330196,0.4874498,-0.58599025,-0.5288958,22.677385442662644,88.3128815083839,4029.0,Kolkata,9,"{""type"":""MultiPoint"",""coordinates"":[]}",-8.226769284095266,-14.349566014722232,-8.577729174989894,-14.826208567187342
1_1_1_2_30_0_1_1_1_2_30_0,0.1402,0.1531,0.0723,0.0832,0.0295,0.0574,0.0538,0.0782,0.039,0.0526,0.2303,0.231,1,1,-0.44536084,-0.32382187,-0.24318488,-0.20281176,0.71036017,0.629055,-0.6212601,-0.49417853,22.421096092103344,88.37899751329509,4030.0,Kolkata,9,"{""type"":""MultiPoint"",""coordinates"":[]}",-6.982685828860865,-13.593386895513353,-7.783192354602347,-14.012761780613335
1_1_1_2_31_0_1_1_1_2_31_0,0.01695,0.0229,0.01425,0.01495,0.0668,0.07515,0.09685,0.09775,0.07195,0.0758,0.03115,0.0425,0,0,0.702109,0.6203896,-0.2952183,-0.29969418,-0.3957323,-0.28148773,0.5132812,0.3939394,22.6943636015325,88.36148036525476,4031.0,Kolkata,9,"{""type"":""MultiPoint"",""coordinates"":[]}",-20.228405354114585,-26.578241709945445,-20.25921913435225,-29.649858124585393
1_1_1_2_32_0_1_1_1_2_32_0,0.0227,0.1618,0.015,0.0911,0.0294,0.0408,0.0582,0.0538,0.0411,0.0491,0.0534,0.2888,0,1,0.43881336,-0.5009276,-0.40341654,-0.28184643,0.13015874,0.70938146,0.043010753,-0.6859311,22.523324371436143,88.44807795864388,4032.0,Kolkata,9,"{""type"":""MultiPoint"",""coordinates"":[]}",-20.781632125880915,-27.34380636327466,-7.565501233774637,-14.673779675082608
1_1_1_2_33_0_1_1_1_2_33_0,0.165,0.1773,0.1416,0.1438,0.059,0.0739,0.0746,0.0818,0.0844,0.0922,0.1168,0.1325,6,6,-0.3772955,-0.36858356,0.17104329,0.14460942,0.1610338,0.17935024,-0.22048067,-0.23658423,22.57875042446632,88.39471803076718,4033.0,Kolkata,9,"{""type"":""MultiPoint"",""coordinates"":[]}",-4.816433583631582,-11.8611611109541,-2.0871613264016764,-11.176092820853476
1_1_1_2_34_0_1_1_1_2_34_0,0.12995,0.13835,0.09695,0.094,0.02955,0.04135,0.04255,0.0523,0.04745,0.0531,0.09675,0.15335,6,1,-0.50666666,-0.45135063,0.14644904,-0.051422693,0.34188628,0.48558974,-0.3890883,-0.49136883,22.658071664054077,88.31386965519643,4034.0,Kolkata,9,"{""type"":""MultiPoint"",""coordinates"":[]}",-8.246889676857311,-13.416073427444633,-9.127343004365592,-15.652679219691759
1_1_1_2_35_0_1_1_1_2_35_0,0.1342,0.1574,0.0823,0.0861,0.0244,0.061,0.0428,0.0751,0.0292,0.0545,0.2254,0.2268,1,1,-0.5163842,-0.35397848,-0.25361514,-0.18063508,0.7706206,0.6125133,-0.6808352,-0.50248426,22.37734813776672,88.51769739316315,4035.0,Kolkata,9,"{""type"":""MultiPoint"",""coordinates"":[]}",-6.996134625642721,-13.44550295405293,-6.355464577344274,-13.702596696570724
1_1_1_2_36_0_1_1_1_2_36_0,0.1535,0.1655,0.1307,0.1325,0.0687,0.0712,0.0776,0.0876,0.088,0.0894,0.172,0.1357,6,6,-0.32842925,-0.30778348,-0.056835636,0.098937586,0.32307693,0.20568636,-0.37820512,-0.21540529,22.59303363748382,88.38456706805663,4036.0,Kolkata,9,"{""type"":""MultiPoint"",""coordinates"":[]}",-6.025373633906456,-13.168833383755725,-4.44015992515206,-13.154137971737512
1_1_1_2_37_0_1_1_1_2_37_0,0.1568,0.1378,0.13555,0.11365,0.0832,0.0807,0.1106,0.09335,0.1232,0.09765,0.15635,0.1514,6,6,-0.17277487,-0.19229937,0.0014370111,-0.04702628,0.11858344,0.21582012,-0.17138042,-0.2371808,22.62564248229736,88.49065810311114,4037.0,Kolkata,9,"{""type"":""MultiPoint"",""coordinates"":[]}",-12.00802495231293,-18.92730599667125,-12.040223093903581,-20.306835118634933
1_1_1_2_38_0_1_1_1_2_38_0,0.2025,0.2059,0.1662,0.1555,0.0717,0.063,0.1026,0.0874,0.1086,0.0932,0.2086,0.2193,6,6,-0.32743362,-0.40402317,-0.014838239,-0.03151458,0.3152585,0.40352,-0.34061697,-0.43006194,22.579019919051557,88.34010046149271,4038.0,Kolkata,9,"{""type"":""MultiPoint"",""coordinates"":[]}",-6.927786289179624,-11.60209735696659,-4.1538233594388405,-11.919663601348542
1_1_1_2_39_0_1_1_1_2_39_0,0.14225,0.16055,0.10525,0.12325,0.03375,0.05205,0.06085,0.07935,0.0498,0.07815,0.1748,0.1728,6,6,-0.4007878,-0.33847436,-0.10266519,-0.036748163,0.55654496,0.37716678,-0.48355612,-0.37061274,22.691219498038084,88.28629137597396,4039.0,Kolkata,9,"{""type"":""MultiPoint"",""coordinates"":[]}",-7.928765355143362,-13.765400659296539,-7.4781640267711795,-14.501895431921595
1_1_1_2_40_0_1_1_1_2_40_0,0.1808,0.18535,0.0961,0.09285,0.03235,0.0349,0.0641,0.06755,0.0439,0.0435,0.3363,0.3918,4,1,-0.47652102,-0.46579677,-0.30071554,-0.35770598,0.7690689,0.8001378,-0.6798202,-0.70588875,22.66166492519055,88.54114342207866,4040.0,Kolkata,9,"{""type"":""MultiPoint"",""coordinates"":[]}",-10.907483167067973,-18.14261583423266,-11.085115594268625,-18.35903908689291
1_1_1_2_41_0_1_1_1_2_41_0,0.2118,0.196,0.1292,0.1179,0.0403,0.0722,0.07,0.0959,0.0804,0.0915,0.2567,0.2695,2,1,-0.50319374,-0.34292567,-0.09583778,-0.15789473,0.5229902,0.4930748,-0.5714723,-0.47509578,22.38516348073856,88.28494390304778,4041.0,Kolkata,9,"{""type"":""MultiPoint"",""coordinates"":[]}",-9.725581440250867,-14.117648438684338,-9.783422453773195,-14.599666817653791
1_1_1_2_42_0_1_1_1_2_42_0,0.1233,0.1464,0.0871,0.1086,0.0275,0.0712,0.0396,0.0792,0.0378,0.078,0.1593,0.1626,6,6,-0.5138122,-0.29787233,-0.12738854,-0.052427184,0.6164383,0.35162094,-0.60181,-0.34491315,22.50778351702088,88.51500244731078,4042.0,Kolkata,9,"{""type"":""MultiPoint"",""coordinates"":[]}",-7.271431843009248,-14.72102360146976,-7.671622772869423,-15.231464405252733
1_1_1_2_43_0_1_1_1_2_43_0,0.12865,0.1383,0.07165,0.0756,0.01895,0.0265,0.04025,0.0455,0.0294,0.0344,0.17615,0.19005,1,1,-0.5233866,-0.50489664,-0.15583989,-0.15760621,0.71393824,0.6934729,-0.6280037,-0.6136701,22.64199182046833,88.50116839193534,4043.0,Kolkata,9,"{""type"":""MultiPoint"",""coordinates"":[]}",-7.153240370711709,-14.52804162259748,-7.410370912321675,-14.575214743144208
1_1_1_2_44_0_1_1_1_2_44_0,0.1704,0.1893,0.1447,0.1492,0.0458,0.0782,0.061,0.0771,0.0695,0.0782,0.1475,0.1699,6,6,-0.47277442,-0.42117116,0.07203523,0.05400891,0.359447,0.36960903,-0.41486812,-0.3757085,22.490625695094195,88.30138307274716,4044.0,Kolkata,9,"{""type"":""MultiPoint"",""coordinates"":[]}",-5.258759966236864,-13.4854526861344,-5.432194520672896,-13.07117865547401
1_1_1_2_45_0_1_1_1_2_45_0,0.2089,0.2754,0.151,0.1869,0.0569,0.0806,0.0816,0.1026,0.0988,0.1108,0.1661,0.2458,4,4,-0.43820998,-0.45714286,0.114133336,0.056792017,0.25405812,0.37857544,-0.34113848,-0.41102183,22.37833628457925,88.4873343365599,4045.0,Kolkata,9,"{""type"":""MultiPoint"",""coordinates"":[]}",-9.933969017680315,-17.944917921358456,-10.072078879925506,-17.08178342293473
1_1_1_2_46_0_1_1_1_2_46_0,0.1912,0.1812,0.1513,0.1351,0.059,0.0608,0.0796,0.074,0.0888,0.0744,0.1918,0.2138,6,6,-0.41211227,-0.4200627,-0.0015665797,-0.082531646,0.36707056,0.48369187,-0.41341195,-0.48575398,22.54084151947648,88.40720461321644,4046.0,Kolkata,9,"{""type"":""MultiPoint"",""coordinates"":[]}",-7.358914945019662,-13.853470555110361,-5.90723964529203,-14.801760246910753
1_1_1_2_47_0_1_1_1_2_47_0,0.16315,0.049,0.10205,0.02775,0.0363,0.0495,0.05895,0.06365,0.05935,0.05345,0.2122,0.0508,4,0,-0.46915802,0.13004883,-0.13067803,-0.018036073,0.56287974,-0.025419664,-0.5651853,0.1122761,22.72328935368115,88.23481791019391,4047.0,Kolkata,9,"{""type"":""MultiPoint"",""coordinates"":[]}",-9.315312224836351,-14.939222265003446,-18.44911860458025,-25.007766524700052
1_1_1_2_48_0_1_1_1_2_48_0,0.01575,0.02025,0.0134,0.01505,0.0683,0.0804,0.09125,0.0983,0.078,0.0856,0.04215,0.04805,0,0,0.7056075,0.658372,-0.45595855,-0.4070278,-0.29837704,-0.28095773,0.36806595,0.34335497,22.739099702681653,88.3587854194024,4048.0,Kolkata,9,"{""type"":""MultiPoint"",""coordinates"":[]}",-19.7128976737307,-26.75251935794573,-19.795349813937946,-29.816700026831008
1_1_1_2_49_0_1_1_1_2_49_0,0.1431,0.1451,0.1294,0.1324,0.0512,0.0652,0.0656,0.0756,0.0794,0.084,0.0958,0.0987,6,6,-0.37134644,-0.3149071,0.19799079,0.19031994,0.09360731,0.08045977,-0.18711276,-0.13253012,22.55485523790874,88.3776500403689,4049.0,Kolkata,9,"{""type"":""MultiPoint"",""coordinates"":[]}",-3.4742836085302224,-12.313322698197423,-2.5708885162717436,-13.19913787025249
1_1_1_2_50_0_1_1_1_2_50_0,0.1761,0.1817,0.1453,0.1371,0.0624,0.0644,0.0817,0.0768,0.0869,0.0832,0.1478,0.1708,6,6,-0.36617532,-0.4058027,0.087372646,0.030921986,0.25948018,0.3448819,-0.28801742,-0.3796446,22.59950150752948,88.5286568396294,4050.0,Kolkata,9,"{""type"":""MultiPoint"",""coordinates"":[]}",-7.6515954905063115,-14.37346562072355,-6.470631617881729,-13.118567884022942
1_1_1_2_51_0_1_1_1_2_51_0,0.1295,0.1598,0.0699,0.0852,0.037,0.0684,0.0616,0.0808,0.0448,0.0687,0.2128,0.2643,1,1,-0.35531136,-0.3283458,-0.24335378,-0.24640416,0.65217394,0.5873874,-0.5510204,-0.53172994,22.45029133883723,88.2904236262809,4051.0,Kolkata,9,"{""type"":""MultiPoint"",""coordinates"":[]}",-8.532655898523611,-14.44585693225334,-7.119870739003428,-13.5105475574656
1_1_1_2_52_0_1_1_1_2_52_0,0.15115,0.1603,0.1202,0.12485,0.0277,0.04195,0.0479,0.0647,0.05515,0.0635,0.13875,0.1781,6,6,-0.5187139,-0.42488888,0.04277337,-0.052600473,0.43115008,0.47433776,-0.48673987,-0.46705106,22.653220761519822,88.42651839182501,4052.0,Kolkata,9,"{""type"":""MultiPoint"",""coordinates"":[]}",-4.596625142979947,-12.029683039714968,-4.97855757419738,-12.785440592015636
1_1_1_2_53_0_1_1_1_2_53_0,0.2217,0.22785,0.19965,0.18385,0.0745,0.0859,0.10055,0.1083,0.1244,0.1247,0.223,0.22935,6,7,-0.37595034,-0.3556448,-0.002923319,-0.0032808399,0.2838227,0.29557973,-0.37845773,-0.35850734,22.64450710326387,88.33740551564036,4053.0,Kolkata,9,"{""type"":""MultiPoint"",""coordinates"":[]}",-8.360794680178415,-15.426278441605469,-7.585900929088886,-15.697598070470798
1_1_1_2_54_0_1_1_1_2_54_0,0.1665,0.1756,0.1048,0.1103,0.0317,0.0488,0.0578,0.0714,0.0504,0.0665,0.24,0.2617,0,0,-0.4846188,-0.42186233,-0.18081181,-0.19689001,0.6528926,0.5947593,-0.61182004,-0.5712999,22.54973484078926,88.504581990015,4054.0,Kolkata,9,"{""type"":""MultiPoint"",""coordinates"":[]}",-9.147162676257256,-15.541317867649383,-7.288402906430967,-14.709084520791414
1_1_1_2_55_0_1_1_1_2_55_0,0.1571,0.16965,0.10995,0.1097,0.0389,0.04255,0.05985,0.0624,0.06345,0.06325,0.18135,0.1988,1,1,-0.44825998,-0.46218488,-0.07165017,-0.07911521,0.48161766,0.5172677,-0.50373137,-0.52220523,22.72185204922656,88.50673794669689,4055.0,Kolkata,9,"{""type"":""MultiPoint"",""coordinates"":[]}",-5.0165665844092,-13.954789054853494,-4.948044906486151,-14.974621922774132
1_1_1_2_56_0_1_1_1_2_56_0,0.1975,0.2048,0.1467,0.1338,0.049,0.0777,0.0706,0.1004,0.0901,0.0948,0.1554,0.201,5,4,-0.47333086,-0.3420708,0.11929725,0.009364218,0.26598778,0.35902637,-0.37522125,-0.3337757,22.389834720215983,88.47206297672987,4056.0,Kolkata,9,"{""type"":""MultiPoint"",""coordinates"":[]}",-10.138518730469809,-17.272622475408344,-10.185485509308078,-17.71328638002882
1_1_1_2_57_0_1_1_1_2_57_0,0.1095,0.1205,0.0711,0.0765,0.039,0.0641,0.0582,0.082,0.0556,0.073,0.1393,0.223,0,4,-0.3059034,-0.19012345,-0.11977492,-0.29839882,0.429451,0.5067568,-0.4106329,-0.4622951,22.410226477165494,88.36920587669819,4057.0,Kolkata,9,"{""type"":""MultiPoint"",""coordinates"":[]}",-7.154688782633235,-14.211202303433677,-8.958855377315423,-14.992568436799564
1_1_1_2_58_0_1_1_1_2_58_0,0.22485,0.2556,0.1365,0.1583,0.03605,0.0583,0.0654,0.08625,0.0659,0.0992,0.3034,0.2732,4,1,-0.549354,-0.4953927,-0.14869854,-0.033282906,0.6431086,0.46723953,-0.6453362,-0.5201002,22.66921077357716,88.21703126756834,4058.0,Kolkata,9,"{""type"":""MultiPoint"",""coordinates"":[]}",-9.846069732605631,-14.30463908748583,-9.180500629364456,-14.506314879696749
1_1_1_2_59_0_1_1_1_2_59_0,0.1931,0.2005,0.1212,0.1264,0.0416,0.0808,0.0544,0.1048,0.0477,0.0966,0.2124,0.2666,4,1,-0.56040406,-0.31346217,-0.04759556,-0.14151146,0.633218,0.4680617,-0.5922039,-0.4356489,22.44211666975174,88.46146285637727,4059.0,Kolkata,9,"{""type"":""MultiPoint"",""coordinates"":[]}",-8.698211361163004,-14.162477314467479,-8.528320597811604,-14.762460284009958
1_1_1_2_60_0_1_1_1_2_60_0,0.1274,0.1578,0.078,0.0913,0.0408,0.0638,0.0678,0.0798,0.0584,0.0696,0.1732,0.2458,4,1,-0.30532786,-0.32828283,-0.15236194,-0.21803766,0.4956822,0.5586557,-0.4373444,-0.50982803,22.44678790922916,88.22826020861983,4060.0,Kolkata,9,"{""type"":""MultiPoint"",""coordinates"":[]}",-8.761621337110626,-15.454806065623913,-9.080394633513725,-15.233015817452102
1_1_1_2_61_0_1_1_1_2_61_0,0.1693,0.1928,0.1343,0.15745,0.0548,0.0618,0.0821,0.0767,0.09325,0.08635,0.18335,0.17805,6,6,-0.3468576,-0.4307978,-0.0398412,0.039773494,0.32574114,0.346823,-0.38142776,-0.397841,22.64091384212739,88.48212410791201,4061.0,Kolkata,9,"{""type"":""MultiPoint"",""coordinates"":[]}",-7.77581200648557,-14.163417211525125,-5.207518314171885,-13.83992295279049
1_1_1_2_62_0_1_1_1_2_62_0,0.16755,0.18805,0.1334,0.15735,0.04255,0.05085,0.0599,0.0674,0.06365,0.0742,0.15045,0.14055,6,6,-0.47329083,-0.47230378,0.053773586,0.14455265,0.40541804,0.30896392,-0.43047303,-0.35176724,22.607496513558143,88.38825016072153,4062.0,Kolkata,9,"{""type"":""MultiPoint"",""coordinates"":[]}",-8.170253304332501,-14.636228315971321,-8.183473349935337,-16.9172819252675
1_1_1_2_63_0_1_1_1_2_63_0,0.1855,0.2071,0.154,0.1833,0.0528,0.1018,0.0756,0.1066,0.08,0.1116,0.1975,0.1757,6,6,-0.42091152,-0.32036978,-0.03133159,0.08202717,0.4234234,0.22311173,-0.44635665,-0.24477506,22.455771062070355,88.3572582834194,4063.0,Kolkata,9,"{""type"":""MultiPoint"",""coordinates"":[]}",-0.9685303059136504,-13.72206120204555,0.7682993434763156,-15.305349099498176
1_1_1_2_64_0_1_1_1_2_64_0,0.2435,0.22975,0.1738,0.16585,0.05375,0.1352,0.0805,0.143,0.09215,0.1528,0.30755,0.28,6,6,-0.50308645,-0.23272972,-0.11623265,-0.09857774,0.5389042,0.2939002,-0.585105,-0.32387707,22.71942659795944,88.20256839149401,4064.0,Kolkata,9,"{""type"":""MultiPoint"",""coordinates"":[]}",-9.94093886903159,-15.77172400081713,-9.48753840315261,-14.875753719190898
1_1_1_2_65_0_1_1_1_2_65_0,0.2761,0.2754,0.1853,0.1689,0.0503,0.0736,0.0797,0.1012,0.0874,0.109,0.2613,0.2921,6,6,-0.5519955,-0.46255976,0.027540008,-0.029427312,0.4987095,0.45649463,-0.53255135,-0.4853801,22.4222639019727,88.42355395138742,4065.0,Kolkata,9,"{""type"":""MultiPoint"",""coordinates"":[]}",-9.237272779312601,-15.439087877049765,-9.452972027616227,-15.63141758666044
1_1_1_2_66_0_1_1_1_2_66_0,0.0142,0.0239,0.0114,0.0165,0.0446,0.0542,0.0642,0.0842,0.0507,0.0568,0.049,0.1078,0,0,0.6377551,0.55781686,-0.5506329,-0.6370539,-0.017051153,0.30984205,0.13427562,-0.12291667,22.560245129613456,88.4256200765409,4066.0,Kolkata,9,"{""type"":""MultiPoint"",""coordinates"":[]}",-21.703698285869173,-27.926882168590378,-21.161751323430778,-27.44504172941658
1_1_1_2_67_0_1_1_1_2_67_0,0.1482,0.1734,0.0861,0.0864,0.0329,0.0611,0.058,0.0979,0.0522,0.0675,0.2466,0.3396,1,1,-0.43743938,-0.2782897,-0.24924012,-0.3239766,0.6506024,0.66838616,-0.6191727,-0.55245715,22.48263068906553,88.2385010028588,4067.0,Kolkata,9,"{""type"":""MultiPoint"",""coordinates"":[]}",-8.211046858840218,-13.602802970423774,-8.416545660980368,-14.222783128232974
1_1_1_2_68_0_1_1_1_2_68_0,0.2546,0.1442,0.1652,0.0867,0.0578,0.0744,0.0924,0.0968,0.0737,0.0785,0.2657,0.2179,4,0,-0.46743515,-0.1966805,-0.021333845,-0.20353493,0.56570417,0.4703104,-0.48394305,-0.38481092,22.4793967540427,88.48338174930977,4068.0,Kolkata,9,"{""type"":""MultiPoint"",""coordinates"":[]}",-11.493710123080014,-17.250075041732977,-10.28923407579584,-16.95168821524361
1_1_1_2_69_0_1_1_1_2_69_0,0.14095,0.1732,0.09065,0.1286,0.03985,0.0548,0.05425,0.06235,0.05195,0.0568,0.19625,0.18675,1,6,-0.44415984,-0.47060072,-0.16399762,-0.037644118,0.58138597,0.533566,-0.5668663,-0.49939784,22.671097235673805,88.47924949900283,4069.0,Kolkata,9,"{""type"":""MultiPoint"",""coordinates"":[]}",-7.788582438108151,-14.918748506758543,-7.955386699056916,-15.108303641614967
1_1_1_2_70_0_1_1_1_2_70_0,0.1216,0.1063,0.0769,0.0637,0.0492,0.0714,0.0696,0.0835,0.072,0.0678,0.2172,0.1986,4,4,-0.27196652,-0.12012645,-0.28217238,-0.30272222,0.5020747,0.490991,-0.5146443,-0.40801135,22.362256440993512,88.3534853592261,4070.0,Kolkata,9,"{""type"":""MultiPoint"",""coordinates"":[]}",-11.050933457078141,-17.856899963498602,-12.379000759901928,-21.112580457192337
1_1_1_2_71_0_1_1_1_2_71_0,0.0739,0.0918,0.0464,0.0461,0.0425,0.0673,0.0675,0.0813,0.058,0.0633,0.1465,0.1871,4,1,-0.04526167,-0.060658578,-0.32940108,-0.34169954,0.43276283,0.49440894,-0.36915886,-0.39418778,22.380402409732728,88.34764630987932,4071.0,Kolkata,9,"{""type"":""MultiPoint"",""coordinates"":[]}",-9.487581224317648,-15.368113717327965,-8.825393850238026,-16.001928534830014
1_1_1_2_72_0_1_1_1_2_72_0,0.2025,0.2088,0.1375,0.1367,0.0411,0.0758,0.0664,0.0922,0.0772,0.0956,0.2178,0.2124,3,4,-0.5061361,-0.3873754,-0.03640257,-0.008547009,0.47661018,0.37922078,-0.5327234,-0.3946159,22.45316594774641,88.47700371079253,4072.0,Kolkata,9,"{""type"":""MultiPoint"",""coordinates"":[]}",-10.435343040353853,-16.037563806990143,-9.849457167874826,-15.411092539419391
1_1_1_2_73_0_1_1_1_2_73_0,0.1595,0.1571,0.0879,0.0848,0.0296,0.054,0.0606,0.0741,0.0483,0.066,0.274,0.2622,1,1,-0.4493412,-0.35899654,-0.2641292,-0.25065586,0.70027924,0.5978062,-0.63777643,-0.55932206,22.396482253318467,88.25035876460917,4073.0,Kolkata,9,"{""type"":""MultiPoint"",""coordinates"":[]}",-7.140720853310565,-13.054621335678693,-7.63796054819935,-13.310448180018476
1_1_1_2_74_0_1_1_1_2_74_0,0.15115,0.1569,0.09115,0.09175,0.0313,0.0379,0.05055,0.0571,0.0404,0.04915,0.1859,0.20875,1,1,-0.49876052,-0.46635514,-0.10310043,-0.14180227,0.64295185,0.6188445,-0.5724255,-0.57043445,22.603364263251198,88.4887716410145,4074.0,Kolkata,9,"{""type"":""MultiPoint"",""coordinates"":[]}",-7.18158574403247,-14.720416694420377,-7.747381843316848,-15.102218631758678
1_1_1_2_75_0_1_1_1_2_75_0,0.0133,0.0212,0.0114,0.0143,0.07,0.0952,0.0988,0.1122,0.0968,0.0984,0.0377,0.0592,0,0,0.7627119,0.68215895,-0.47843137,-0.47263682,-0.4394052,-0.24873096,0.44761905,0.3092182,22.510478462873238,88.20104125551102,4075.0,Kolkata,9,"{""type"":""MultiPoint"",""coordinates"":[]}",-21.40430993536601,-27.19982382273848,-20.299603051169626,-30.524811205585266
1_1_1_2_76_0_1_1_1_2_76_0,0.1735,0.19185,0.1461,0.15555,0.0432,0.0594,0.0633,0.06985,0.0697,0.0764,0.14025,0.1699,6,6,-0.4653716,-0.46618265,0.1059761,0.060677264,0.3360324,0.37961835,-0.3780398,-0.4173097,22.673522686940927,88.40361135207996,4076.0,Kolkata,9,"{""type"":""MultiPoint"",""coordinates"":[]}",-5.333079234546622,-14.321200831884113,-4.090116642973751,-13.423499759459116
1_1_1_2_77_0_1_1_1_2_77_0,0.16745,0.1678,0.1455,0.13385,0.0622,0.078,0.08415,0.09625,0.0959,0.1148,0.12985,0.15085,6,6,-0.3310811,-0.27097142,0.12647158,0.05319316,0.1503876,0.13570487,-0.2135514,-0.22096318,22.621330568933583,88.43639985995033,4077.0,Kolkata,9,"{""type"":""MultiPoint"",""coordinates"":[]}",-6.341684354697884,-15.044133009109675,-5.1717913099019786,-12.715370163401532
1_1_1_2_78_0_1_1_1_2_78_0,0.1592,0.1676,0.0887,0.0863,0.0367,0.0434,0.0678,0.08,0.0517,0.0552,0.2705,0.312,1,1,-0.40264317,-0.35379645,-0.2590179,-0.30108425,0.6790813,0.6993464,-0.59917235,-0.59183675,22.583062337830093,88.25637747701278,4078.0,Kolkata,9,"{""type"":""MultiPoint"",""coordinates"":[]}",-7.85924427364968,-13.448052973974786,-8.687467044490695,-14.320144553798755
1_1_1_2_79_0_1_1_1_2_79_0,0.1021,0.1241,0.0643,0.0849,0.0311,0.0736,0.0508,0.0788,0.0365,0.07,0.1026,0.1532,1,1,-0.3355134,-0.2232627,-0.002442599,-0.1049405,0.4751977,0.37275985,-0.33767927,-0.32068965,22.35057834229996,88.42472176125678,4079.0,Kolkata,9,"{""type"":""MultiPoint"",""coordinates"":[]}",-8.303281930236812,-14.692446956718294,-7.976462053144998,-15.511503298984024
1_1_1_2_80_0_1_1_1_2_80_0,0.1112,0.1108,0.071,0.0601,0.0526,0.051,0.0744,0.0726,0.063,0.0506,0.2318,0.3033,0,0,-0.19827586,-0.2082879,-0.3516035,-0.46486357,0.5725916,0.7140435,-0.5140431,-0.61372703,22.555573890136035,88.4482576217007,4080.0,Kolkata,9,"{""type"":""MultiPoint"",""coordinates"":[]}",-8.787587669484427,-14.943758550053198,-7.171961889925704,-14.22947711201495
1_1_1_2_81_0_1_1_1_2_81_0,0.1706,0.1776,0.1031,0.1214,0.0387,0.0804,0.0709,0.0998,0.0646,0.1024,0.2307,0.2397,1,1,-0.41283643,-0.28046143,-0.14976327,-0.1488138,0.56247884,0.40134463,-0.5298408,-0.4120766,22.38965505715916,88.2588927598083,4081.0,Kolkata,9,"{""type"":""MultiPoint"",""coordinates"":[]}",-9.465930464943309,-14.754298651118269,-7.894929674162654,-14.468724983414859
1_1_1_2_82_0_1_1_1_2_82_0,0.1664,0.17955,0.08715,0.09855,0.03075,0.0332,0.05805,0.05985,0.042,0.04295,0.2597,0.2685,1,1,-0.48273557,-0.5,-0.21896268,-0.19852695,0.7215777,0.7241933,-0.6346184,-0.63545,22.64226131505357,88.26760641806426,4082.0,Kolkata,9,"{""type"":""MultiPoint"",""coordinates"":[]}",-7.248763323767376,-12.87597919584799,-6.6854606120436655,-12.846189929900476
1_1_1_2_83_0_1_1_1_2_83_0,0.1567,0.17125,0.0805,0.0877,0.02105,0.028,0.0443,0.04845,0.0321,0.03575,0.24265,0.25505,6,1,-0.559204,-0.558944,-0.21522474,-0.19657518,0.76633304,0.75412655,-0.6912354,-0.68072486,22.733709810976936,88.2407467910691,4083.0,Kolkata,9,"{""type"":""MultiPoint"",""coordinates"":[]}",-7.625932602618073,-14.514077913901573,-7.372900026708084,-13.647907220700047
1_1_1_2_84_0_1_1_1_2_84_0,0.1383,0.1685,0.1034,0.1273,0.02945,0.05295,0.0501,0.0749,0.047,0.07255,0.1557,0.1913,6,6,-0.46815288,-0.38455218,-0.059183672,-0.06336854,0.5362605,0.45006633,-0.5131195,-0.43726522,22.74871167622173,88.52757886128846,4084.0,Kolkata,9,"{""type"":""MultiPoint"",""coordinates"":[]}",-8.067098864021776,-13.383598222281908,-7.80390870759684,-14.208193545932774
1_1_1_2_85_0_1_1_1_2_85_0,0.1581,0.1776,0.0956,0.1051,0.0421,0.0712,0.068,0.0881,0.0585,0.0728,0.2455,0.2854,4,4,-0.39849624,-0.33684605,-0.21655104,-0.23282938,0.61513156,0.59352314,-0.5661882,-0.52824634,22.552339955113204,88.20732946249984,4085.0,Kolkata,9,"{""type"":""MultiPoint"",""coordinates"":[]}",-8.783461546936266,-15.112609413673125,-8.361194762638178,-14.45281493936946
1_1_1_2_86_0_1_1_1_2_86_0,0.01405,0.0206,0.012,0.0138,0.05635,0.0791,0.0873,0.098,0.0638,0.0738,0.02455,0.0392,0,0,0.722743,0.6526138,-0.27202073,-0.3110368,-0.4442558,-0.3061947,0.56101924,0.42857143,22.737842061283885,88.36435497416394,4086.0,Kolkata,9,"{""type"":""MultiPoint"",""coordinates"":[]}",-17.753741470960485,-25.07055938363581,-19.160230260189927,-26.996078739355802
1_1_1_2_87_0_1_1_1_2_87_0,0.2552,0.3094,0.1807,0.2242,0.0594,0.0916,0.0796,0.1074,0.0954,0.1284,0.21,0.259,4,4,-0.52449226,-0.48464492,0.09716251,0.08866995,0.37524557,0.33711925,-0.45027626,-0.41375545,22.35920216902751,88.52919582879987,4087.0,Kolkata,9,"{""type"":""MultiPoint"",""coordinates"":[]}",-10.797876496502369,-18.100852033563918,-10.151716808185164,-17.466728587266346
1_1_1_2_88_0_1_1_1_2_88_0,0.1865,0.2158,0.15995,0.17065,0.0565,0.0677,0.06915,0.0901,0.0727,0.1003,0.13545,0.19775,6,6,-0.459026,-0.4109186,0.158565,0.043646477,0.3014653,0.32695857,-0.3240469,-0.3739795,22.7131383909706,88.4716138190878,4088.0,Kolkata,9,"{""type"":""MultiPoint"",""coordinates"":[]}",-8.30368546936117,-15.49188662008896,-7.3303670031518795,-14.708245417407289
1_1_1_2_89_0_1_1_1_2_89_0,0.1775,0.178,0.1313,0.1339,0.0497,0.0869,0.0756,0.1078,0.063,0.1002,0.2567,0.2545,6,1,-0.40260768,-0.24562632,-0.18240443,-0.17687862,0.6058805,0.4350155,-0.54498947,-0.40491307,22.44678790922916,88.35159889712945,4089.0,Kolkata,9,"{""type"":""MultiPoint"",""coordinates"":[]}",-6.433794205238489,-13.325125976382253,-5.571042674473947,-13.886502984737156
1_1_1_2_90_0_1_1_1_2_90_0,0.10415,0.11955,0.0942,0.10725,0.04255,0.0583,0.05965,0.0726,0.08455,0.08055,0.102,0.10615,6,6,-0.2716728,-0.24434036,0.010429299,0.059370846,0.09354061,0.13711837,-0.26198578,-0.18769231,22.604262578535312,88.32177482969668,4090.0,Kolkata,9,"{""type"":""MultiPoint"",""coordinates"":[]}",-5.553405601902635,-11.120975288088328,-3.924865075129874,-11.679718093782807
1_1_1_2_91_0_1_1_1_2_91_0,0.0602,0.0841,0.0358,0.0502,0.0472,0.0668,0.0706,0.097,0.063,0.0988,0.1415,0.1709,4,4,0.0795107,0.071231365,-0.40307388,-0.34039214,0.3838631,0.26733407,-0.3342763,-0.2758492,22.4635864050422,88.47269179742875,4091.0,Kolkata,9,"{""type"":""MultiPoint"",""coordinates"":[]}",-9.90492539620395,-17.255499897838384,-12.801446993064085,-20.1093159725571
1_1_1_2_92_0_1_1_1_2_92_0,0.14695,0.2462,0.10665,0.2109,0.0633,0.1071,0.0792,0.09545,0.07965,0.0985,0.1968,0.2543,6,6,-0.29957992,-0.44124103,-0.14501818,-0.016183816,0.4237656,0.44160998,-0.42608696,-0.45418155,22.74691504565349,88.3978621342616,4092.0,Kolkata,9,"{""type"":""MultiPoint"",""coordinates"":[]}",-6.2259537885063025,-12.988913514565729,-2.958131446626485,-11.327494216730566
1_1_1_2_93_0_1_1_1_2_93_0,0.2245,0.2314,0.1429,0.1347,0.0498,0.0802,0.0778,0.0982,0.0905,0.1006,0.249,0.2908,3,3,-0.48527953,-0.40412623,-0.051742345,-0.11374952,0.46686304,0.48594788,-0.5238678,-0.49511567,22.421185923631757,88.31629510646354,4093.0,Kolkata,9,"{""type"":""MultiPoint"",""coordinates"":[]}",-9.310198116059446,-14.47995587540523,-9.49257279076349,-15.10030660937298
1_1_1_2_94_0_1_1_1_2_94_0,0.1029,0.12825,0.06215,0.06995,0.0274,0.03995,0.0507,0.05785,0.04855,0.05845,0.193,0.21395,1,1,-0.33984375,-0.37829125,-0.30449477,-0.25043833,0.5980128,0.5708517,-0.58391464,-0.57431936,22.615940677228867,88.20688030485779,4094.0,Kolkata,9,"{""type"":""MultiPoint"",""coordinates"":[]}",-7.694944273804238,-14.642946919869978,-7.27368975937461,-14.265109376018545
1_1_1_2_95_0_1_1_1_2_95_0,0.18115,0.219,0.1204,0.15565,0.04445,0.05825,0.07335,0.0899,0.0684,0.08585,0.2583,0.2934,6,7,-0.42357564,-0.4179346,-0.17556036,-0.14519906,0.58126724,0.54726434,-0.55766624,-0.53091574,22.718528282675315,88.34468186944173,4095.0,Kolkata,9,"{""type"":""MultiPoint"",""coordinates"":[]}",-7.749192617017869,-14.233425838343326,-7.0881512064713394,-13.78350104869248
1_1_1_2_96_0_1_1_1_2_96_0,0.139,0.19555,0.1006,0.1618,0.0364,0.07785,0.05815,0.08115,0.0551,0.07745,0.17395,0.23745,6,6,-0.41009384,-0.41344416,-0.11167918,-0.09676674,0.51888233,0.5080978,-0.49892288,-0.4905838,22.63911721155915,88.33893265162335,4096.0,Kolkata,9,"{""type"":""MultiPoint"",""coordinates"":[]}",-8.633895177598149,-14.748964503596536,-6.391522710204507,-14.49319026646056
1_1_1_2_97_0_1_1_1_2_97_0,0.1506,0.1614,0.13615,0.1354,0.0751,0.06905,0.093,0.0854,0.1077,0.1006,0.12265,0.1214,6,0,-0.2364532,-0.30794165,0.102287285,0.14144272,0.06490124,0.093693696,-0.1374913,-0.17408124,22.63031372177478,88.41573860841558,4097.0,Kolkata,9,"{""type"":""MultiPoint"",""coordinates"":[]}",-6.933925171365862,-15.336423811744684,-7.310676164358944,-15.055718475734597
1_1_1_2_98_0_1_1_1_2_98_0,0.0138,0.0212,0.0121,0.0145,0.0768,0.0886,0.099,0.1042,0.0758,0.0877,0.032,0.041,0,0,0.7553192,0.661882,-0.3973799,-0.31832796,-0.40630797,-0.36285937,0.5114504,0.4352617,22.51811414278825,88.22888902931872,4098.0,Kolkata,9,"{""type"":""MultiPoint"",""coordinates"":[]}",-20.9998888458203,-26.43040050928786,-20.76631947737153,-28.43588100962279
1_1_1_2_99_0_1_1_1_2_99_0,0.19755,0.20445,0.1185,0.12515,0.0343,0.05115,0.0575,0.0783,0.051,0.06415,0.2515,0.2913,1,1,-0.549108,-0.44615385,-0.12014252,-0.17518911,0.6628099,0.6390491,-0.6278317,-0.5762987,22.729847055255224,88.2400281388418,4099.0,Kolkata,9,"{""type"":""MultiPoint"",""coordinates"":[]}",-8.45837737585357,-15.39196595551604,-8.18609128721058,-14.390776199553532
1_1_1_2_100_0_1_1_1_2_100_0,0.1525,0.1793,0.1102,0.1434,0.0366,0.0656,0.053,0.0732,0.0567,0.071,0.1736,0.1846,6,6,-0.48418492,-0.42019802,-0.064704075,-0.014564441,0.50759876,0.44444445,-0.53221536,-0.4321179,22.568419798698944,88.24721466111475,4100.0,Kolkata,9,"{""type"":""MultiPoint"",""coordinates"":[]}",-6.96881793672369,-13.895233793305009,-7.432642983402786,-13.812998679473434
1_1_1_2_101_0_1_1_1_2_101_0,0.1455,0.14825,0.12955,0.1241,0.05745,0.0678,0.07635,0.08245,0.09425,0.09185,0.1265,0.1528,6,6,-0.3116971,-0.2852189,0.06985294,-0.015113768,0.14609286,0.24913141,-0.24722701,-0.29904357,22.69184831873697,88.46784089489451,4101.0,Kolkata,9,"{""type"":""MultiPoint"",""coordinates"":[]}",-4.225936886522194,-12.882054863552,-4.2580819693289715,-13.20201650750612
1_1_1_2_102_0_1_1_1_2_102_0,0.25015,0.2231,0.22175,0.17655,0.0714,0.0636,0.09725,0.0832,0.1133,0.08605,0.21645,0.23405,6,6,-0.44012666,-0.45674175,0.0722246,-0.02395275,0.31281275,0.46235552,-0.37998086,-0.4754925,22.730475875954102,88.46352898153073,4102.0,Kolkata,9,"{""type"":""MultiPoint"",""coordinates"":[]}",-9.255425621293856,-15.463559704632804,-8.38685986956342,-16.084987060042955
1_1_1_2_103_0_1_1_1_2_103_0,0.1201,0.1206,0.0718,0.0703,0.0245,0.0552,0.0495,0.074,0.0398,0.0561,0.2491,0.2324,1,1,-0.4162736,-0.23946556,-0.34940413,-0.31671387,0.72447217,0.61109185,-0.6684528,-0.5169713,22.473198378582275,88.23814167674514,4103.0,Kolkata,9,"{""type"":""MultiPoint"",""coordinates"":[]}",-7.869351062653963,-13.74868261188703,-7.8382163052788805,-13.850089186450965
1_1_1_2_104_0_1_1_1_2_104_0,0.1847,0.21725,0.1205,0.12505,0.03975,0.0443,0.06245,0.0739,0.0639,0.06125,0.20015,0.28,4,1,-0.4946389,-0.49235788,-0.040145513,-0.12619407,0.51600075,0.64102566,-0.5243717,-0.5823679,22.717899461976437,88.44699998030293,4104.0,Kolkata,9,"{""type"":""MultiPoint"",""coordinates"":[]}",-10.388688281240732,-16.770401041804874,-9.456290466392012,-15.274898545594553
1_1_1_2_105_0_1_1_1_2_105_0,0.184,0.1749,0.1389,0.1374,0.0584,0.0821,0.072,0.095,0.0739,0.0954,0.1607,0.1715,1,1,-0.4375,-0.29603556,0.06759501,0.009815242,0.36999148,0.28512552,-0.38117748,-0.28705442,22.416424852625923,88.47287146048558,4105.0,Kolkata,9,"{""type"":""MultiPoint"",""coordinates"":[]}",-5.831011546731446,-15.623364964065832,-5.31147615034628,-15.71708548689457
1_1_1_2_106_0_1_1_1_2_106_0,0.2032,0.237,0.1228,0.1338,0.0404,0.0762,0.0647,0.105,0.0646,0.0929,0.25,0.3192,1,1,-0.5169839,-0.3859649,-0.103265665,-0.14778857,0.58931977,0.54913855,-0.58881474,-0.5049505,22.394505959693404,88.47359011271287,4106.0,Kolkata,9,"{""type"":""MultiPoint"",""coordinates"":[]}",-9.824455984796014,-15.993770829653586,-9.228327015825226,-15.589662884100044
1_1_1_2_107_0_1_1_1_2_107_0,0.02015,0.14045,0.01615,0.0983,0.09815,0.07825,0.1187,0.0929,0.1182,0.08775,0.1265,0.12655,0,0,0.70975876,-0.20377116,-0.72519606,0.052059926,0.033919085,0.18105459,-0.031810768,-0.1533379,22.637949401689795,88.51248716451525,4107.0,Kolkata,9,"{""type"":""MultiPoint"",""coordinates"":[]}",-21.15296506304644,-27.260874980179942,-17.69848991536978,-27.832360027100975
1_1_1_2_108_0_1_1_1_2_108_0,0.26425,0.26225,0.2304,0.24565,0.09205,0.1024,0.1222,0.1341,0.1433,0.1546,0.2121,0.2052,6,6,-0.36757666,-0.32332534,0.109478325,0.12204514,0.1935847,0.14063369,-0.26892012,-0.20954907,22.74727437176714,88.45337801882019,4108.0,Kolkata,9,"{""type"":""MultiPoint"",""coordinates"":[]}",-10.110020499515107,-17.886641662796883,-8.922232297928812,-18.224222637177036
1_1_1_2_109_0_1_1_1_2_109_0,0.1897,0.2078,0.1202,0.1311,0.0469,0.0588,0.0734,0.0872,0.0688,0.0746,0.2501,0.2629,4,1,-0.44203725,-0.40881357,-0.13733515,-0.1170597,0.5685168,0.55792594,-0.54621327,-0.5018566,22.441308185996032,88.22098385481847,4109.0,Kolkata,9,"{""type"":""MultiPoint"",""coordinates"":[]}",-7.694493627957199,-14.291061096428773,-6.954121638857291,-14.458822207517297
1_1_1_2_110_0_1_1_1_2_110_0,0.1999,0.1987,0.1649,0.168,0.0586,0.1098,0.0725,0.1226,0.0856,0.1256,0.1752,0.2008,6,6,-0.46769458,-0.23685029,0.06584911,-0.005256571,0.34355828,0.23039216,-0.41461444,-0.2418058,22.3568665492888,88.40046724858554,4110.0,Kolkata,9,"{""type"":""MultiPoint"",""coordinates"":[]}",-6.682732802796006,-14.233572302378377,-5.708347291606721,-15.014880613609833
1_1_1_2_111_0_1_1_1_2_111_0,0.1612,0.2089,0.0951,0.1286,0.0404,0.0776,0.0656,0.1048,0.0612,0.0828,0.273,0.3253,1,1,-0.42151675,-0.3318457,-0.25748503,-0.21789593,0.6337522,0.5942171,-0.6125221,-0.5126715,22.50059699474792,88.42633872876819,4111.0,Kolkata,9,"{""type"":""MultiPoint"",""coordinates"":[]}",-10.166768059583143,-14.705532123311446,-7.9913663033043125,-14.50837311811527
1_1_1_2_112_0_1_1_1_2_112_0,0.1142,0.1396,0.0767,0.0815,0.0472,0.0666,0.0686,0.0868,0.0596,0.0736,0.1878,0.2046,1,1,-0.24945295,-0.23321554,-0.24370861,-0.1888437,0.5181892,0.47088426,-0.4648986,-0.40425533,22.35399194037961,88.53422639439094,4112.0,Kolkata,9,"{""type"":""MultiPoint"",""coordinates"":[]}",-8.857058040256373,-15.403816007007848,-8.33289563674997,-15.224070745752908
1_1_1_2_113_0_1_1_1_2_113_0,0.1774,0.1881,0.11085,0.11915,0.04595,0.041,0.07405,0.0633,0.0589,0.0623,0.30245,0.22525,4,1,-0.4110161,-0.49642006,-0.26060227,-0.08987541,0.67400026,0.56668407,-0.6066401,-0.56125456,22.68097870379912,88.52380593709516,4113.0,Kolkata,9,"{""type"":""MultiPoint"",""coordinates"":[]}",-10.502692360171817,-16.45336716236249,-9.93083494806813,-15.71712680104061
1_1_1_2_114_0_1_1_1_2_114_0,0.17025,0.2695,0.1663,0.25085,0.08275,0.1373,0.1063,0.1934,0.10105,0.1646,0.1439,0.3646,6,6,-0.23124209,-0.16439836,0.08387713,-0.14997634,0.17493366,0.37792894,-0.15027978,-0.30681002,22.710173950533004,88.34126827136207,4114.0,Kolkata,9,"{""type"":""MultiPoint"",""coordinates"":[]}",-12.61807241466848,-19.108396981577954,-10.532514149408634,-16.57694945251629
1_1_1_2_115_0_1_1_1_2_115_0,0.162,0.1736,0.0857,0.0936,0.0286,0.0518,0.0492,0.074,0.0388,0.0488,0.2106,0.2312,1,1,-0.53409094,-0.4022617,-0.13043478,-0.14229248,0.68885326,0.6514286,-0.6212471,-0.5150721,22.47679163971875,88.25664697159802,4115.0,Kolkata,9,"{""type"":""MultiPoint"",""coordinates"":[]}",-7.054487245339084,-13.453606984586125,-7.293033932863924,-13.703133499281288
1_1_1_2_116_0_1_1_1_2_116_0,0.2019,0.1942,0.1359,0.1259,0.0475,0.0816,0.0718,0.0952,0.0762,0.0875,0.1887,0.1915,4,1,-0.47533795,-0.3420871,0.033794165,0.007000259,0.42468855,0.37275985,-0.4487524,-0.3358912,22.38130072501685,88.52173981194169,4116.0,Kolkata,9,"{""type"":""MultiPoint"",""coordinates"":[]}",-9.606227797140507,-15.716488899785777,-9.07668618274383,-15.08082694589034
1_1_1_2_117_0_1_1_1_2_117_0,0.1681,0.1845,0.1158,0.1291,0.032,0.0629,0.0484,0.0733,0.0494,0.0739,0.1743,0.2162,6,6,-0.55288684,-0.43134212,-0.018107476,-0.079111554,0.55833703,0.4905205,-0.56533456,-0.49360967,22.470144106616267,88.29365756130373,4117.0,Kolkata,9,"{""type"":""MultiPoint"",""coordinates"":[]}",-6.497763449943723,-12.867058718765774,-6.50997458679878,-12.669644850070254
1_1_1_2_118_0_1_1_1_2_118_0,0.1032,0.1091,0.0631,0.0563,0.0471,0.0566,0.0705,0.0709,0.0565,0.0525,0.196,0.2098,3,3,-0.18825561,-0.21222222,-0.31016043,-0.31577298,0.5524753,0.599695,-0.4709193,-0.49483433,22.40896883576773,88.32833253127075,4118.0,Kolkata,9,"{""type"":""MultiPoint"",""coordinates"":[]}",-6.037922851943034,-13.798108424145871,-6.014739871727964,-13.430752083395952
1_1_1_2_119_0_1_1_1_2_119_0,0.1351,0.1518,0.0801,0.087,0.0227,0.0624,0.0423,0.0744,0.0349,0.0596,0.1766,0.2138,1,6,-0.52311164,-0.34217507,-0.13314085,-0.16958424,0.66997635,0.5640088,-0.6135222,-0.48369187,22.38058207278955,88.42175732081918,4119.0,Kolkata,9,"{""type"":""MultiPoint"",""coordinates"":[]}",-6.23840415084228,-12.943894771928985,-6.080788093023103,-13.304473895214855
1_1_1_2_120_0_1_1_1_2_120_0,0.1492,0.1654,0.1331,0.1361,0.0597,0.087,0.0747,0.0976,0.0914,0.1166,0.1217,0.1496,6,7,-0.33273783,-0.25779468,0.101513475,0.05015873,0.14218676,0.12396694,-0.23930754,-0.21035598,22.5635688961647,88.31961887301479,4120.0,Kolkata,9,"{""type"":""MultiPoint"",""coordinates"":[]}",-4.143932193795906,-12.594219013057717,-4.609948252231409,-13.129311298515145
1_1_1_2_121_0_1_1_1_2_121_0,0.1802,0.3029,0.1731,0.2915,0.0669,0.083,0.0828,0.0818,0.106,0.09,0.1278,0.1614,7,6,-0.3703422,-0.57473356,0.17012987,0.30475986,0.09324209,0.28400955,-0.21367522,-0.32730263,22.52637864340215,88.31018656253153,4121.0,Kolkata,9,"{""type"":""MultiPoint"",""coordinates"":[]}",-6.96037771857913,-12.818445513651332,-5.377216660135089,-14.337733234784164
1_1_1_2_122_0_1_1_1_2_122_0,0.2414,0.2372,0.1919,0.1855,0.0624,0.0766,0.0957,0.0983,0.1106,0.1078,0.231,0.2411,5,5,-0.43221596,-0.41400895,0.022015242,-0.008153878,0.352459,0.3820579,-0.41414142,-0.42074248,22.54066185641965,88.33569871660053,4122.0,Kolkata,9,"{""type"":""MultiPoint"",""coordinates"":[]}",-12.315150366538216,-18.347705992788615,-12.247855086675244,-18.675900623956267
1_1_1_2_123_0_1_1_1_2_123_0,0.2388,0.2534,0.21195,0.23385,0.04935,0.0737,0.0721,0.0903,0.06945,0.1013,0.24585,0.2387,1,6,-0.53618526,-0.47454175,-0.01454658,0.029871978,0.5594672,0.40411764,-0.54646957,-0.45106384,22.72427750049368,88.2776675492464,4123.0,Kolkata,9,"{""type"":""MultiPoint"",""coordinates"":[]}",-2.757075934451162,-12.607929805927505,-0.40643448572108354,-11.96232798647933
1_1_1_2_124_0_1_1_1_2_124_0,0.1838,0.21045,0.1378,0.15885,0.0294,0.05135,0.0526,0.06635,0.0541,0.06735,0.1991,0.20085,1,6,-0.55499154,-0.5205925,-0.039958213,0.023340628,0.5726698,0.49776286,-0.5820421,-0.50336826,22.67945156781612,88.33830383092447,4124.0,Kolkata,9,"{""type"":""MultiPoint"",""coordinates"":[]}",-6.771104536819499,-12.126697143609189,-6.39227300154838,-13.486993430451115
1_1_1_2_125_0_1_1_1_2_125_0,0.23915,0.21325,0.1643,0.14195,0.0613,0.048,0.08445,0.0674,0.09725,0.0757,0.2414,0.18175,5,5,-0.47805932,-0.51968646,-0.004682135,0.079746835,0.4256607,0.41192466,-0.48166335,-0.45896047,22.68466179646401,88.25125707989329,4125.0,Kolkata,9,"{""type"":""MultiPoint"",""coordinates"":[]}",-10.334856404848612,-16.255630753515412,-11.829050728763093,-17.01556546239069
1_1_1_2_126_0_1_1_1_2_126_0,0.1686,0.1911,0.0944,0.1062,0.038,0.0545,0.0648,0.0833,0.0592,0.0736,0.2822,0.3041,3,2,-0.44473007,-0.39285713,-0.25199646,-0.22819063,0.65319276,0.6102727,-0.62651294,-0.56995356,22.404836585460775,88.26338433622891,4126.0,Kolkata,9,"{""type"":""MultiPoint"",""coordinates"":[]}",-9.65470066057346,-15.444768709413951,-9.4452372325443,-14.080887176577704
1_1_1_2_127_0_1_1_1_2_127_0,0.1581,0.1574,0.1335,0.1281,0.0996,0.0886,0.1048,0.0938,0.1178,0.0978,0.1289,0.1268,6,6,-0.20273869,-0.2531847,0.10174216,0.10767066,0.04499392,0.12911843,-0.103123665,-0.14959203,22.499878342520624,88.41609793452922,4127.0,Kolkata,9,"{""type"":""MultiPoint"",""coordinates"":[]}",-3.6171561816751487,-14.344239254586928,-6.362386564633164,-16.208168332193985
1_1_1_2_128_0_1_1_1_2_128_0,0.2401,0.236,0.1489,0.1511,0.0342,0.0786,0.0546,0.0952,0.072,0.0982,0.1858,0.2522,5,5,-0.62945366,-0.42512077,0.12749472,-0.03318312,0.44142747,0.4394977,-0.54575706,-0.45192862,22.3583936852718,88.38537555181233,4128.0,Kolkata,9,"{""type"":""MultiPoint"",""coordinates"":[]}",-8.796303907461882,-14.727104135899197,-9.818991677527748,-14.556330702247804
1_1_1_2_129_0_1_1_1_2_129_0,0.1689,0.1707,0.0891,0.0943,0.0348,0.0497,0.0646,0.0722,0.0574,0.0679,0.3139,0.3181,1,1,-0.44668093,-0.40551668,-0.3003314,-0.30155483,0.69081604,0.6481865,-0.6586526,-0.6300282,22.46071179613301,88.28197946261018,4129.0,Kolkata,9,"{""type"":""MultiPoint"",""coordinates"":[]}",-10.306243247804675,-15.199597017757156,-10.252373795542521,-14.566894432061748
1_1_1_2_130_0_1_1_1_2_130_0,0.1462,0.1627,0.0792,0.0899,0.024,0.0616,0.0424,0.085,0.037,0.0674,0.1789,0.2323,1,1,-0.55037117,-0.31368592,-0.10058443,-0.17620254,0.65724874,0.5502169,-0.6168098,-0.46422943,22.4651135410252,88.44457452903582,4130.0,Kolkata,9,"{""type"":""MultiPoint"",""coordinates"":[]}",-8.913339860835467,-14.200042080861234,-6.18818239571659,-13.60484118446502
1_1_1_2_131_0_1_1_1_2_131_0,0.16335,0.161,0.10955,0.09135,0.03945,0.0402,0.05975,0.05935,0.0585,0.0507,0.1782,0.1959,6,6,-0.46436575,-0.46131155,-0.04347826,-0.09778649,0.50570345,0.58880776,-0.49779364,-0.5349657,22.70433490118623,88.42732687558072,4131.0,Kolkata,9,"{""type"":""MultiPoint"",""coordinates"":[]}",-9.024675957488801,-14.821088861280794,-7.528734296074118,-13.866706677203275
1_1_1_2_132_0_1_1_1_2_132_0,0.163,0.1771,0.1486,0.1444,0.0578,0.1088,0.0797,0.1212,0.0941,0.136,0.1482,0.1858,6,6,-0.34322208,-0.18739524,0.047557842,-0.023973547,0.22327693,0.1547545,-0.30057043,-0.21042345,22.565096032147704,88.26140804260385,4132.0,Kolkata,9,"{""type"":""MultiPoint"",""coordinates"":[]}",-6.264729074475883,-13.67550907754493,-6.9134239061335,-14.188236688371301
1_1_1_2_133_0_1_1_1_2_133_0,0.0945,0.102,0.0471,0.06065,0.0268,0.04265,0.0454,0.05565,0.03215,0.04835,0.14755,0.13405,1,1,-0.35096496,-0.29400572,-0.21916959,-0.13577631,0.6421814,0.4698465,-0.5294118,-0.41328412,22.65250210929253,88.25467067797295,4133.0,Kolkata,9,"{""type"":""MultiPoint"",""coordinates"":[]}",-9.545615429028208,-16.531894474701723,-9.43400828486263,-16.991130809067855
1_1_1_2_134_0_1_1_1_2_134_0,0.2619,0.2606,0.1681,0.1622,0.0463,0.0512,0.07865,0.07765,0.0816,0.0792,0.2892,0.297,6,1,-0.5381001,-0.54087216,-0.04953729,-0.06527977,0.55987054,0.57894737,-0.57238007,-0.5854798,22.60471173617737,88.53117212242493,4134.0,Kolkata,9,"{""type"":""MultiPoint"",""coordinates"":[]}",-12.505433182495274,-19.99372353749338,-12.263536866915096,-19.32278949487081
1_1_1_2_135_0_1_1_1_2_135_0,0.1501,0.1715,0.09815,0.1034,0.0356,0.0437,0.05695,0.073,0.05475,0.05755,0.21415,0.25415,6,6,-0.44989133,-0.402863,-0.17584077,-0.19417362,0.5927854,0.6307347,-0.57985985,-0.55372155,22.630044227189543,88.28108114732606,4135.0,Kolkata,9,"{""type"":""MultiPoint"",""coordinates"":[]}",-8.857294119659079,-13.473703440660483,-7.508283110645615,-13.673675095361226
1_1_1_2_136_0_1_1_1_2_136_0,0.1688,0.1638,0.1333,0.1269,0.0468,0.0756,0.0637,0.0905,0.0693,0.096,0.1496,0.1692,6,6,-0.452043,-0.28824222,0.06030151,-0.016216217,0.36683416,0.2760181,-0.40271917,-0.30304196,22.50086648933316,88.31324083449753,4136.0,Kolkata,9,"{""type"":""MultiPoint"",""coordinates"":[]}",-4.628800246872025,-15.097756654700962,-4.327499072007891,-14.732435918655579
1_1_1_2_137_0_1_1_1_2_137_0,0.0835,0.1058,0.0464,0.0572,0.0254,0.0505,0.0478,0.0728,0.038,0.0592,0.1615,0.2042,4,1,-0.27189642,-0.18477044,-0.31836733,-0.31741935,0.61904764,0.55049354,-0.54323936,-0.47436824,22.368185321868705,88.34540052166902,4137.0,Kolkata,9,"{""type"":""MultiPoint"",""coordinates"":[]}",-6.3964311652791555,-13.023417942164222,-6.01559678070541,-13.686069703429403
1_1_1_2_138_0_1_1_1_2_138_0,0.147,0.1854,0.0874,0.111,0.0403,0.0435,0.0666,0.0681,0.0645,0.054,0.2436,0.3148,4,1,-0.3764045,-0.46272188,-0.24731183,-0.25869653,0.5813048,0.7071583,-0.5705996,-0.64429355,22.533475334146694,88.54635365072656,4138.0,Kolkata,9,"{""type"":""MultiPoint"",""coordinates"":[]}",-8.976283615109962,-15.897240393380564,-8.272969441684754,-15.155295382436345
1_1_1_2_139_0_1_1_1_2_139_0,0.1699,0.19285,0.14585,0.17005,0.07235,0.04475,0.08855,0.0592,0.0858,0.0707,0.15625,0.16515,6,6,-0.31476107,-0.5302519,0.041851908,0.0773743,0.29105556,0.4004664,-0.2765523,-0.47225317,22.71700114669231,88.48652585280419,4139.0,Kolkata,9,"{""type"":""MultiPoint"",""coordinates"":[]}",-5.190925002607754,-13.259155178745964,-4.234533911306263,-14.336509643545226
1_1_1_2_140_0_1_1_1_2_140_0,0.14655,0.13745,0.09265,0.07995,0.04905,0.0311,0.07225,0.04955,0.06245,0.0449,0.2152,0.21035,4,1,-0.33957952,-0.47005346,-0.18977194,-0.20960322,0.5501531,0.64818805,-0.49730387,-0.6186995,22.749699823034263,88.48293259166772,4140.0,Kolkata,9,"{""type"":""MultiPoint"",""coordinates"":[]}",-7.6490056256163275,-15.16175026603932,-8.272480435744615,-16.35057894418584
1_1_1_2_141_0_1_1_1_2_141_0,0.1559,0.1731,0.1342,0.1404,0.0428,0.1011,0.0612,0.109,0.0728,0.1166,0.1174,0.1787,6,6,-0.43620452,-0.2272244,0.14087084,-0.015918136,0.23449,0.21029462,-0.31466964,-0.24226625,22.503471603657104,88.38151279609062,4141.0,Kolkata,9,"{""type"":""MultiPoint"",""coordinates"":[]}",-8.507985883792482,-13.506394193507202,-7.9608875209866365,-14.087916738662052
1_1_1_2_142_0_1_1_1_2_142_0,0.01265,0.01975,0.01015,0.01465,0.0665,0.0754,0.09385,0.10095,0.07425,0.0811,0.0409,0.04225,0,0,0.76244134,0.6727423,-0.5275444,-0.36290324,-0.28962222,-0.31495744,0.3929499,0.4099162,22.68142786144118,88.35914474551605,4142.0,Kolkata,9,"{""type"":""MultiPoint"",""coordinates"":[]}",-19.899636639193517,-26.884547292980464,-19.853838588928625,-28.165660326779552
1_1_1_2_143_0_1_1_1_2_143_0,0.1718,0.1966,0.10515,0.11835,0.03805,0.05235,0.06955,0.08165,0.0598,0.07915,0.2472,0.2827,4,4,-0.42365858,-0.4131177,-0.17995226,-0.17963697,0.61042345,0.5625259,-0.5608524,-0.5518046,22.646303733832102,88.50772609350942,4143.0,Kolkata,9,"{""type"":""MultiPoint"",""coordinates"":[]}",-6.356390955264333,-14.306033955096964,-8.916508123129631,-15.49774607317416
1_1_1_2_144_0_1_1_1_2_144_0,0.017,0.0265,0.0143,0.0173,0.0787,0.0886,0.1064,0.1128,0.0865,0.09,0.0387,0.0457,0,0,0.72447324,0.6195262,-0.38958707,-0.26592797,-0.38178915,-0.3264554,0.4665748,0.42334384,22.56096378184075,88.26212669483114,4144.0,Kolkata,9,"{""type"":""MultiPoint"",""coordinates"":[]}",-19.282829524485436,-26.48909641244062,-19.815243475282667,-27.897293478944864
1_1_1_2_145_0_1_1_1_2_145_0,0.2053,0.2126,0.1366,0.1283,0.0288,0.0426,0.0506,0.0678,0.0406,0.0552,0.2345,0.298,6,6,-0.604533,-0.51640517,-0.066393815,-0.16725421,0.7048346,0.6874292,-0.6450368,-0.62930566,22.569767271625125,88.54240106347643,4145.0,Kolkata,9,"{""type"":""MultiPoint"",""coordinates"":[]}",-8.198899385927021,-13.587863114007686,-7.493447169723382,-13.46583610948678
1_1_1_2_146_0_1_1_1_2_146_0,0.113,0.1341,0.0739,0.0894,0.0252,0.065,0.037,0.0735,0.0342,0.0634,0.0883,0.1146,6,6,-0.50666666,-0.29190752,0.122702435,0.07840772,0.44163266,0.28764045,-0.4094174,-0.2185008,22.401422987381125,88.48706484197467,4146.0,Kolkata,9,"{""type"":""MultiPoint"",""coordinates"":[]}",-8.932254434058384,-16.40024875186679,-8.829370239237374,-16.682557711892613
1_1_1_2_147_0_1_1_1_2_147_0,0.1328,0.1584,0.0763,0.0867,0.0276,0.0648,0.0489,0.0818,0.0422,0.0592,0.2112,0.2735,1,1,-0.46175015,-0.3189009,-0.22790697,-0.26649687,0.6669298,0.64412385,-0.6239908,-0.53954405,22.397739894716235,88.30865942654853,4147.0,Kolkata,9,"{""type"":""MultiPoint"",""coordinates"":[]}",-8.16520552837618,-13.974594912600798,-7.101077170582407,-14.014847666864991
1_1_1_2_148_0_1_1_1_2_148_0,0.13745,0.13705,0.078,0.0704,0.02385,0.02185,0.0445,0.0433,0.0347,0.0339,0.19065,0.21195,1,1,-0.5108546,-0.51982254,-0.16214569,-0.21461318,0.6920346,0.72422206,-0.6215182,-0.66072476,22.60776600814338,88.50700744128211,4148.0,Kolkata,9,"{""type"":""MultiPoint"",""coordinates"":[]}",-8.967633215444515,-14.257381239052986,-7.578898147729104,-14.59799289837983
1_1_1_2_149_0_1_1_1_2_149_0,0.1624,0.1842,0.1174,0.132,0.0302,0.067,0.0517,0.0778,0.0432,0.0672,0.1446,0.2004,6,6,-0.5170481,-0.40610686,0.057980455,-0.042121686,0.5399361,0.49775785,-0.47325522,-0.44069016,22.43519964206402,88.42517091889883,4149.0,Kolkata,9,"{""type"":""MultiPoint"",""coordinates"":[]}",-7.818472017610581,-14.385296970604848,-8.267013459060168,-14.469972291044321
1_1_1_2_150_0_1_1_1_2_150_0,0.195,0.1755,0.1282,0.1041,0.043,0.0791,0.0722,0.0916,0.0708,0.0866,0.2588,0.2655,6,6,-0.45958084,-0.31411457,-0.14059056,-0.20408164,0.5703884,0.5080943,-0.5637462,-0.48697844,22.405195911574427,88.41618776605763,4150.0,Kolkata,9,"{""type"":""MultiPoint"",""coordinates"":[]}",-8.800277272985735,-14.263273857178156,-7.585471645430106,-14.490504532275855
1_1_1_2_151_0_1_1_1_2_151_0,0.0476,0.0645,0.0398,0.0504,0.0575,0.0742,0.0766,0.0882,0.0662,0.0814,0.0545,0.073,0,0,0.23349437,0.1552063,-0.067580804,-0.061818182,-0.09693455,-0.054404143,0.1685736,0.094292805,22.598693023773773,88.35591081049321,4151.0,Kolkata,9,"{""type"":""MultiPoint"",""coordinates"":[]}",-14.221520435899855,-20.067679816438527,-15.041925576126896,-21.54552897889096
1_1_1_2_152_0_1_1_1_2_152_0,0.1374,0.1561,0.0707,0.0873,0.0271,0.0537,0.0442,0.0662,0.0304,0.0528,0.2283,0.2155,1,1,-0.51321584,-0.40440845,-0.24856439,-0.1598493,0.76497877,0.60641074,-0.67559636,-0.52999645,22.36054964195369,88.25970124356401,4152.0,Kolkata,9,"{""type"":""MultiPoint"",""coordinates"":[]}",-7.167422949981829,-13.509241959106884,-6.9017400963955655,-13.709603171712153
1_1_1_2_153_0_1_1_1_2_153_0,0.1872,0.175,0.1371,0.1257,0.0608,0.0772,0.0846,0.0896,0.0888,0.0858,0.2258,0.2187,4,1,-0.37748346,-0.3227513,-0.09346247,-0.11099822,0.43547362,0.4364532,-0.4548969,-0.41874796,22.4891883906396,88.46352898153073,4153.0,Kolkata,9,"{""type"":""MultiPoint"",""coordinates"":[]}",-5.026720209985437,-13.78547842258929,-5.1614296511209705,-13.69055318365762
1_1_1_2_154_0_1_1_1_2_154_0,0.2092,0.1884,0.1547,0.118,0.0566,0.0822,0.0877,0.1088,0.0899,0.0866,0.2448,0.3136,4,4,-0.40922868,-0.2678331,-0.0784141,-0.24940239,0.4628025,0.5672164,-0.4724812,-0.4848485,22.408340015068845,88.5474316290675,4154.0,Kolkata,9,"{""type"":""MultiPoint"",""coordinates"":[]}",-10.35977042507562,-16.898193918879905,-9.16624566212927,-15.648793416796444
1_1_1_2_155_0_1_1_1_2_155_0,0.21835,0.24415,0.14385,0.14875,0.0465,0.0605,0.0714,0.0832,0.0806,0.08075,0.23,0.2757,4,4,-0.5071613,-0.4916756,-0.025984164,-0.060690586,0.4810045,0.546921,-0.526211,-0.5363611,22.742692963818133,88.22179233857418,4155.0,Kolkata,9,"{""type"":""MultiPoint"",""coordinates"":[]}",-7.5715419601600935,-13.65183039342208,-7.5738501311863216,-13.463620111299477
1_1_1_2_156_0_1_1_1_2_156_0,0.1088,0.105,0.0642,0.0614,0.0241,0.0475,0.0364,0.0576,0.0345,0.0542,0.0679,0.0837,1,1,-0.4986226,-0.2915129,0.23146576,0.112877585,0.32617188,0.21392313,-0.30201343,-0.18471338,22.519731110299663,88.26886405946203,4156.0,Kolkata,9,"{""type"":""MultiPoint"",""coordinates"":[]}",-9.906709283770907,-16.057083555880244,-9.631091562027791,-15.824641898989196
1_1_1_2_157_0_1_1_1_2_157_0,0.1561,0.1336,0.1338,0.0916,0.0544,0.071,0.0672,0.0788,0.0747,0.078,0.1148,0.1376,6,6,-0.39811912,-0.25800377,0.15245478,-0.0147492625,0.2116095,0.27643785,-0.26153848,-0.27171904,22.47364753622433,88.40028758552872,4157.0,Kolkata,9,"{""type"":""MultiPoint"",""coordinates"":[]}",-6.735992455223039,-12.330372281581539,-6.2602545426930405,-13.024805000045713
1_1_1_2_158_0_1_1_1_2_158_0,0.1415,0.1901,0.1112,0.1537,0.0547,0.0924,0.0633,0.1076,0.0691,0.1146,0.1178,0.1742,6,6,-0.38183594,-0.2771246,0.09139992,0.04364535,0.26056716,0.20637119,-0.3009387,-0.23633783,22.385522806852208,88.25161640600695,4158.0,Kolkata,9,"{""type"":""MultiPoint"",""coordinates"":[]}",-6.481602635826346,-15.054658424291611,-4.20710846873996,-15.575040016226797
1_1_1_2_159_0_1_1_1_2_159_0,0.10685,0.1181,0.06095,0.06075,0.028,0.04425,0.0456,0.0619,0.03375,0.0448,0.18245,0.2173,1,1,-0.40177107,-0.3122222,-0.26132044,-0.29576623,0.6877891,0.6581457,-0.6000877,-0.55659026,22.71134176040236,88.26302501011526,4159.0,Kolkata,9,"{""type"":""MultiPoint"",""coordinates"":[]}",-6.4189523125433485,-13.90767169330855,-6.914634335226147,-14.42370285735003
1_1_1_2_160_0_1_1_1_2_160_0,0.2202,0.2035,0.1483,0.1377,0.0606,0.0807,0.085,0.1056,0.103,0.0928,0.2381,0.2902,1,4,-0.44298822,-0.31672597,-0.039057385,-0.17561272,0.39607152,0.5154047,-0.47384712,-0.46639717,22.35776486457292,88.49973108748075,4160.0,Kolkata,9,"{""type"":""MultiPoint"",""coordinates"":[]}",-9.56308537329436,-16.873982193635946,-9.544346937914565,-16.454717900333044
1_1_1_2_161_0_1_1_1_2_161_0,0.1155,0.1375,0.1037,0.1152,0.0412,0.0549,0.0578,0.0675,0.0617,0.0698,0.118,0.1426,6,6,-0.33294865,-0.34146342,-0.010706638,-0.018207783,0.31329995,0.34274954,-0.34243459,-0.35744885,22.51514970235065,88.32312230262285,4161.0,Kolkata,9,"{""type"":""MultiPoint"",""coordinates"":[]}",-6.579187164382157,-12.60401113421899,-5.803830549501069,-12.985362294833347
1_1_1_2_162_0_1_1_1_2_162_0,0.1621,0.18445,0.12635,0.14265,0.03845,0.04955,0.05905,0.0695,0.06065,0.0671,0.19735,0.20905,6,1,-0.46597332,-0.45264816,-0.098066494,-0.062515885,0.52984494,0.51403224,-0.5393916,-0.50098723,22.63255950998508,88.49362254354874,4162.0,Kolkata,9,"{""type"":""MultiPoint"",""coordinates"":[]}",-7.018878082170513,-13.371104210324935,-4.89810743212485,-13.454951671259316
1_1_1_2_163_0_1_1_1_2_163_0,0.1238,0.1664,0.1045,0.1303,0.0382,0.1338,0.0514,0.1324,0.0558,0.1544,0.1557,0.182,6,6,-0.413242,-0.113788486,-0.11413238,-0.04477612,0.47234043,0.08204518,-0.50362146,-0.15776081,22.571114744551306,88.33003933031057,4163.0,Kolkata,9,"{""type"":""MultiPoint"",""coordinates"":[]}",-6.251875524208735,-12.317605517933647,-6.91131334306408,-13.414705978375984
1_1_1_2_164_0_1_1_1_2_164_0,0.2396,0.2669,0.1635,0.1749,0.066,0.0784,0.0976,0.093,0.1016,0.0976,0.2242,0.2499,4,4,-0.42111507,-0.48318976,0.033203967,0.032894738,0.37630448,0.43827337,-0.39341205,-0.4575678,22.382648197943027,88.52380593709516,4164.0,Kolkata,9,"{""type"":""MultiPoint"",""coordinates"":[]}",-10.644444066640736,-16.93507267165903,-8.27278834639531,-15.408017730080537
1_1_1_2_165_0_1_1_1_2_165_0,0.227,0.2128,0.1666,0.1318,0.134,0.126,0.1526,0.1448,0.1704,0.1636,0.2569,0.2574,6,6,-0.19599578,-0.1901566,-0.061789624,-0.09485325,0.20243388,0.22280285,-0.25470087,-0.27996022,22.45172864329182,88.28988463711043,4165.0,Kolkata,9,"{""type"":""MultiPoint"",""coordinates"":[]}",-7.9123957929523385,-14.141424008117443,-6.808229860668696,-13.142830672321326
1_1_1_2_166_0_1_1_1_2_166_0,0.2116,0.2059,0.1932,0.1993,0.0611,0.1192,0.082,0.1394,0.0959,0.1448,0.1539,0.2014,6,6,-0.4414169,-0.19258615,0.15786594,0.011048367,0.23218575,0.16348931,-0.30479017,-0.18192488,22.401602650437948,88.4339744086832,4166.0,Kolkata,9,"{""type"":""MultiPoint"",""coordinates"":[]}",-4.022952165542554,-13.65245796640933,-3.6717344154712155,-14.78109825139419
1_1_1_2_167_0_1_1_1_2_167_0,0.12835,0.23225,0.07255,0.1448,0.04155,0.05785,0.0689,0.0762,0.0678,0.087,0.159,0.25445,4,1,-0.30139416,-0.50591666,-0.106664345,-0.045613315,0.4021164,0.49040854,-0.39534885,-0.5390897,22.65205295165047,88.22143301246052,4167.0,Kolkata,9,"{""type"":""MultiPoint"",""coordinates"":[]}",-9.005858839472758,-14.334948038314987,-8.112727618510831,-15.406231018098786
1_1_1_2_168_0_1_1_1_2_168_0,0.131,0.14665,0.10775,0.1246,0.0414,0.0666,0.0634,0.08285,0.07155,0.0809,0.13245,0.16315,6,6,-0.34773663,-0.27799565,-0.0055038906,-0.053260166,0.29852942,0.3370211,-0.35256574,-0.32642275,22.618096633910756,88.24326207386463,4168.0,Kolkata,9,"{""type"":""MultiPoint"",""coordinates"":[]}",-7.797895599493735,-14.93543108779562,-6.944196651004143,-13.355261087763758
1_1_1_2_169_0_1_1_1_2_169_0,0.1516,0.1537,0.1179,0.1148,0.048,0.052,0.0595,0.0686,0.0711,0.0672,0.1786,0.1804,6,0,-0.43628612,-0.38281602,-0.081768624,-0.079916194,0.43051663,0.45718902,-0.50021,-0.44899598,22.510837788986883,88.21379733254551,4169.0,Kolkata,9,"{""type"":""MultiPoint"",""coordinates"":[]}",-5.076601595300889,-12.721194046457942,-5.343039338420514,-14.069051434654007
1_1_1_2_170_0_1_1_1_2_170_0,0.1636,0.1782,0.1473,0.1633,0.054,0.0822,0.0696,0.0893,0.0878,0.1005,0.1244,0.1384,6,6,-0.40308747,-0.33233646,0.13611111,0.12571068,0.1724788,0.15864378,-0.28247422,-0.21563461,22.50850216924817,88.32914101502645,4170.0,Kolkata,9,"{""type"":""MultiPoint"",""coordinates"":[]}",-4.711991567262639,-13.952999669338288,-6.123440783535485,-14.702649643339885
1_1_1_2_171_0_1_1_1_2_171_0,0.12425,0.13305,0.108,0.11585,0.06645,0.0723,0.0751,0.08655,0.09155,0.0956,0.0926,0.1133,6,6,-0.24655129,-0.21174863,0.14595342,0.08017049,0.0057018735,0.08472954,-0.10435301,-0.13385038,22.743411616045428,88.31961887301479,4171.0,Kolkata,9,"{""type"":""MultiPoint"",""coordinates"":[]}",-4.52079147838568,-9.890413779135285,-3.7234421909431843,-11.617010553378378
1_1_1_2_172_0_1_1_1_2_172_0,0.1443,0.1604,0.0898,0.1066,0.0391,0.048,0.0665,0.0728,0.055,0.0617,0.2445,0.2544,6,1,-0.3690702,-0.37564322,-0.25771606,-0.22661524,0.6327212,0.60961723,-0.5723473,-0.5550122,22.52125824628267,88.47017651463322,4172.0,Kolkata,9,"{""type"":""MultiPoint"",""coordinates"":[]}",-7.28749046295038,-14.847645028499738,-6.364904157772551,-15.377528377114011
1_1_1_2_173_0_1_1_1_2_173_0,0.1824,0.1938,0.16295,0.16765,0.0541,0.0744,0.07405,0.0872,0.08175,0.08765,0.1592,0.17745,6,6,-0.4224995,-0.37935942,0.06791569,0.044040404,0.321436,0.3387401,-0.36505896,-0.34101644,22.70074164004975,88.39956893330142,4173.0,Kolkata,9,"{""type"":""MultiPoint"",""coordinates"":[]}",-4.1173466754835,-13.883422160916867,-3.3232027057819025,-13.382070003113212
1_1_1_2_174_0_1_1_1_2_174_0,0.2072,0.2316,0.14165,0.15445,0.03635,0.0575,0.0608,0.08045,0.07455,0.0827,0.1922,0.2126,3,3,-0.54626864,-0.4843775,0.037556335,0.042773526,0.44104967,0.43989164,-0.5193676,-0.45094693,22.65088514178112,88.2212533494037,4174.0,Kolkata,9,"{""type"":""MultiPoint"",""coordinates"":[]}",-10.198922092251468,-14.440870385101558,-9.41690193752115,-15.281381766729172
1_1_1_2_175_0_1_1_1_2_175_0,0.2415,0.2564,0.1759,0.1712,0.0568,0.0824,0.0846,0.0996,0.0942,0.1064,0.2654,0.2641,4,1,-0.48114076,-0.44044945,-0.047149338,-0.014793468,0.47608453,0.42564103,-0.5165714,-0.45229584,22.408789172710904,88.49613782634427,4175.0,Kolkata,9,"{""type"":""MultiPoint"",""coordinates"":[]}",-10.803074360791594,-17.19007438735368,-9.839852073143904,-16.168830223454552
1_1_1_2_176_0_1_1_1_2_176_0,0.13165,0.1804,0.07,0.1012,0.0191,0.0443,0.0505,0.05845,0.0358,0.0565,0.22395,0.25425,1,1,-0.44551194,-0.5105715,-0.2595613,-0.16990682,0.72435033,0.6363636,-0.63199127,-0.62615925,22.622947536445,88.22296014844353,4176.0,Kolkata,9,"{""type"":""MultiPoint"",""coordinates"":[]}",-6.789851290339415,-14.41885028702261,-7.847010167462317,-14.723680391721071
1_1_1_2_177_0_1_1_1_2_177_0,0.1519,0.16,0.0794,0.0879,0.0257,0.0562,0.041,0.0714,0.0325,0.057,0.2053,0.2307,1,1,-0.57490927,-0.38288677,-0.14949608,-0.18095726,0.7266611,0.6037539,-0.66707265,-0.5273088,22.39396697052293,88.39813162884684,4177.0,Kolkata,9,"{""type"":""MultiPoint"",""coordinates"":[]}",-7.18879188579278,-14.391961166146576,-6.360357764406864,-13.139545232277005
1_1_1_2_178_0_1_1_1_2_178_0,0.1748,0.181,0.1185,0.1184,0.0442,0.0756,0.0624,0.0917,0.0716,0.0852,0.1965,0.2436,0,1,-0.47386172,-0.32746607,-0.058443308,-0.14743288,0.46587095,0.48175183,-0.5179606,-0.45302713,22.50598688645264,88.50700744128211,4178.0,Kolkata,9,"{""type"":""MultiPoint"",""coordinates"":[]}",-12.515245785486194,-17.71982198139495,-10.23201732092395,-16.046676939516395
1_1_1_2_179_0_1_1_1_2_179_0,0.201,0.164,0.1377,0.1076,0.0449,0.0664,0.0692,0.0902,0.0929,0.0845,0.2298,0.1777,4,4,-0.48778683,-0.29032257,-0.06685237,-0.04009365,0.42423302,0.35545385,-0.53712374,-0.3266144,22.387678763534097,88.32249348192397,4179.0,Kolkata,9,"{""type"":""MultiPoint"",""coordinates"":[]}",-10.58716524484709,-16.03360595441402,-10.157461863511038,-17.184338626050742
1_1_1_2_180_0_1_1_1_2_180_0,0.1376,0.1488,0.123,0.131,0.0508,0.0725,0.0571,0.0819,0.071,0.0845,0.0907,0.1041,6,6,-0.4134566,-0.289987,0.20543145,0.1767497,0.12183055,0.10392365,-0.22733423,-0.11935484,22.594021784296352,88.33965130385066,4180.0,Kolkata,9,"{""type"":""MultiPoint"",""coordinates"":[]}",-1.8915665724969792,-12.309235367526849,-2.5288530130529776,-11.854442153017525
1_1_1_2_181_0_1_1_1_2_181_0,0.13185,0.14955,0.07935,0.0796,0.04575,0.04865,0.0709,0.07385,0.0713,0.08105,0.13485,0.1862,4,4,-0.30061653,-0.33885407,-0.011248594,-0.1091586,0.30827066,0.3934518,-0.31081408,-0.4320323,22.749699823034263,88.29275924601961,4181.0,Kolkata,9,"{""type"":""MultiPoint"",""coordinates"":[]}",-10.52679285159073,-16.711624143265123,-11.981560505282905,-20.214414147815077
1_1_1_2_182_0_1_1_1_2_182_0,0.1442,0.1763,0.12855,0.15685,0.0482,0.09515,0.0663,0.1087,0.0786,0.1174,0.1156,0.14635,6,6,-0.37007126,-0.23719299,0.11008468,0.09282504,0.19052523,0.10976303,-0.27102804,-0.14761811,22.60578971451832,88.33866315703813,4182.0,Kolkata,9,"{""type"":""MultiPoint"",""coordinates"":[]}",-7.460583972484908,-12.30733429384237,-8.673722557253477,-13.088892114958309
1_1_1_2_183_0_1_1_1_2_183_0,0.19085,0.19455,0.16645,0.16175,0.0824,0.0865,0.1117,0.1055,0.1195,0.1108,0.1925,0.20765,6,7,-0.26160964,-0.29678386,-0.004304161,-0.03257086,0.23397435,0.30412936,-0.26561472,-0.3262015,22.60291510560913,88.4437660452801,4183.0,Kolkata,9,"{""type"":""MultiPoint"",""coordinates"":[]}",-2.0186258555067895,-11.570298622959893,-3.6082760432674443,-13.431781500791335
1_1_1_2_184_0_1_1_1_2_184_0,0.121,0.1535,0.08265,0.09775,0.03035,0.04305,0.04725,0.0634,0.04605,0.058,0.11735,0.17695,6,6,-0.4383358,-0.4153988,0.015313614,-0.07096384,0.43635252,0.5062779,-0.4258809,-0.47243604,22.62402551478594,88.33435124367435,4184.0,Kolkata,9,"{""type"":""MultiPoint"",""coordinates"":[]}",-4.889641278254871,-12.193284023753918,-5.35036929345342,-12.639472095443235
1_1_1_2_185_0_1_1_1_2_185_0,0.2756,0.25105,0.31115,0.26925,0.1198,0.1278,0.143,0.1472,0.1675,0.1654,0.1777,0.17995,6,7,-0.3167702,-0.26076585,0.21597177,0.1649652,0.029548088,0.04213117,-0.10820081,-0.100106984,22.705682374112406,88.30192206191764,4185.0,Kolkata,9,"{""type"":""MultiPoint"",""coordinates"":[]}",-6.725332805594707,-13.753146170370247,-7.203909104851718,-12.359564256102773
1_1_1_2_186_0_1_1_1_2_186_0,0.1222,0.13855,0.06755,0.07525,0.0242,0.02945,0.0389,0.04395,0.03115,0.03665,0.18925,0.2179,1,1,-0.5170701,-0.51835614,-0.21528335,-0.22261187,0.7173321,0.71204084,-0.6589963,-0.66431165,22.735057283903117,88.42948283226261,4186.0,Kolkata,9,"{""type"":""MultiPoint"",""coordinates"":[]}",-7.69165903474736,-13.181886357689532,-6.476973147309378,-13.909340238012717
1_1_1_2_187_0_1_1_1_2_187_0,0.1481,0.17615,0.11655,0.14385,0.0358,0.0911,0.0567,0.0987,0.0634,0.1131,0.1529,0.1726,6,6,-0.44628906,-0.28179008,-0.015946845,0.010179211,0.41377717,0.20826042,-0.45896947,-0.27239218,22.602016790325013,88.43559137619462,4187.0,Kolkata,9,"{""type"":""MultiPoint"",""coordinates"":[]}",-1.21812202512207,-14.3170442564582,-0.12008901804300479,-14.285457253259992
1_1_1_2_188_0_1_1_1_2_188_0,0.303,0.32795,0.219,0.20795,0.073,0.0733,0.1014,0.1133,0.1131,0.1181,0.2697,0.325,4,4,-0.49851632,-0.48645893,0.058145627,0.004517957,0.4090909,0.46693748,-0.45351657,-0.4830025,22.61567118264363,88.48023764581536,4188.0,Kolkata,9,"{""type"":""MultiPoint"",""coordinates"":[]}",-12.85376144705402,-19.4562714914076,-12.637176752273568,-19.07516047813315
1_1_1_2_189_0_1_1_1_2_189_0,0.1897,0.16185,0.1191,0.10625,0.0493,0.04405,0.0786,0.06345,0.0678,0.06425,0.26295,0.21735,4,4,-0.4140887,-0.436751,-0.16182481,-0.14636075,0.5900227,0.543679,-0.5397453,-0.5480769,22.71322822249901,88.42759637016596,4189.0,Kolkata,9,"{""type"":""MultiPoint"",""coordinates"":[]}",-9.560893683122082,-16.841182845980036,-9.30000649918681,-15.806156779944487
1_1_1_2_190_0_1_1_1_2_190_0,0.2277,0.1652,0.147,0.1003,0.0358,0.0668,0.0566,0.0954,0.0733,0.0828,0.1934,0.1822,5,1,-0.60182905,-0.26784343,0.08145334,-0.048934944,0.45031872,0.37509435,-0.5472,-0.31268013,22.38121089348844,88.20427519053383,4190.0,Kolkata,9,"{""type"":""MultiPoint"",""coordinates"":[]}",-9.990057008773023,-15.234717691318206,-9.317844511556691,-15.321425219722425
1_1_1_2_191_0_1_1_1_2_191_0,0.1037,0.0238,0.066,0.0154,0.0385,0.0724,0.0583,0.0864,0.052,0.0674,0.2046,0.0734,3,0,-0.2802469,0.5680581,-0.3272786,-0.51028806,0.5946999,0.042613637,-0.55648535,0.08135169,22.466640677008204,88.46918836782069,4191.0,Kolkata,9,"{""type"":""MultiPoint"",""coordinates"":[]}",-16.694417004384967,-21.64232807239302,-20.99497637239546,-26.085987420120414
1_1_1_2_192_0_1_1_1_2_192_0,0.1671,0.1757,0.1061,0.1124,0.0337,0.072,0.0642,0.0842,0.0522,0.0683,0.2482,0.2599,6,6,-0.4448768,-0.35205847,-0.19528052,-0.1932966,0.6524634,0.58379036,-0.5889885,-0.51060736,22.363603913919693,88.28575238680348,4192.0,Kolkata,9,"{""type"":""MultiPoint"",""coordinates"":[]}",-8.939267735275145,-15.150235708441727,-8.760334328854473,-14.51168180209192
1_1_1_2_193_0_1_1_1_2_193_0,0.1771,0.1925,0.098,0.1064,0.0233,0.0527,0.0525,0.078,0.0364,0.054,0.2939,0.32,1,1,-0.54268295,-0.4232902,-0.24798301,-0.24878049,0.7795943,0.7112299,-0.6968822,-0.6080402,22.364053071561752,88.20948541918173,4193.0,Kolkata,9,"{""type"":""MultiPoint"",""coordinates"":[]}",-7.898659674108093,-14.123709179979773,-7.922465086439328,-14.781790150999527
1_1_1_2_194_0_1_1_1_2_194_0,0.0844,0.0565,0.0514,0.0346,0.0324,0.0556,0.0455,0.0637,0.0373,0.056,0.104,0.0723,6,0,-0.29946113,0.059900165,-0.10403397,-0.12267081,0.4720453,0.12704599,-0.39130434,-0.0632353,22.44831504521217,88.38187212220427,4194.0,Kolkata,9,"{""type"":""MultiPoint"",""coordinates"":[]}",-12.023817510106866,-18.317472780744318,-14.206450179123996,-21.471948063406334
1_1_1_2_195_0_1_1_1_2_195_0,0.19045,0.22445,0.11485,0.1231,0.03305,0.03745,0.067,0.06575,0.05115,0.0517,0.2541,0.2957,1,1,-0.47951058,-0.5468642,-0.1431785,-0.13697971,0.66486484,0.7023604,-0.5826845,-0.63618755,22.699214504066745,88.4955988371738,4195.0,Kolkata,9,"{""type"":""MultiPoint"",""coordinates"":[]}",-8.157555287821115,-14.013777137573253,-7.7182077346896705,-13.706152962470776
1_1_1_2_196_0_1_1_1_2_196_0,0.2529,0.2313,0.1989,0.1662,0.0622,0.0696,0.0936,0.094,0.1023,0.091,0.2688,0.2685,6,0,-0.45974025,-0.42207193,-0.030477285,-0.07442977,0.44866613,0.4937413,-0.4834437,-0.4813793,22.57425884804572,88.29509486575833,4196.0,Kolkata,9,"{""type"":""MultiPoint"",""coordinates"":[]}",-9.414422382383888,-16.60529415945065,-9.619142754327788,-16.449284134282145
1_1_1_2_197_0_1_1_1_2_197_0,0.1397,0.168,0.1055,0.1324,0.046,0.0839,0.0643,0.0943,0.0606,0.0922,0.148,0.1634,6,6,-0.36960784,-0.28097597,-0.028849496,0.013880507,0.4189837,0.27856025,-0.3942534,-0.26814124,22.401872145023184,88.48077663498583,4197.0,Kolkata,9,"{""type"":""MultiPoint"",""coordinates"":[]}",2.469735578713654,-11.850770240657372,-2.0741883815971587,-14.42624800810262
1_1_1_2_198_0_1_1_1_2_198_0,0.18575,0.1885,0.13595,0.1117,0.04265,0.0381,0.0736,0.0698,0.0708,0.0592,0.2403,0.2692,4,1,-0.43242723,-0.45954317,-0.12803662,-0.17631637,0.5448409,0.6394641,-0.5310609,-0.58820057,22.61099994316621,88.50521081071388,4198.0,Kolkata,9,"{""type"":""MultiPoint"",""coordinates"":[]}",-7.952458055119159,-15.245494778062078,-7.470163794969323,-14.646060793924143
1_1_1_2_199_0_1_1_1_2_199_0,0.1392,0.1621,0.1086,0.1271,0.038,0.0668,0.0542,0.0828,0.0576,0.083,0.1328,0.1526,6,6,-0.4395036,-0.32380563,0.023529412,0.03018748,0.394958,0.29541597,-0.42032087,-0.29651657,22.56320957005105,88.22044486564799,4199.0,Kolkata,9,"{""type"":""MultiPoint"",""coordinates"":[]}",-5.178375658474648,-15.022134003725657,-6.5464454765775155,-15.915406321234379
1_1_1_2_200_0_1_1_1_2_200_0,0.21335,0.2003,0.151,0.1264,0.04135,0.0365,0.06655,0.06635,0.0623,0.06225,0.19465,0.25445,4,1,-0.524473,-0.5023439,0.045833334,-0.119076416,0.51508075,0.60688347,-0.49042878,-0.5863466,22.699573830180395,88.4849987168212,4200.0,Kolkata,9,"{""type"":""MultiPoint"",""coordinates"":[]}",-6.121361080254344,-14.98721730651537,-6.296939508992184,-14.160650188050457
1_1_1_2_201_0_1_1_1_2_201_0,0.0877,0.0978,0.0626,0.0663,0.0266,0.0394,0.0354,0.0538,0.0372,0.0469,0.0572,0.1114,6,6,-0.42485783,-0.29023746,0.21048999,-0.06500956,0.21186441,0.4074542,-0.23542117,-0.34866828,22.5222463930952,88.32393078637857,4201.0,Kolkata,9,"{""type"":""MultiPoint"",""coordinates"":[]}",-7.574047790420663,-14.905352136750652,-10.208835548429569,-16.446482917635887
1_1_1_2_202_0_1_1_1_2_202_0,0.1833,0.1867,0.1475,0.1453,0.0602,0.0678,0.076,0.0874,0.0781,0.08,0.1742,0.1964,6,6,-0.4138064,-0.36227655,0.025454545,-0.02531976,0.38089576,0.4211288,-0.392486,-0.3840733,22.451009991064524,88.35114973948738,4202.0,Kolkata,9,"{""type"":""MultiPoint"",""coordinates"":[]}",-1.5389230363416937,-13.271181237571515,-2.1361775578169526,-13.310099500558879
1_1_1_2_203_0_1_1_1_2_203_0,0.1877,0.20605,0.13465,0.1576,0.0291,0.0507,0.0453,0.06455,0.046,0.0619,0.2036,0.20235,6,6,-0.6111588,-0.522912,-0.040633786,0.009059745,0.63141024,0.5315043,-0.63599837,-0.51629823,22.726613120232397,88.20634131568731,4203.0,Kolkata,9,"{""type"":""MultiPoint"",""coordinates"":[]}",-6.998056422943507,-14.09236145943806,-8.359628488501048,-15.350962484754367
1_1_1_2_204_0_1_1_1_2_204_0,0.1547,0.1815,0.1197,0.1429,0.0434,0.08,0.0598,0.0783,0.0648,0.0731,0.1506,0.1836,6,6,-0.44242424,-0.39722863,0.013429414,-0.0057518487,0.3983287,0.43046358,-0.43155894,-0.40206185,22.44148784905285,88.42750653863754,4204.0,Kolkata,9,"{""type"":""MultiPoint"",""coordinates"":[]}",-5.7420791819269255,-15.19695344172947,-5.473928705194257,-14.217905088002826
1_1_1_2_205_0_1_1_1_2_205_0,0.1578,0.1643,0.1299,0.1245,0.0406,0.0804,0.0572,0.0866,0.0583,0.0862,0.1861,0.184,6,6,-0.46790698,-0.30968514,-0.082291365,-0.056560438,0.5229133,0.36195412,-0.5297986,-0.3599409,22.4876612546566,88.303089871787,4205.0,Kolkata,9,"{""type"":""MultiPoint"",""coordinates"":[]}",-6.281286550779606,-13.910579226475445,-5.152845436627362,-12.94062418367444
1_1_1_2_206_0_1_1_1_2_206_0,0.2431,0.2277,0.1671,0.1471,0.0439,0.0504,0.0681,0.0719,0.0746,0.0742,0.2167,0.2198,5,1,-0.5623393,-0.5200267,0.057416268,0.017653631,0.48781326,0.4952381,-0.52176964,-0.50702775,22.55350776498256,88.50736676739577,4206.0,Kolkata,9,"{""type"":""MultiPoint"",""coordinates"":[]}",-10.770863570012695,-16.20305554954262,-9.15952132197458,-15.447823375120553
1_1_1_2_207_0_1_1_1_2_207_0,0.13615,0.15645,0.11895,0.1253,0.04895,0.066,0.0616,0.0713,0.0643,0.0806,0.07175,0.0948,6,6,-0.37699115,-0.37387487,0.3097643,0.24537313,0.05475928,0.08095781,-0.07611549,-0.14148104,22.62079157976311,88.46065437262155,4207.0,Kolkata,9,"{""type"":""MultiPoint"",""coordinates"":[]}",-6.270315702785824,-15.778575833089182,-2.639069115258245,-14.409747001378335
1_1_1_2_208_0_1_1_1_2_208_0,0.27315,0.16665,0.19945,0.12575,0.06585,0.0619,0.1,0.0798,0.1183,0.0932,0.26035,0.1663,4,4,-0.46402252,-0.35240415,0.023992503,0.0010512089,0.37514856,0.28169557,-0.44498405,-0.35148314,22.68097870379912,88.20517350581797,4208.0,Kolkata,9,"{""type"":""MultiPoint"",""coordinates"":[]}",-10.957666692378861,-17.67499496658448,-10.048196235507394,-17.82999126333154
1_1_1_2_209_0_1_1_1_2_209_0,0.1649,0.157,0.1096,0.1123,0.0492,0.081,0.077,0.0814,0.0738,0.0762,0.2181,0.1753,6,6,-0.3633733,-0.31711408,-0.1389034,-0.05507072,0.4943474,0.3940358,-0.478143,-0.36579666,22.397111074017356,88.43145912588767,4209.0,Kolkata,9,"{""type"":""MultiPoint"",""coordinates"":[]}",-6.9790077930755885,-13.315154041395967,-6.452185967447011,-13.775923871541707
1_1_1_2_210_0_1_1_1_2_210_0,0.1667,0.2001,0.0848,0.1152,0.0334,0.065,0.0698,0.0922,0.0492,0.0846,0.3156,0.2728,1,1,-0.40972516,-0.36914128,-0.308729,-0.15373228,0.7302632,0.52658087,-0.63777894,-0.49479452,22.40492641698919,88.45526448091684,4210.0,Kolkata,9,"{""type"":""MultiPoint"",""coordinates"":[]}",-9.21166125041498,-13.924794304046344,-6.6636769505897,-14.089119047473957
1_1_1_2_211_0_1_1_1_2_211_0,0.1005,0.1212,0.0645,0.0734,0.0478,0.0661,0.0634,0.0808,0.0629,0.076,0.1515,0.1796,6,6,-0.22635753,-0.2,-0.20238096,-0.19414894,0.41324627,0.40532082,-0.40995812,-0.3794163,22.596986224733943,88.24335190539304,4211.0,Kolkata,9,"{""type"":""MultiPoint"",""coordinates"":[]}",-8.015371346425946,-14.880162449602565,-8.233731286080086,-13.85892799656435
1_1_1_2_212_0_1_1_1_2_212_0,0.2076,0.2402,0.1324,0.173,0.0584,0.0686,0.085,0.0966,0.088,0.0938,0.281,0.2801,6,6,-0.41900206,-0.4263658,-0.15022513,-0.076686524,0.5230352,0.49826157,-0.5355191,-0.48712504,22.58620644132451,88.53144161701017,4212.0,Kolkata,9,"{""type"":""MultiPoint"",""coordinates"":[]}",-9.014048335672321,-15.080675859169371,-9.729039737693329,-16.522130322354247
1_1_1_2_213_0_1_1_1_2_213_0,0.1666,0.1816,0.0937,0.09295,0.03765,0.032,0.0643,0.06675,0.0578,0.04585,0.2133,0.37885,4,1,-0.44304892,-0.46245217,-0.122927085,-0.35194933,0.5735891,0.7840829,-0.5367435,-0.7004039,22.65798183252566,88.5443773571015,4213.0,Kolkata,9,"{""type"":""MultiPoint"",""coordinates"":[]}",-10.580020879688465,-17.424873145295674,-11.423364138811305,-19.61016491776588
1_1_1_2_214_0_1_1_1_2_214_0,0.1018,0.1172,0.0743,0.0689,0.03,0.0596,0.0504,0.0728,0.0501,0.063,0.125,0.2343,6,6,-0.33771354,-0.23368421,-0.10229277,-0.33314368,0.42775556,0.57618564,-0.42531356,-0.5258873,22.573540195818424,88.23373993185297,4214.0,Kolkata,9,"{""type"":""MultiPoint"",""coordinates"":[]}",-6.9509803531319765,-14.529856518972537,-7.0893366728879315,-15.024558671219262
1_1_1_2_215_0_1_1_1_2_215_0,0.1115,0.1158,0.0645,0.0647,0.0358,0.0634,0.0532,0.0726,0.0482,0.0585,0.1577,0.1686,0,6,-0.35397694,-0.22929937,-0.17161961,-0.18565401,0.53181154,0.48480844,-0.4954955,-0.39800996,22.50095632086157,88.49748529927045,4215.0,Kolkata,9,"{""type"":""MultiPoint"",""coordinates"":[]}",-8.742736228534755,-15.125484631804188,-8.37406522834029,-14.601134238411111
1_1_1_2_216_0_1_1_1_2_216_0,0.1628,0.18145,0.128,0.1465,0.03105,0.0434,0.0482,0.05725,0.04935,0.0571,0.18325,0.1954,6,6,-0.54312795,-0.5203184,-0.059095506,-0.037017383,0.57566637,0.54772276,-0.5834954,-0.5468039,22.71071293970348,88.5422214004196,4216.0,Kolkata,9,"{""type"":""MultiPoint"",""coordinates"":[]}",-8.144603911903538,-15.271100215735974,-9.524314546235287,-16.284667300158414
1_1_1_2_217_0_1_1_1_2_217_0,0.1553,0.33675,0.0866,0.28455,0.0401,0.07055,0.0751,0.0917,0.05055,0.0771,0.3503,0.3154,3,6,-0.3480903,-0.57194537,-0.38568038,0.032737866,0.7477859,0.60713375,-0.64692056,-0.5494964,22.71367738014107,88.29204059379232,4217.0,Kolkata,9,"{""type"":""MultiPoint"",""coordinates"":[]}",-9.432090061377023,-14.501904940466012,-6.775394193495053,-15.737125950203497
1_1_1_2_218_0_1_1_1_2_218_0,0.1489,0.1947,0.1102,0.149,0.04,0.0798,0.05,0.0954,0.0526,0.106,0.1653,0.1685,6,6,-0.4972348,-0.34229577,-0.052196052,0.072136566,0.5172097,0.2276867,-0.5355318,-0.27699888,22.48909855911119,88.39741297661953,4218.0,Kolkata,9,"{""type"":""MultiPoint"",""coordinates"":[]}",-5.71428352075758,-14.10009501186055,-6.9932469769373355,-14.919362447595608
1_1_1_2_219_0_1_1_1_2_219_0,0.14105,0.16165,0.10615,0.1319,0.04275,0.06055,0.0628,0.07455,0.0654,0.0782,0.1697,0.1724,6,6,-0.38386068,-0.36875528,-0.0921963,-0.032180812,0.443641,0.37589785,-0.45978495,-0.39623407,22.67118706720222,88.36210918595364,4219.0,Kolkata,9,"{""type"":""MultiPoint"",""coordinates"":[]}",-6.895861844751215,-14.024919900100445,-6.2253835543947265,-13.99298586650394
1_1_1_2_220_0_1_1_1_2_220_0,0.1754,0.1907,0.1571,0.165,0.0532,0.0865,0.0634,0.0903,0.0745,0.0984,0.1394,0.1604,6,6,-0.46901172,-0.35729536,0.11435832,0.0863002,0.3034128,0.23956724,-0.37475345,-0.27961707,22.487032433957715,88.35635996813528,4220.0,Kolkata,9,"{""type"":""MultiPoint"",""coordinates"":[]}",-7.661437704318521,-14.265639244585804,-6.8899923277072865,-16.11152354265107
1_1_1_2_221_0_1_1_1_2_221_0,0.13,0.1371,0.0623,0.0649,0.0377,0.0502,0.0567,0.0586,0.0388,0.0435,0.1938,0.1997,1,1,-0.39260846,-0.40112418,-0.19703521,-0.18586698,0.66638005,0.64226973,-0.5473054,-0.54626405,22.46870680216168,88.25323337351836,4221.0,Kolkata,9,"{""type"":""MultiPoint"",""coordinates"":[]}",-6.516784100822034,-14.001490112531187,-7.216988534266628,-14.33001390468348
1_1_1_2_222_0_1_1_1_2_222_0,0.2422,0.232,0.1585,0.1706,0.045,0.0884,0.06,0.1058,0.0843,0.108,0.1831,0.24,4,4,-0.60291195,-0.37359384,0.13896073,-0.016949153,0.36948392,0.37931034,-0.50637597,-0.3880856,22.433313179967367,88.49191574450892,4222.0,Kolkata,9,"{""type"":""MultiPoint"",""coordinates"":[]}",-12.339435873841804,-17.804868082799178,-11.391263183542161,-18.782880153341644
1_1_1_2_223_0_1_1_1_2_223_0,0.1347,0.16,0.1217,0.1373,0.056,0.0836,0.0706,0.0952,0.0855,0.1094,0.1099,0.1376,6,6,-0.312226,-0.2539185,0.10139003,0.07526882,0.12487206,0.11417004,-0.21772853,-0.18213059,22.560155298085043,88.36049221844223,4223.0,Kolkata,9,"{""type"":""MultiPoint"",""coordinates"":[]}",-6.539562292896349,-13.454099995650388,-5.67737998294346,-13.804836726777012
1_1_1_2_224_0_1_1_1_2_224_0,0.1218,0.1501,0.087,0.106,0.0327,0.0567,0.0516,0.0746,0.0446,0.068,0.1594,0.2153,6,6,-0.40484428,-0.33600357,-0.13371266,-0.1784346,0.5627451,0.51994354,-0.5109005,-0.48533976,22.59626757250665,88.22924835543236,4224.0,Kolkata,9,"{""type"":""MultiPoint"",""coordinates"":[]}",-6.351891526547996,-13.760323160770483,-6.511892150350098,-13.783576470711665
1_1_1_2_225_0_1_1_1_2_225_0,0.1514,0.1794,0.0953,0.1218,0.0232,0.067,0.0461,0.0809,0.0363,0.0639,0.211,0.2338,6,1,-0.53316456,-0.37840953,-0.16445915,-0.13165538,0.7064294,0.57070875,-0.64138466,-0.48585954,22.362166609465103,88.420409847893,4225.0,Kolkata,9,"{""type"":""MultiPoint"",""coordinates"":[]}",-5.3590182081588935,-13.565319889920278,-2.6715144333768412,-10.97414890215369
1_1_1_2_226_0_1_1_1_2_226_0,0.1804,0.1566,0.1401,0.1078,0.0628,0.0688,0.0857,0.085,0.1,0.0866,0.1991,0.212,4,4,-0.35588124,-0.2963576,-0.04927536,-0.15029843,0.33132732,0.4199598,-0.39817417,-0.4276094,22.43852340861526,88.48454955917913,4226.0,Kolkata,9,"{""type"":""MultiPoint"",""coordinates"":[]}",-9.88754588777348,-17.0088563998536,-10.081961015382248,-16.962605822865456
1_1_1_2_227_0_1_1_1_2_227_0,0.1927,0.2068,0.1092,0.1232,0.0398,0.0568,0.0641,0.083,0.0615,0.0828,0.2574,0.24,1,1,-0.5007788,-0.42719117,-0.14374584,-0.074306175,0.6142992,0.48698884,-0.60124415,-0.4860681,22.46071179613301,88.28296760942271,4227.0,Kolkata,9,"{""type"":""MultiPoint"",""coordinates"":[]}",-8.979710362840915,-13.590742346712018,-8.135621580360818,-13.213873203484901
1_1_1_2_228_0_1_1_1_2_228_0,0.1831,0.0409,0.1414,0.0279,0.0806,0.0624,0.101,0.0802,0.1148,0.07,0.158,0.0716,3,0,-0.28898275,0.32452518,0.07358546,-0.2728889,0.15835777,0.011299435,-0.22007722,0.056653492,22.49224266260561,88.47763253149141,4228.0,Kolkata,9,"{""type"":""MultiPoint"",""coordinates"":[]}",-12.663978541035629,-18.568989613888508,-20.04991860581034,-26.21502921832616
1_1_1_2_229_0_1_1_1_2_229_0,0.1595,0.1654,0.1088,0.1108,0.0342,0.0614,0.0522,0.0766,0.0468,0.0719,0.2084,0.2066,6,6,-0.5068493,-0.36694214,-0.13291655,-0.11075269,0.63322884,0.4836625,-0.59938604,-0.45903954,22.42837244590471,88.2370636984042,4229.0,Kolkata,9,"{""type"":""MultiPoint"",""coordinates"":[]}",-7.140673577539727,-12.634234847367871,-2.3915146093813595,-13.531584233194476
1_1_1_2_230_0_1_1_1_2_230_0,0.2812,0.2808,0.1917,0.195,0.0563,0.0778,0.0872,0.105,0.0894,0.0986,0.2288,0.2518,4,1,-0.5266015,-0.45567653,0.1027451,0.054449867,0.43808925,0.4372146,-0.44810125,-0.41143498,22.456130388184004,88.44628132807564,4230.0,Kolkata,9,"{""type"":""MultiPoint"",""coordinates"":[]}",-10.366885830225216,-16.62320595526829,-9.43818883612275,-16.65562191902127
1_1_1_2_231_0_1_1_1_2_231_0,0.1715,0.1846,0.1412,0.1497,0.0668,0.1146,0.0886,0.1172,0.098,0.129,0.1361,0.173,6,6,-0.31872356,-0.22332671,0.11508453,0.03243848,0.16275096,0.14569536,-0.21139297,-0.19228119,22.49224266260561,88.3948078622956,4231.0,Kolkata,9,"{""type"":""MultiPoint"",""coordinates"":[]}",-6.371478002706715,-13.906016672339637,-6.354851738817905,-15.735629585197923
1_1_1_2_232_0_1_1_1_2_232_0,0.194,0.1777,0.1479,0.1454,0.0636,0.0903,0.0838,0.1024,0.0946,0.0932,0.1816,0.1794,6,6,-0.39668825,-0.26883256,0.033013843,-0.0047605713,0.31498915,0.31621423,-0.36850038,-0.27324343,22.445979425473453,88.39741297661953,4232.0,Kolkata,9,"{""type"":""MultiPoint"",""coordinates"":[]}",-6.2956396134294685,-14.919376797866335,-5.143136972211403,-14.771185330220984
1_1_1_2_233_0_1_1_1_2_233_0,0.1957,0.18185,0.14735,0.1312,0.05715,0.07005,0.0858,0.0901,0.0899,0.091,0.18875,0.1954,6,6,-0.39040852,-0.3373782,0.018077774,-0.035917826,0.3547461,0.36452514,-0.37497723,-0.36882663,22.694094106947265,88.22978734460284,4233.0,Kolkata,9,"{""type"":""MultiPoint"",""coordinates"":[]}",-4.381625687680341,-12.048375163147647,-4.904158067430773,-13.82827226130502
1_1_1_2_234_0_1_1_1_2_234_0,0.1417,0.1539,0.095,0.0995,0.0388,0.0558,0.0539,0.0798,0.0646,0.0708,0.1489,0.1991,1,1,-0.44887525,-0.31707317,-0.024776325,-0.12804532,0.39484778,0.47536126,-0.4684418,-0.42775187,22.54299747615836,88.3430649019303,4234.0,Kolkata,9,"{""type"":""MultiPoint"",""coordinates"":[]}",-8.940743290973435,-14.817496150022588,-9.117838137658389,-16.217517547437154
1_1_1_2_235_0_1_1_1_2_235_0,0.1668,0.19615,0.1344,0.158,0.0346,0.06355,0.0515,0.0744,0.0556,0.08625,0.146,0.1593,6,6,-0.52817225,-0.45000923,0.06649616,0.1036714,0.4484127,0.29749542,-0.47848102,-0.36328626,22.61710848709822,88.20867693542603,4235.0,Kolkata,9,"{""type"":""MultiPoint"",""coordinates"":[]}",-7.555276138810861,-13.698282859035722,-7.942812989319618,-14.543308921411851
1_1_1_2_236_0_1_1_1_2_236_0,0.1636,0.1663,0.099,0.0936,0.0474,0.0698,0.0756,0.0928,0.0828,0.0797,0.279,0.2715,1,1,-0.36789298,-0.28367427,-0.26073202,-0.24029237,0.54228854,0.54612756,-0.57360405,-0.49052978,22.49287148330449,88.23823150827356,4236.0,Kolkata,9,"{""type"":""MultiPoint"",""coordinates"":[]}",-9.551248240997362,-14.711062696565367,-9.302020155509599,-14.023610768455015
1_1_1_2_237_0_1_1_1_2_237_0,0.1443,0.156,0.1308,0.1269,0.0421,0.0486,0.0516,0.0634,0.0579,0.0644,0.0958,0.1616,6,7,-0.47320062,-0.42206016,0.20199917,-0.017632242,0.24658425,0.4300885,-0.29986432,-0.43644443,22.53033123065228,88.31431881283848,4237.0,Kolkata,9,"{""type"":""MultiPoint"",""coordinates"":[]}",-3.950574867246328,-12.044844656464551,-8.036585679259012,-14.825611196412911
1_1_1_2_238_0_1_1_1_2_238_0,0.19525,0.2134,0.1243,0.15905,0.04455,0.0785,0.0745,0.0989,0.0825,0.1138,0.2368,0.2129,1,4,-0.4476367,-0.36663464,-0.09616943,0.001172883,0.4832446,0.30333638,-0.521362,-0.36561897,22.670917572616982,88.21739059368198,4238.0,Kolkata,9,"{""type"":""MultiPoint"",""coordinates"":[]}",-9.788143003403583,-15.310149347122291,-8.682833245949906,-16.035214508835942
1_1_1_2_239_0_1_1_1_2_239_0,0.22265,0.1907,0.18015,0.13235,0.0713,0.0589,0.10165,0.0789,0.1118,0.0734,0.18045,0.2072,6,0,-0.3731113,-0.41468844,0.10468866,-0.041467704,0.23490162,0.47683534,-0.27933356,-0.4484446,22.692656802492674,88.34575984778266,4239.0,Kolkata,9,"{""type"":""MultiPoint"",""coordinates"":[]}",-7.245605089929679,-16.120544484141067,-6.770286726132133,-15.22622049290476
1_1_1_2_240_0_1_1_1_2_240_0,0.1043,0.1519,0.076,0.1041,0.0542,0.046,0.0681,0.0653,0.072,0.049,0.0854,0.1715,6,6,-0.20997679,-0.39871088,0.099631,-0.060606062,0.08513342,0.5555556,-0.112703584,-0.44847974,22.545602590482307,88.38896881294882,4240.0,Kolkata,9,"{""type"":""MultiPoint"",""coordinates"":[]}",-7.013576654176962,-15.64881290083221,-6.362294678655353,-15.188632389228363
1_1_1_2_241_0_1_1_1_2_241_0,0.0766,0.0741,0.053,0.0513,0.0482,0.0497,0.0708,0.0656,0.0601,0.0639,0.0539,0.0745,0,0,-0.03934871,-0.060844667,0.17394637,-0.00269179,-0.054385964,0.07658959,0.13552526,-0.06352605,22.593392963597463,88.39426887312511,4241.0,Kolkata,9,"{""type"":""MultiPoint"",""coordinates"":[]}",-10.680471679553603,-16.666783271103778,-10.482473862060052,-17.185469995887573
1_1_1_2_242_0_1_1_1_2_242_0,0.1606,0.2146,0.13815,0.18635,0.0486,0.07095,0.0671,0.0746,0.0667,0.0742,0.1351,0.19135,6,6,-0.41062802,-0.48409405,0.08623605,0.057273064,0.33894944,0.44115984,-0.3363007,-0.4389923,22.64378845103657,88.41798439662587,4242.0,Kolkata,9,"{""type"":""MultiPoint"",""coordinates"":[]}",-4.3901214245519276,-15.394924282874708,-8.00255807801869,-15.995486836573072
1_1_1_2_243_0_1_1_1_2_243_0,0.0236,0.0352,0.0139,0.0207,0.0413,0.0604,0.0548,0.0698,0.0455,0.0576,0.0447,0.0708,3,0,0.39795917,0.3295238,-0.30893117,-0.33584905,-0.0088691795,0.10280374,0.10150754,-0.0071123755,22.39989585139812,88.49955142442393,4243.0,Kolkata,9,"{""type"":""MultiPoint"",""coordinates"":[]}",-16.109312854622555,-22.76903102803432,-15.468115617483585,-22.5598730947395
1_1_1_2_244_0_1_1_1_2_244_0,0.145,0.152,0.087,0.0959,0.036,0.0844,0.0554,0.1054,0.0507,0.1002,0.2216,0.2142,6,1,-0.4471058,-0.18104118,-0.20894708,-0.16985254,0.6276166,0.3625954,-0.6,-0.34042552,22.45316594774641,88.33677669494148,4244.0,Kolkata,9,"{""type"":""MultiPoint"",""coordinates"":[]}",-6.1659823919201315,-13.794207612812816,-5.327118160060516,-13.414011369265303
1_1_1_2_245_0_1_1_1_2_245_0,0.1471,0.1532,0.0953,0.09435,0.0284,0.0438,0.04855,0.0678,0.0456,0.05025,0.19535,0.24145,1,1,-0.5037056,-0.38642535,-0.14089648,-0.22361585,0.6214982,0.6554679,-0.60188603,-0.5615198,22.64603423924687,88.31440864436689,4245.0,Kolkata,9,"{""type"":""MultiPoint"",""coordinates"":[]}",-7.6040527329910335,-13.239616240451767,-7.3400426396755,-13.839576393820394
1_1_1_2_246_0_1_1_1_2_246_0,0.1185,0.1577,0.1064,0.1442,0.0436,0.0877,0.0592,0.0908,0.0728,0.0954,0.1011,0.1333,6,6,-0.3337085,-0.2692153,0.07923497,0.0838488,0.1627372,0.16571929,-0.2613849,-0.18964748,22.523054876850907,88.36579227861853,4246.0,Kolkata,9,"{""type"":""MultiPoint"",""coordinates"":[]}",-2.570285195209017,-8.772833916686432,-2.0752708898209393,-11.076996545875879
1_1_1_2_247_0_1_1_1_2_247_0,0.1464,0.1593,0.1189,0.1252,0.0462,0.0556,0.0628,0.0732,0.0602,0.0688,0.1643,0.1974,6,6,-0.39961758,-0.3703226,-0.057611845,-0.10681245,0.4636971,0.4830954,-0.44693968,-0.45898005,22.596537067091884,88.30147290427557,4247.0,Kolkata,9,"{""type"":""MultiPoint"",""coordinates"":[]}",-6.860386943812223,-11.561380596180314,-6.2784532533487205,-12.916410191527637
1_1_1_2_248_0_1_1_1_2_248_0,0.16665,0.191,0.11375,0.10605,0.04595,0.03895,0.0776,0.0682,0.0737,0.0565,0.2133,0.3208,4,1,-0.36458546,-0.47376543,-0.12277931,-0.2536147,0.48641115,0.7005036,-0.46648332,-0.6493573,22.66678532231003,88.46972735699116,4248.0,Kolkata,9,"{""type"":""MultiPoint"",""coordinates"":[]}",-9.28771889453456,-15.971817411606683,-8.766961554164002,-14.76759072434779
1_1_1_2_249_0_1_1_1_2_249_0,0.1373,0.18175,0.11835,0.15625,0.08155,0.1075,0.09495,0.1261,0.1135,0.1469,0.14005,0.19295,6,6,-0.18234661,-0.18076986,-0.00991527,-0.029890578,0.104713075,0.13550095,-0.19191489,-0.20952828,22.620072927535816,88.40127573234125,4249.0,Kolkata,9,"{""type"":""MultiPoint"",""coordinates"":[]}",-7.804358606227069,-9.726847716238396,-8.2697824909759,-11.495365218320693
1_1_1_2_250_0_1_1_1_2_250_0,0.0695,0.0633,0.04,0.0338,0.0315,0.0452,0.0439,0.0548,0.038,0.046,0.1773,0.1359,0,0,-0.22574955,-0.07197291,-0.4367909,-0.36445785,0.6470042,0.4942276,-0.60307413,-0.4252753,22.5147005447086,88.4858072005769,4250.0,Kolkata,9,"{""type"":""MultiPoint"",""coordinates"":[]}",-8.58710866137945,-15.287853399577353,-9.968953204349141,-16.072951056895445
1_1_1_2_251_0_1_1_1_2_251_0,0.0962,0.056,0.0825,0.0339,0.0604,0.0538,0.0827,0.0786,0.0794,0.0628,0.1308,0.1066,0,0,-0.07546115,0.1679049,-0.1524229,-0.3111931,0.24452902,0.2585596,-0.22529274,-0.15118791,22.52161757239632,88.48365124389501,4251.0,Kolkata,9,"{""type"":""MultiPoint"",""coordinates"":[]}",-14.115667124312242,-20.911951185672805,-13.649650215069954,-21.284277879574056
1_1_1_2_252_0_1_1_1_2_252_0,0.14225,0.16215,0.11125,0.12125,0.0379,0.04775,0.0518,0.0612,0.04935,0.0643,0.1508,0.19605,6,1,-0.466117,-0.4519812,-0.02917591,-0.09463987,0.50686985,0.5060496,-0.48864758,-0.52419823,22.702268776032756,88.32375112332174,4252.0,Kolkata,9,"{""type"":""MultiPoint"",""coordinates"":[]}",-5.962922767632638,-13.0425196754457,-6.792712503835901,-14.190938516898207
1_1_1_2_253_0_1_1_1_2_253_0,0.1384,0.1726,0.0875,0.0927,0.03765,0.0356,0.0661,0.06815,0.0653,0.05795,0.2239,0.2971,4,1,-0.35354522,-0.43385255,-0.23599227,-0.2650628,0.5484094,0.6735671,-0.54413795,-0.62683094,22.66570734396909,88.54689263989702,4253.0,Kolkata,9,"{""type"":""MultiPoint"",""coordinates"":[]}",-10.731791516306885,-17.123632407988485,-9.438907633230503,-16.68513576410192
1_1_1_2_254_0_1_1_1_2_254_0,0.2223,0.2126,0.1445,0.141,0.0519,0.0844,0.0827,0.0993,0.081,0.1004,0.2773,0.2864,4,4,-0.45770493,-0.36325747,-0.11008807,-0.1478958,0.5478649,0.48086867,-0.54055554,-0.48509204,22.49439861928749,88.50062940276487,4254.0,Kolkata,9,"{""type"":""MultiPoint"",""coordinates"":[]}",-10.616314558541767,-16.18555628111828,-9.352641313066755,-14.725596522216355
1_1_1_2_255_0_1_1_1_2_255_0,0.1383,0.143,0.1218,0.1169,0.0564,0.0874,0.0734,0.1019,0.084,0.113,0.134,0.1654,6,6,-0.30656588,-0.1678236,0.015791407,-0.072632946,0.2293578,0.18821838,-0.292189,-0.2375608,22.5252108335328,88.39732314509112,4255.0,Kolkata,9,"{""type"":""MultiPoint"",""coordinates"":[]}",-6.92221248238366,-14.571242328762152,-6.570001217280209,-15.219737481670807
1_1_1_2_256_0_1_1_1_2_256_0,0.2167,0.13605,0.1487,0.0913,0.03695,0.0514,0.0567,0.07495,0.0735,0.0763,0.1615,0.1094,5,5,-0.58522314,-0.28957346,0.14595452,0.10857608,0.3744681,0.17824449,-0.4802933,-0.1868728,22.67001925733286,88.23832133980197,4256.0,Kolkata,9,"{""type"":""MultiPoint"",""coordinates"":[]}",-12.219723071099466,-16.582069065456956,-14.003283963583876,-18.757754964713847
1_1_1_2_257_0_1_1_1_2_257_0,0.1346,0.1717,0.0835,0.1257,0.0399,0.1202,0.0607,0.1454,0.0572,0.1284,0.2314,0.2921,4,6,-0.37839222,-0.08293913,-0.2644809,-0.25959465,0.6036036,0.38929847,-0.5843889,-0.33531427,22.458016850280654,88.47862067830394,4257.0,Kolkata,9,"{""type"":""MultiPoint"",""coordinates"":[]}",-10.178076565595267,-15.672600525968704,-8.384879207291101,-15.468898710350658
1_1_1_2_258_0_1_1_1_2_258_0,0.06035,0.0771,0.0368,0.0399,0.04395,0.0609,0.06885,0.0811,0.0552,0.05545,0.0603,0.09895,0,0,0.065789476,0.02528445,0.00041442187,-0.124112464,0.044155844,0.28173575,0.06620209,-0.09913913,22.742513300761303,88.30425768165634,4258.0,Kolkata,9,"{""type"":""MultiPoint"",""coordinates"":[]}",-15.331174084629069,-21.22389297073256,-16.34853878988216,-22.433327251057026
1_1_1_2_259_0_1_1_1_2_259_0,0.1449,0.1699,0.0828,0.0926,0.0426,0.0602,0.0762,0.0908,0.0495,0.0632,0.3121,0.3476,1,1,-0.31071913,-0.3034139,-0.36586434,-0.34338164,0.7262168,0.6923077,-0.60752,-0.58576643,22.493500304003376,88.21532446852851,4259.0,Kolkata,9,"{""type"":""MultiPoint"",""coordinates"":[]}",-7.6960347096833726,-13.757885558580137,-8.22549710777077,-14.700460256706837
1_1_1_2_260_0_1_1_1_2_260_0,0.1586,0.1836,0.0954,0.1149,0.0355,0.0694,0.0556,0.086,0.0478,0.0797,0.2158,0.2668,6,6,-0.480859,-0.3620178,-0.15277778,-0.18472469,0.6373293,0.5399711,-0.59027267,-0.5124717,22.5733605327616,88.23679420381897,4260.0,Kolkata,9,"{""type"":""MultiPoint"",""coordinates"":[]}",-7.047375433990776,-12.658943370675242,-8.3413218352031,-14.62061886709741
1_1_1_2_261_0_1_1_1_2_261_0,0.1446,0.16345,0.11165,0.1209,0.05015,0.0657,0.06525,0.07915,0.06695,0.085,0.1609,0.1865,6,6,-0.37812725,-0.34748557,-0.053355154,-0.06586655,0.41233268,0.37384897,-0.42294937,-0.40410313,22.735596273073583,88.49173608145209,4261.0,Kolkata,9,"{""type"":""MultiPoint"",""coordinates"":[]}",-8.00752804179822,-16.154052561596185,-6.16311902610995,-15.282628646911082
1_1_1_2_262_0_1_1_1_2_262_0,0.1162,0.1307,0.0852,0.0782,0.051,0.0584,0.0682,0.0708,0.0731,0.0677,0.155,0.1729,6,6,-0.26030368,-0.29727048,-0.14306785,-0.13899869,0.35905305,0.43724024,-0.3888889,-0.41895774,22.562041760181696,88.36983469739707,4262.0,Kolkata,9,"{""type"":""MultiPoint"",""coordinates"":[]}",-4.215881377237526,-12.6423652012037,-3.6765049482977847,-12.829011876242266
1_1_1_2_263_0_1_1_1_2_263_0,0.2111,0.2092,0.1974,0.1873,0.0848,0.0824,0.1038,0.0902,0.1222,0.1002,0.1671,0.1478,6,6,-0.3407431,-0.3974616,0.11634056,0.1719888,0.15520221,0.19193548,-0.23366556,-0.2420168,22.53581095388541,88.4024435422106,4263.0,Kolkata,9,"{""type"":""MultiPoint"",""coordinates"":[]}",1.8189819259709226,-12.826188764071649,1.9788300422219067,-14.251133085176681
1_1_1_2_264_0_1_1_1_2_264_0,0.0997,0.1136,0.0744,0.0807,0.0352,0.0466,0.0458,0.0596,0.0528,0.0544,0.1076,0.1454,6,6,-0.37044674,-0.31177828,-0.03810902,-0.12277992,0.3416459,0.45545545,-0.40286833,-0.41853657,22.55126197677226,88.35420401145339,4264.0,Kolkata,9,"{""type"":""MultiPoint"",""coordinates"":[]}",-6.691089887769165,-11.694542305018821,-6.734362248790271,-13.313812169741638
1_1_1_2_265_0_1_1_1_2_265_0,0.2088,0.1995,0.1357,0.1003,0.0466,0.053,0.0856,0.0814,0.0748,0.0751,0.273,0.3876,4,4,-0.41847825,-0.42043433,-0.13325031,-0.32038835,0.56986773,0.6753836,-0.52258784,-0.65287846,22.566353673545468,88.53287892146476,4265.0,Kolkata,9,"{""type"":""MultiPoint"",""coordinates"":[]}",-10.96333424941848,-16.155830183628893,-10.28587968361144,-16.178153277597936
1_1_1_2_266_0_1_1_1_2_266_0,0.14835,0.1738,0.12835,0.15335,0.0593,0.0837,0.0737,0.09455,0.08755,0.107,0.1243,0.1521,6,6,-0.33618554,-0.29532328,0.088208325,0.06658484,0.1734718,0.17406407,-0.25555557,-0.23332657,22.64271047269563,88.42032001636458,4266.0,Kolkata,9,"{""type"":""MultiPoint"",""coordinates"":[]}",-7.825241676149236,-13.478302989164092,-7.096670327052725,-14.020246904677984
1_1_1_2_267_0_1_1_1_2_267_0,0.15095,0.1738,0.0955,0.10815,0.0493,0.05825,0.06705,0.07315,0.0681,0.0662,0.203,0.2372,1,1,-0.3848624,-0.4075724,-0.14705467,-0.15425791,0.49760237,0.5636124,-0.5034253,-0.52859676,22.6251933246553,88.28692019667284,4267.0,Kolkata,9,"{""type"":""MultiPoint"",""coordinates"":[]}",-7.601872470931048,-13.543843697338094,-6.210884702609371,-14.407203526993298
1_1_1_2_268_0_1_1_1_2_268_0,0.13265,0.15745,0.1217,0.13985,0.07985,0.0979,0.0825,0.112,0.0959,0.1217,0.12525,0.14335,6,6,-0.23309319,-0.16867693,0.028693292,0.046875,0.13271534,0.081682704,-0.20577617,-0.122772664,22.704784058828288,88.29707115938339,4268.0,Kolkata,9,"{""type"":""MultiPoint"",""coordinates"":[]}",-6.097758056370904,-13.226263374305438,-7.412468170726669,-13.81374792530012
1_1_1_2_269_0_1_1_1_2_269_0,0.1872,0.1577,0.1257,0.091,0.0528,0.0774,0.0746,0.0971,0.0755,0.0773,0.2883,0.33,4,1,-0.4300993,-0.23783359,-0.21261829,-0.35329095,0.5849368,0.6204272,-0.5888675,-0.54530555,22.428192782847887,88.33794450481082,4269.0,Kolkata,9,"{""type"":""MultiPoint"",""coordinates"":[]}",-7.959643269558283,-14.696961727399648,-6.547591402920117,-13.158091629552889
1_1_1_2_270_0_1_1_1_2_270_0,0.1695,0.2477,0.1126,0.1624,0.052,0.0796,0.0809,0.1018,0.0788,0.0988,0.2155,0.2662,4,4,-0.35383385,-0.4174535,-0.11948052,-0.03599922,0.46449202,0.45863014,-0.45411605,-0.44673914,22.423072385728407,88.47098499838893,4270.0,Kolkata,9,"{""type"":""MultiPoint"",""coordinates"":[]}",-9.974837770765108,-17.10860326915281,-9.448842792594833,-15.165391495496744
1_1_1_2_271_0_1_1_1_2_271_0,0.0914,0.1097,0.0475,0.0603,0.0277,0.0574,0.0538,0.0718,0.0382,0.0584,0.1891,0.22,3,3,-0.25895315,-0.20881543,-0.3483066,-0.33454657,0.66388035,0.5804598,-0.55701935,-0.5078821,22.39010421480122,88.38106363844857,4271.0,Kolkata,9,"{""type"":""MultiPoint"",""coordinates"":[]}",-7.527901795399185,-14.231375181715357,-7.441597092748246,-14.172166820453644
1_1_1_2_272_0_1_1_1_2_272_0,0.1628,0.1674,0.1575,0.141,0.0642,0.0652,0.0724,0.074,0.0938,0.0929,0.1188,0.1144,6,6,-0.38435373,-0.3869097,0.15625,0.18807665,0.117591724,0.10371442,-0.24267782,-0.21443737,22.558358667516806,88.37720088272685,4272.0,Kolkata,9,"{""type"":""MultiPoint"",""coordinates"":[]}",-4.466906146645735,-12.631341396929407,-3.3344354482867535,-13.627692358809231
1_1_1_2_273_0_1_1_1_2_273_0,0.2523,0.2837,0.2653,0.3018,0.1262,0.1592,0.1338,0.155,0.1462,0.164,0.2192,0.2436,6,6,-0.3069153,-0.29336676,0.07020149,0.07604779,0.19978106,0.1952895,-0.24192634,-0.22227797,22.432594527740072,88.38232127984634,4273.0,Kolkata,9,"{""type"":""MultiPoint"",""coordinates"":[]}",-7.260318947328015,-15.36881951345267,-4.058718278582304,-15.052538883255778
1_1_1_2_274_0_1_1_1_2_274_0,0.1357,0.1569,0.08105,0.0907,0.03,0.02815,0.0469,0.05245,0.03795,0.0466,0.1587,0.19745,1,1,-0.48630887,-0.49892524,-0.078125,-0.11443488,0.61403507,0.618111,-0.5437743,-0.5802321,22.74215397464766,88.49173608145209,4274.0,Kolkata,9,"{""type"":""MultiPoint"",""coordinates"":[]}",-9.158511631250576,-15.731389710775582,-8.082965069033435,-15.309755019551432
1_1_1_2_275_0_1_1_1_2_275_0,0.1673,0.18685,0.09235,0.09845,0.0362,0.0354,0.0595,0.05725,0.0443,0.04095,0.2209,0.265,1,1,-0.47530866,-0.5309299,-0.13807316,-0.17295563,0.6659125,0.7323092,-0.5756063,-0.6446858,22.732182674993933,88.41501995618827,4275.0,Kolkata,9,"{""type"":""MultiPoint"",""coordinates"":[]}",-7.692492267813901,-13.753908850150173,-7.814179831602276,-13.88893700587453
1_1_1_2_276_0_1_1_1_2_276_0,0.14,0.1586,0.1015,0.1197,0.0405,0.0554,0.0606,0.0722,0.0558,0.0634,0.1964,0.213,6,6,-0.39581257,-0.3743501,-0.16765755,-0.14639397,0.55749404,0.54124457,-0.52840465,-0.49368864,22.56563502131817,88.23131448058584,4276.0,Kolkata,9,"{""type"":""MultiPoint"",""coordinates"":[]}",-8.374114151996991,-14.836948918325051,-6.460830776920418,-14.134287311794958
1_1_1_2_277_0_1_1_1_2_277_0,0.1798,0.2082,0.1162,0.1301,0.0426,0.0836,0.0622,0.0899,0.0586,0.0892,0.2055,0.2487,6,6,-0.4859504,-0.39684668,-0.06670127,-0.08864084,0.5562287,0.47203314,-0.53530073,-0.46898997,22.43340301149578,88.42894384309213,4277.0,Kolkata,9,"{""type"":""MultiPoint"",""coordinates"":[]}",-7.087213654581321,-14.222243982117599,-6.115724938045229,-14.407246348956502
1_1_1_2_278_0_1_1_1_2_278_0,0.16565,0.16415,0.1146,0.0982,0.037,0.0344,0.0589,0.0604,0.0566,0.0473,0.18415,0.23785,0,1,-0.47539523,-0.46203518,-0.052887365,-0.18333334,0.5298027,0.6682448,-0.5153261,-0.59497064,22.73101486512458,88.51033120783336,4278.0,Kolkata,9,"{""type"":""MultiPoint"",""coordinates"":[]}",-8.4258742772732,-15.150275794537027,-7.3639861943043705,-14.717965246361144
1_1_1_2_279_0_1_1_1_2_279_0,0.1759,0.1938,0.11035,0.10845,0.04,0.03675,0.0662,0.0762,0.06145,0.0475,0.28085,0.41275,4,4,-0.45311853,-0.43555555,-0.2297756,-0.360976,0.64095825,0.7935904,-0.6184988,-0.6883117,22.70199928144752,88.54653331378339,4279.0,Kolkata,9,"{""type"":""MultiPoint"",""coordinates"":[]}",-10.18559793974045,-17.51044028602597,-10.051731625492788,-17.471319636977114
1_1_1_2_280_0_1_1_1_2_280_0,0.1176,0.1289,0.058,0.062,0.0147,0.058,0.0329,0.0714,0.0249,0.0526,0.187,0.2332,1,1,-0.5627907,-0.2870694,-0.22783978,-0.28804198,0.7649835,0.63191044,-0.70077306,-0.5311884,22.35920216902751,88.44340671916646,4280.0,Kolkata,9,"{""type"":""MultiPoint"",""coordinates"":[]}",-8.699273575099513,-15.35417553472008,-7.432872290875872,-14.656540471056166
1_1_1_2_281_0_1_1_1_2_281_0,0.0902,0.1106,0.0554,0.0608,0.0216,0.0516,0.0338,0.0609,0.0278,0.0506,0.0991,0.1298,1,1,-0.45483872,-0.2897959,-0.04701532,-0.079866886,0.5618597,0.4390244,-0.49134687,-0.36130047,22.54156017170377,88.21900756119341,4281.0,Kolkata,9,"{""type"":""MultiPoint"",""coordinates"":[]}",-8.003196235777661,-15.571428114614456,-8.078457953542989,-15.618485499718908
1_1_1_2_282_0_1_1_1_2_282_0,0.1928,0.1939,0.1488,0.1409,0.0399,0.0719,0.0554,0.083,0.0614,0.08,0.1752,0.2023,6,6,-0.5535858,-0.4005056,0.047826085,-0.021201413,0.48098055,0.43322706,-0.5195143,-0.41815633,22.39288899218199,88.48311225472455,4282.0,Kolkata,9,"{""type"":""MultiPoint"",""coordinates"":[]}",-6.682340992251836,-13.72258282333037,-5.591249642299033,-13.536139500828309
1_1_1_2_283_0_1_1_1_2_283_0,0.2525,0.2188,0.2223,0.1639,0.0924,0.0877,0.1116,0.1058,0.1188,0.1096,0.2079,0.2242,6,6,-0.3869816,-0.34812078,0.096872285,-0.012189616,0.27272728,0.34331936,-0.30140844,-0.35878786,22.590967512330344,88.48463939070754,4283.0,Kolkata,9,"{""type"":""MultiPoint"",""coordinates"":[]}",-12.241792510370448,-16.777089353286478,-10.737226680913873,-17.429266796445855
1_1_1_2_284_0_1_1_1_2_284_0,0.16655,0.19195,0.14225,0.15555,0.0565,0.0704,0.07245,0.0885,0.07835,0.0945,0.14085,0.16355,6,6,-0.39372385,-0.36887145,0.083604425,0.07988748,0.28512773,0.2675838,-0.3206751,-0.29775837,22.727241940931275,88.3339919175607,4284.0,Kolkata,9,"{""type"":""MultiPoint"",""coordinates"":[]}",-3.721305565625724,-13.281337771573824,-0.9616221421162018,-13.081104629351728
1_1_1_2_285_0_1_1_1_2_285_0,0.1371,0.1655,0.0971,0.094,0.0437,0.0752,0.0654,0.1042,0.0633,0.1024,0.1593,0.2036,4,0,-0.35407406,-0.22728959,-0.07489879,-0.10322406,0.43126684,0.33071896,-0.41789052,-0.32293698,22.3899245517444,88.5481502812948,4285.0,Kolkata,9,"{""type"":""MultiPoint"",""coordinates"":[]}",-9.417978805920935,-17.40561823374557,-8.826980366802841,-16.551298348417873
1_1_1_2_286_0_1_1_1_2_286_0,0.1818,0.1571,0.1442,0.1009,0.0493,0.0769,0.0792,0.0958,0.0774,0.0808,0.1428,0.202,4,1,-0.39310345,-0.2423883,0.12014788,-0.12503481,0.29700273,0.42857143,-0.28648648,-0.3566152,22.43897256625732,88.53638235107283,4286.0,Kolkata,9,"{""type"":""MultiPoint"",""coordinates"":[]}",-10.63308983350013,-17.029179866870805,-9.834537325155708,-16.583503647096123
1_1_1_2_287_0_1_1_1_2_287_0,0.12755,0.1388,0.08215,0.07905,0.022,0.04255,0.04815,0.063,0.0391,0.045,0.21305,0.2518,6,6,-0.45190665,-0.3756194,-0.25102758,-0.2892985,0.68986714,0.6967655,-0.631317,-0.59974587,22.61638983487093,88.24020780189862,4287.0,Kolkata,9,"{""type"":""MultiPoint"",""coordinates"":[]}",-6.4973008537992,-13.419237648718982,-6.174248279521655,-13.038682581098314
1_1_1_2_288_0_1_1_1_2_288_0,0.2112,0.22305,0.18365,0.1943,0.0528,0.0744,0.0758,0.09735,0.0803,0.10225,0.1712,0.17575,6,6,-0.471777,-0.3923221,0.10460251,0.118605815,0.36143142,0.2643885,-0.38623482,-0.28707433,22.7461963934262,88.48544787446325,4288.0,Kolkata,9,"{""type"":""MultiPoint"",""coordinates"":[]}",-5.6913826789556925,-13.855105140472329,-5.4179414603456335,-13.534564186558939
1_1_1_2_289_0_1_1_1_2_289_0,0.1279,0.1302,0.0768,0.0822,0.0398,0.062,0.052,0.0712,0.0437,0.0622,0.1664,0.1898,1,1,-0.42190105,-0.29294935,-0.13081889,-0.18625,0.5840076,0.5063492,-0.52380955,-0.45440614,22.48811041229866,88.24595701971698,4289.0,Kolkata,9,"{""type"":""MultiPoint"",""coordinates"":[]}",-7.312472824440943,-13.89629689569712,-6.381184160473752,-13.321073953898022
1_1_1_2_290_0_1_1_1_2_290_0,0.1213,0.1341,0.0704,0.0843,0.0364,0.0625,0.05,0.0672,0.0388,0.0608,0.1876,0.2138,1,1,-0.41622883,-0.3323398,-0.21463257,-0.22908881,0.6572438,0.5571741,-0.57912457,-0.5217082,22.50293261448663,88.26823523876315,4290.0,Kolkata,9,"{""type"":""MultiPoint"",""coordinates"":[]}",-7.001211646292827,-13.594191586666595,-7.1143454526184335,-14.945833899999847
1_1_1_2_291_0_1_1_1_2_291_0,0.1486,0.1844,0.0987,0.1066,0.0454,0.0592,0.0786,0.087,0.0744,0.0866,0.3019,0.3006,4,4,-0.30809858,-0.3588799,-0.34028858,-0.23958763,0.6045708,0.552686,-0.5868594,-0.55108356,22.56096378184075,88.52317711639627,4291.0,Kolkata,9,"{""type"":""MultiPoint"",""coordinates"":[]}",-10.690798486294062,-16.16362531569267,-9.714870584652706,-15.214550439149319
1_1_1_2_292_0_1_1_1_2_292_0,0.1437,0.2317,0.0987,0.1652,0.0439,0.0662,0.0648,0.0881,0.072,0.0971,0.1399,0.2144,4,4,-0.37841725,-0.44903064,0.013399154,0.038780544,0.32043415,0.376565,-0.36687836,-0.41752067,22.55404675415303,88.50269552791835,4292.0,Kolkata,9,"{""type"":""MultiPoint"",""coordinates"":[]}",-9.684823081647835,-15.742522978511639,-8.742361332645288,-15.583399650442953
1_1_1_2_293_0_1_1_1_2_293_0,0.1824,0.1827,0.1013,0.1048,0.0407,0.0497,0.0679,0.0768,0.0636,0.0656,0.2864,0.314,1,1,-0.45745105,-0.4080925,-0.221843,-0.26434466,0.6365714,0.65437305,-0.616709,-0.60696006,22.46574236172408,88.27640990784865,4293.0,Kolkata,9,"{""type"":""MultiPoint"",""coordinates"":[]}",-9.287161975475723,-14.260526774105042,-8.315983174275257,-13.436464223296351
1_1_1_2_294_0_1_1_1_2_294_0,0.1428,0.165,0.0742,0.0869,0.0266,0.0578,0.0481,0.074,0.0386,0.0492,0.2216,0.239,1,1,-0.49607125,-0.38075313,-0.21624589,-0.18316832,0.7033051,0.6585704,-0.6433074,-0.52715653,22.37141925689153,88.25763511841055,4294.0,Kolkata,9,"{""type"":""MultiPoint"",""coordinates"":[]}",-9.710685417775991,-14.660610239403555,-8.049774355954797,-14.73197277419732
1_1_1_2_295_0_1_1_1_2_295_0,0.14075,0.17545,0.11335,0.1406,0.0429,0.04905,0.05765,0.0632,0.06285,0.07655,0.1106,0.13395,6,6,-0.4188508,-0.47035408,0.11995226,0.13413058,0.27529547,0.2726841,-0.31471026,-0.3588638,22.694094106947265,88.46029504650791,4295.0,Kolkata,9,"{""type"":""MultiPoint"",""coordinates"":[]}",-8.298578917298025,-14.599423517347358,-6.741117238981092,-14.64503570820846
1_1_1_2_296_0_1_1_1_2_296_0,0.14585,0.1585,0.1184,0.11525,0.05125,0.0566,0.07205,0.0762,0.077,0.07275,0.1668,0.20925,6,0,-0.33868748,-0.3506604,-0.06700784,-0.13800135,0.3683347,0.48404256,-0.39669248,-0.46610615,22.697148378913276,88.3768415566132,4296.0,Kolkata,9,"{""type"":""MultiPoint"",""coordinates"":[]}",-8.62077301873268,-14.580570337156718,-7.638798120584585,-13.384007191660885
1_1_1_2_297_0_1_1_1_2_297_0,0.102,0.102,0.0628,0.0573,0.0502,0.0667,0.0673,0.082,0.053,0.0606,0.1064,0.1214,0,0,-0.20496161,-0.10869565,-0.021113243,-0.08683975,0.33500627,0.33406594,-0.22510076,-0.19370697,22.49619524985573,88.47655455315046,4297.0,Kolkata,9,"{""type"":""MultiPoint"",""coordinates"":[]}",-10.606459264537296,-16.488906651951964,-12.10119423457023,-18.28764083220414
1_1_1_2_298_0_1_1_1_2_298_0,0.1544,0.1834,0.12115,0.1438,0.0362,0.05755,0.0566,0.06775,0.0654,0.07795,0.1633,0.18295,6,1,-0.46350712,-0.4604818,-0.02801385,0.0012283336,0.4280717,0.40245304,-0.48522055,-0.45951337,22.62357635714388,88.26122837954702,4298.0,Kolkata,9,"{""type"":""MultiPoint"",""coordinates"":[]}",-6.841718071444308,-12.596006770139713,-5.792851918588792,-13.022222390792308
1_1_1_2_299_0_1_1_1_2_299_0,0.2348,0.22565,0.2051,0.1803,0.0955,0.08665,0.1094,0.0975,0.1349,0.1086,0.187,0.1978,6,6,-0.36432308,-0.39656505,0.11332385,0.06576928,0.16185151,0.2911227,-0.26180837,-0.3396546,22.719696092544677,88.32923084655486,4299.0,Kolkata,9,"{""type"":""MultiPoint"",""coordinates"":[]}",-7.481546200376815,-13.412130157536629,-8.156798043276188,-13.643484973058932
1_1_1_2_300_0_1_1_1_2_300_0,0.1532,0.176,0.1124,0.1164,0.0683,0.0604,0.099,0.0915,0.0938,0.0816,0.2171,0.3074,4,1,-0.21490881,-0.31588784,-0.1725628,-0.27182457,0.39659053,0.58046275,-0.37361595,-0.5412384,22.540392361834414,88.49928192983869,4300.0,Kolkata,9,"{""type"":""MultiPoint"",""coordinates"":[]}",-10.440926926142089,-16.84032228339648,-9.834531460995724,-16.16179845732044
1_1_1_2_301_0_1_1_1_2_301_0,0.27235,0.2549,0.1956,0.1748,0.0591,0.0762,0.09775,0.1065,0.09275,0.09555,0.28235,0.26825,6,6,-0.4717644,-0.41062534,-0.018027762,-0.025518494,0.5054652,0.4747114,-0.48566166,-0.43162107,22.713767211669484,88.37064318115277,4301.0,Kolkata,9,"{""type"":""MultiPoint"",""coordinates"":[]}",-7.84076685312371,-16.779190714641842,-9.651422370269593,-18.218835144821213
1_1_1_2_302_0_1_1_1_2_302_0,0.1619,0.1918,0.15,0.1804,0.0905,0.1016,0.0968,0.0941,0.1098,0.1044,0.17,0.1787,6,6,-0.25164282,-0.34172788,-0.024404941,0.035357624,0.21515368,0.26245144,-0.27436283,-0.3101173,22.583601327000565,88.37351779006195,4302.0,Kolkata,9,"{""type"":""MultiPoint"",""coordinates"":[]}",-3.4843090095228946,-15.247890727663599,-3.691457596622533,-14.67684337241491
1_1_1_2_303_0_1_1_1_2_303_0,0.19595,0.22855,0.10095,0.1304,0.04075,0.0513,0.0762,0.09005,0.0527,0.0651,0.4232,0.4058,4,1,-0.4400147,-0.43471438,-0.36703545,-0.27941987,0.7785249,0.7235082,-0.6948338,-0.6367853,22.739818354908948,88.21703126756834,4303.0,Kolkata,9,"{""type"":""MultiPoint"",""coordinates"":[]}",-8.389571314188622,-15.801060784649835,-9.64529574884866,-16.70114248619661
1_1_1_2_304_0_1_1_1_2_304_0,0.12195,0.1413,0.0677,0.0809,0.033,0.03475,0.05365,0.0521,0.0445,0.05325,0.1852,0.1626,1,1,-0.38895217,-0.46122026,-0.20592545,-0.07008885,0.6125381,0.5066018,-0.5507641,-0.5146716,22.682595671310537,88.5128464906289,4304.0,Kolkata,9,"{""type"":""MultiPoint"",""coordinates"":[]}",-7.968361251218363,-14.577282428271552,-8.64998030554711,-15.858779064029033
1_1_1_2_305_0_1_1_1_2_305_0,0.2116,0.214,0.1424,0.1371,0.0467,0.0544,0.0731,0.0766,0.0718,0.0744,0.2105,0.2734,4,1,-0.486477,-0.47281486,0.0026060175,-0.12187115,0.4913213,0.57216793,-0.48448518,-0.5622857,22.515868354577957,88.41421147243257,4305.0,Kolkata,9,"{""type"":""MultiPoint"",""coordinates"":[]}",-9.940677421000427,-15.062231107467003,-9.90613390403742,-14.980433543976018
1_1_1_2_306_0_1_1_1_2_306_0,0.1396,0.1549,0.1011,0.1113,0.0298,0.0538,0.0478,0.0624,0.0468,0.059,0.1644,0.1894,6,6,-0.48986125,-0.4256788,-0.08157895,-0.10020331,0.5568182,0.52495974,-0.54948163,-0.50436854,22.56141293948281,88.28575238680348,4306.0,Kolkata,9,"{""type"":""MultiPoint"",""coordinates"":[]}",-7.147686511889662,-12.90915770321045,-8.014500352574979,-14.70873589981401
1_1_1_2_307_0_1_1_1_2_307_0,0.1296,0.1528,0.0696,0.0901,0.0327,0.0593,0.0596,0.0767,0.0431,0.0696,0.2288,0.189,1,1,-0.36997885,-0.3315904,-0.2767857,-0.10590989,0.68297166,0.46171695,-0.5866852,-0.42265713,22.43142671787072,88.33668686341306,4307.0,Kolkata,9,"{""type"":""MultiPoint"",""coordinates"":[]}",-7.0719738443497935,-13.052756233461519,-7.853036049653863,-14.529136086169224
1_1_1_2_308_0_1_1_1_2_308_0,0.1466,0.1516,0.0881,0.0942,0.0288,0.063,0.055,0.0784,0.0469,0.0644,0.2557,0.2216,1,1,-0.45436507,-0.31826088,-0.27119064,-0.187567,0.69001985,0.5496504,-0.64596075,-0.47733334,22.42918092966042,88.51590076259491,4308.0,Kolkata,9,"{""type"":""MultiPoint"",""coordinates"":[]}",-7.186802410719516,-13.343031903573447,-6.616250712410063,-13.830922422843896
1_1_1_2_309_0_1_1_1_2_309_0,0.113,0.1247,0.07355,0.0764,0.0168,0.0384,0.0353,0.0536,0.02785,0.04375,0.1072,0.1266,6,1,-0.52393794,-0.39876613,0.026339691,-0.0075606843,0.5875602,0.48635164,-0.5045614,-0.40510544,22.61288640526286,88.21640244686945,4309.0,Kolkata,9,"{""type"":""MultiPoint"",""coordinates"":[]}",-8.029034259500452,-14.761585495818675,-7.382979857395335,-16.3386788487026
1_1_1_2_310_0_1_1_1_2_310_0,0.122,0.1356,0.0921,0.0905,0.0341,0.0468,0.0488,0.0624,0.0468,0.0594,0.1719,0.2029,6,6,-0.42857143,-0.36969697,-0.16978565,-0.19881831,0.5720165,0.5470835,-0.5577707,-0.5295891,22.53401432331717,88.36956520281183,4310.0,Kolkata,9,"{""type"":""MultiPoint"",""coordinates"":[]}",-7.143591897659528,-14.366634736963361,-6.2540409292534855,-13.703181084672618
1_1_1_2_311_0_1_1_1_2_311_0,0.0143,0.0254,0.0116,0.0171,0.0708,0.089,0.1018,0.1138,0.0912,0.092,0.0349,0.0546,0,0,0.7536606,0.63505745,-0.41869918,-0.365,-0.44647107,-0.25511596,0.48939282,0.35154393,22.56213159171011,88.24110611718274,4311.0,Kolkata,9,"{""type"":""MultiPoint"",""coordinates"":[]}",-20.71102631489359,-28.128250691447697,-20.730929998498496,-28.093054228712774
1_1_1_2_312_0_1_1_1_2_312_0,0.0155,0.0246,0.0127,0.0165,0.0723,0.0944,0.1028,0.1112,0.077,0.0948,0.0325,0.0444,0,0,0.7379544,0.6377025,-0.35416666,-0.28695652,-0.4063927,-0.36206895,0.5195861,0.4293059,22.551351808300677,88.29922711606527,4312.0,Kolkata,9,"{""type"":""MultiPoint"",""coordinates"":[]}",-18.625571404463912,-25.60637750668932,-18.937854431155706,-26.990740736315722
1_1_1_2_313_0_1_1_1_2_313_0,0.1564,0.1522,0.1075,0.0836,0.0427,0.045,0.0674,0.067,0.0566,0.0592,0.1823,0.2539,1,1,-0.3976765,-0.38868612,-0.076468855,-0.25043094,0.52616155,0.6218461,-0.46015218,-0.5824244,22.54021269877759,88.25673680312642,4313.0,Kolkata,9,"{""type"":""MultiPoint"",""coordinates"":[]}",-8.386622530004926,-13.464796893308007,-6.933763196116297,-13.836611285015117
1_1_1_2_314_0_1_1_1_2_314_0,0.0863,0.0969,0.0397,0.0476,0.0281,0.0534,0.0389,0.0598,0.0288,0.05,0.1451,0.1623,1,1,-0.37859425,-0.23675814,-0.25410545,-0.2523148,0.66877514,0.52896845,-0.5771739,-0.46150383,22.409777319523435,88.33605804271417,4314.0,Kolkata,9,"{""type"":""MultiPoint"",""coordinates"":[]}",-8.144320066519201,-14.077087444639979,-8.33024646379345,-14.395545509712418
1_1_1_2_315_0_1_1_1_2_315_0,0.12665,0.12555,0.0826,0.0855,0.04435,0.04485,0.0731,0.0791,0.0648,0.0703,0.21515,0.2171,4,4,-0.2680851,-0.22697288,-0.25892335,-0.26718226,0.5370602,0.51078635,-0.4928014,-0.4659014,22.617377981683457,88.52021267595867,4315.0,Kolkata,9,"{""type"":""MultiPoint"",""coordinates"":[]}",-9.104674790842157,-15.623810462156808,-9.273204935737843,-15.970931825127398
1_1_1_2_316_0_1_1_1_2_316_0,0.0782,0.1628,0.0484,0.1206,0.0378,0.0929,0.0594,0.1092,0.0421,0.1004,0.1474,0.2001,0,0,-0.13662791,-0.19705883,-0.3067376,-0.102783136,0.5556728,0.33178037,-0.42553192,-0.29388943,22.508322506191348,88.44619149654723,4316.0,Kolkata,9,"{""type"":""MultiPoint"",""coordinates"":[]}",-10.28008238046638,-15.883858299294538,-11.150529157873219,-17.68295524788213
1_1_1_2_317_0_1_1_1_2_317_0,0.16995,0.19355,0.14995,0.16715,0.04935,0.0678,0.06745,0.0793,0.07755,0.0861,0.13205,0.1508,6,6,-0.43176073,-0.41872823,0.12549669,0.124146946,0.2600191,0.27311102,-0.32380953,-0.31073445,22.614144046660627,88.22475677901177,4317.0,Kolkata,9,"{""type"":""MultiPoint"",""coordinates"":[]}",-7.70110770123077,-13.609560945155964,-6.300942108386836,-13.326246988091452
1_1_1_2_318_0_1_1_1_2_318_0,0.136,0.1386,0.079,0.0828,0.0256,0.0484,0.0408,0.0618,0.0332,0.0462,0.2314,0.2296,1,1,-0.53846157,-0.38323355,-0.25966248,-0.24714829,0.7490552,0.66497463,-0.7002204,-0.5758408,22.42100626057493,88.26006056967766,4318.0,Kolkata,9,"{""type"":""MultiPoint"",""coordinates"":[]}",-6.304563286759665,-12.99745269232277,-5.220261631522263,-13.346604836467073
1_1_1_2_319_0_1_1_1_2_319_0,0.1451,0.148,0.122,0.1257,0.056,0.0907,0.0719,0.1014,0.078,0.102,0.1143,0.144,6,6,-0.33732718,-0.18684843,0.118735544,0.01369863,0.18876755,0.17073171,-0.22771214,-0.17359413,22.46906612827533,88.37127200185166,4319.0,Kolkata,9,"{""type"":""MultiPoint"",""coordinates"":[]}",-8.584395795401672,-12.523991576481205,-7.458780455241737,-13.580641873774482
1_1_1_2_320_0_1_1_1_2_320_0,0.2743,0.276,0.20495,0.19135,0.06275,0.0728,0.0905,0.1041,0.106,0.1125,0.22965,0.28585,5,5,-0.5038377,-0.4522494,0.08860006,-0.017531369,0.3683897,0.43517008,-0.43464002,-0.4660854,22.644776597849106,88.44762880100183,4320.0,Kolkata,9,"{""type"":""MultiPoint"",""coordinates"":[]}",-11.540380033942132,-16.877227410841055,-12.006325966795302,-18.34261760307235
1_1_1_2_321_0_1_1_1_2_321_0,0.1689,0.1732,0.128,0.1304,0.0404,0.0589,0.0594,0.0809,0.0516,0.0722,0.2054,0.2184,6,6,-0.47963205,-0.3632428,-0.09751536,-0.1154239,0.59844357,0.50309706,-0.55135953,-0.45940527,22.49376979858861,88.24442988373399,4321.0,Kolkata,9,"{""type"":""MultiPoint"",""coordinates"":[]}",-6.134135854645498,-13.263838603642563,-6.785642081877951,-14.158381939177378
1_1_1_2_322_0_1_1_1_2_322_0,0.1647,0.19145,0.1439,0.16795,0.04865,0.08445,0.0675,0.09495,0.07835,0.1102,0.1464,0.18245,6,6,-0.41860464,-0.33694133,0.05882353,0.024070607,0.30278087,0.24688195,-0.36886394,-0.31542897,22.61504236194475,88.2610487164902,4322.0,Kolkata,9,"{""type"":""MultiPoint"",""coordinates"":[]}",-5.874765442346943,-12.336321025982617,-4.336309569100892,-12.515837133424373
1_1_1_2_323_0_1_1_1_2_323_0,0.1619,0.1617,0.1189,0.1135,0.0437,0.0626,0.0508,0.0764,0.0564,0.0776,0.1669,0.2168,6,1,-0.5223319,-0.35825282,-0.015206813,-0.14557463,0.49484998,0.4728261,-0.5333027,-0.47885403,22.519192121129198,88.45903740511014,4323.0,Kolkata,9,"{""type"":""MultiPoint"",""coordinates"":[]}",-7.981741759018163,-13.278652170324246,-6.76170383136996,-13.341568603506067
1_1_1_2_324_0_1_1_1_2_324_0,0.1799,0.1984,0.1557,0.1655,0.0492,0.089,0.0746,0.0972,0.079,0.0884,0.1367,0.186,6,6,-0.41375247,-0.34235454,0.13644978,0.032258064,0.26750115,0.35568514,-0.29389495,-0.31355932,22.462777921286488,88.24092645412591,4324.0,Kolkata,9,"{""type"":""MultiPoint"",""coordinates"":[]}",-7.058236651724784,-13.398633589846995,-6.001027917467366,-14.224294866539918
1_1_1_2_325_0_1_1_1_2_325_0,0.1897,0.2016,0.1588,0.1783,0.0836,0.0772,0.1,0.0966,0.1168,0.1074,0.1877,0.1796,6,6,-0.30963066,-0.35211268,0.005299417,0.057712488,0.23284072,0.25156793,-0.30483142,-0.3005069,22.59716588779077,88.44888644239958,4325.0,Kolkata,9,"{""type"":""MultiPoint"",""coordinates"":[]}",-5.94576548530976,-12.713534491462935,-4.033236044724042,-13.746453963647602
1_1_1_2_326_0_1_1_1_2_326_0,0.193,0.1892,0.1136,0.1101,0.0326,0.0712,0.0527,0.0862,0.0545,0.0712,0.2353,0.2784,4,1,-0.57102156,-0.37400144,-0.09876255,-0.19076133,0.62387854,0.59267735,-0.6340278,-0.527153,22.41965878764875,88.48302242319613,4326.0,Kolkata,9,"{""type"":""MultiPoint"",""coordinates"":[]}",-8.968176884862888,-14.74357629673017,-7.848617891411156,-13.667886111282268
1_1_1_2_327_0_1_1_1_2_327_0,0.222,0.1929,0.155,0.1196,0.0574,0.0734,0.098,0.093,0.0808,0.0714,0.2799,0.2918,4,1,-0.3875,-0.34942287,-0.11536162,-0.20404373,0.5519823,0.6068282,-0.48134428,-0.516632,22.408340015068845,88.53305858452158,4327.0,Kolkata,9,"{""type"":""MultiPoint"",""coordinates"":[]}",-9.763917098266617,-16.43229293451133,-8.516910863075356,-15.08597827918353
1_1_1_2_328_0_1_1_1_2_328_0,0.154,0.1384,0.0965,0.0982,0.0338,0.0754,0.0608,0.086,0.0581,0.0705,0.2346,0.1826,6,6,-0.43389198,-0.23351158,-0.20741121,-0.1376947,0.6030065,0.44290793,-0.58835477,-0.3596426,22.35551907636262,88.44304739305281,4328.0,Kolkata,9,"{""type"":""MultiPoint"",""coordinates"":[]}",-5.808995152680505,-14.31896291057367,-6.415800358978511,-14.602473323371635
1_1_1_2_329_0_1_1_1_2_329_0,0.1499,0.1591,0.1085,0.1176,0.0314,0.0716,0.0508,0.0806,0.047,0.0702,0.1937,0.1754,6,6,-0.4937718,-0.3274927,-0.1274738,-0.048729446,0.6094724,0.42833877,-0.58445805,-0.3703125,22.35938183208433,88.43505238702414,4329.0,Kolkata,9,"{""type"":""MultiPoint"",""coordinates"":[]}",-6.91029598413513,-14.96281002202183,-4.668516537689199,-14.234203124403805
1_1_1_2_330_0_1_1_1_2_330_0,0.1666,0.1498,0.1123,0.0809,0.0475,0.0824,0.089,0.0964,0.0713,0.0828,0.2169,0.2868,4,4,-0.3035994,-0.21689683,-0.13116036,-0.31378835,0.50520474,0.5519481,-0.4181105,-0.49686846,22.48227136295188,88.54482651474355,4330.0,Kolkata,9,"{""type"":""MultiPoint"",""coordinates"":[]}",-9.828615233326989,-16.714644961894702,-9.468514249625223,-16.15895240391784
1_1_1_2_331_0_1_1_1_2_331_0,0.1408,0.158,0.0716,0.0894,0.0294,0.0595,0.0539,0.0741,0.038,0.0623,0.2254,0.2364,1,1,-0.4463277,-0.3614821,-0.2310213,-0.19878297,0.7114655,0.58285904,-0.61403507,-0.5227053,22.39432629663658,88.40630629793232,4331.0,Kolkata,9,"{""type"":""MultiPoint"",""coordinates"":[]}",-7.0828546743467005,-14.46380542496505,-7.424400963124196,-14.908816511441211
1_1_1_2_332_0_1_1_1_2_332_0,0.2059,0.1923,0.1902,0.169,0.1149,0.09275,0.1419,0.11,0.1668,0.1267,0.1853,0.1691,6,6,-0.1840138,-0.27224612,0.052658487,0.0641948,0.052541893,0.1433401,-0.13264059,-0.21175206,22.624115346314355,88.42984215837625,4332.0,Kolkata,9,"{""type"":""MultiPoint"",""coordinates"":[]}",-5.8833244911265545,-13.683708574929636,-6.367768059039321,-15.331131657296488
1_1_1_2_333_0_1_1_1_2_333_0,0.2363,0.2164,0.1531,0.1228,0.0433,0.0782,0.0696,0.0912,0.0884,0.0748,0.2791,0.2946,4,1,-0.54494935,-0.40702212,-0.083042294,-0.15303327,0.51891154,0.5950189,-0.60080296,-0.5272162,22.378426116107665,88.3038983555427,4333.0,Kolkata,9,"{""type"":""MultiPoint"",""coordinates"":[]}",-8.411752467226894,-12.792395883929442,-8.775089674864283,-15.07567985806648
1_1_1_2_334_0_1_1_1_2_334_0,0.2409,0.23,0.1561,0.1386,0.0475,0.0774,0.069,0.0957,0.0831,0.0858,0.2259,0.284,5,2,-0.55469507,-0.41234264,0.032133676,-0.105058365,0.4621359,0.5359654,-0.53204477,-0.49591783,22.380671904317964,88.29195076226391,4334.0,Kolkata,9,"{""type"":""MultiPoint"",""coordinates"":[]}",-9.571574401030848,-15.227888723872354,-9.525554929318048,-14.615903898501788
1_1_1_2_335_0_1_1_1_2_335_0,0.12465,0.1505,0.09255,0.11145,0.0442,0.0542,0.0529,0.06385,0.0489,0.0646,0.0708,0.10915,6,6,-0.4041115,-0.4042454,0.27551803,0.15925284,0.1829574,0.25640288,-0.14470494,-0.2618497,22.72607413106192,88.38645353015328,4335.0,Kolkata,9,"{""type"":""MultiPoint"",""coordinates"":[]}",-10.19321172999011,-17.45790529873866,-10.957330932361598,-16.725428391973097
1_1_1_2_336_0_1_1_1_2_336_0,0.1116,0.1204,0.0644,0.0694,0.032,0.0694,0.0514,0.0769,0.0381,0.0628,0.1229,0.1594,1,1,-0.36932516,-0.22047643,-0.048187632,-0.13938527,0.52670807,0.43474346,-0.41021228,-0.34913245,22.36629885977205,88.4970361416284,4336.0,Kolkata,9,"{""type"":""MultiPoint"",""coordinates"":[]}",-8.53052416166023,-14.605852469628257,-7.565375622916123,-14.458937718737769
1_1_1_2_337_0_1_1_1_2_337_0,0.2373,0.2128,0.1806,0.152,0.0647,0.066,0.0913,0.0939,0.1038,0.0973,0.206,0.2458,6,6,-0.4443092,-0.38767526,0.07060681,-0.07195813,0.32989025,0.4328184,-0.38580558,-0.44715926,22.58108604420503,88.4813156241563,4337.0,Kolkata,9,"{""type"":""MultiPoint"",""coordinates"":[]}",-9.049896292190656,-13.097218377354345,-8.345761404416981,-14.9793748694408
1_1_1_2_338_0_1_1_1_2_338_0,0.18115,0.19745,0.1598,0.16255,0.09635,0.1044,0.1231,0.1265,0.1322,0.1441,0.1785,0.1888,6,6,-0.19079705,-0.21901529,0.0073682745,0.022394823,0.14901835,0.13427456,-0.183687,-0.19758959,22.61010162788209,88.44268806693916,4338.0,Kolkata,9,"{""type"":""MultiPoint"",""coordinates"":[]}",-8.871979736474975,-12.843739270740743,-6.2409523876551845,-11.37645390760424
1_1_1_2_339_0_1_1_1_2_339_0,0.0171,0.1204,0.0154,0.0891,0.0552,0.0696,0.0814,0.0924,0.0679,0.0692,0.0908,0.1064,0,0,0.65279186,-0.13157895,-0.68303984,0.061728396,0.14429742,0.2118451,-0.05458769,-0.07042254,22.56320957005105,88.50862440879354,4339.0,Kolkata,9,"{""type"":""MultiPoint"",""coordinates"":[]}",-21.68360778608958,-27.70448128308102,-21.26812612948958,-27.93649593307103
1_1_1_2_340_0_1_1_1_2_340_0,0.2468,0.1877,0.1701,0.1226,0.0526,0.0752,0.0775,0.0914,0.0906,0.0906,0.2296,0.2282,4,4,-0.52204746,-0.3450376,0.036104113,-0.09737918,0.4341037,0.43161857,-0.49527842,-0.42803505,22.40357894406301,88.22565509429589,4340.0,Kolkata,9,"{""type"":""MultiPoint"",""coordinates"":[]}",-9.244744539759171,-14.05977570391861,-8.290812968764069,-14.329483889486923
1_1_1_2_341_0_1_1_1_2_341_0,0.1256,0.1432,0.0715,0.08975,0.0187,0.03175,0.0394,0.0444,0.03245,0.03805,0.1725,0.1735,1,1,-0.5224242,-0.52665246,-0.15732975,-0.09567414,0.6833374,0.64027417,-0.6281265,-0.5924736,22.66921077357716,88.51419396355507,4341.0,Kolkata,9,"{""type"":""MultiPoint"",""coordinates"":[]}",-8.1569635876682,-14.544995280514055,-7.424525787810484,-15.35749267627998
1_1_1_2_342_0_1_1_1_2_342_0,0.1454,0.168,0.11245,0.13095,0.0391,0.05375,0.058,0.072,0.0548,0.06485,0.16425,0.1975,6,6,-0.4296952,-0.4,-0.06087518,-0.08071136,0.4996576,0.50562227,-0.47806525,-0.46567717,22.74583706731255,88.33632753729941,4342.0,Kolkata,9,"{""type"":""MultiPoint"",""coordinates"":[]}",-5.612478690098322,-15.03176744092841,-5.654728722535992,-14.879556216060736
1_1_1_2_343_0_1_1_1_2_343_0,0.11575,0.1259,0.08715,0.0859,0.04355,0.0514,0.05655,0.06215,0.06215,0.0653,0.1028,0.1378,6,6,-0.34358677,-0.3390056,0.059254177,-0.045127038,0.24643831,0.356967,-0.2902416,-0.3783446,22.62456450395641,88.35609047355004,4343.0,Kolkata,9,"{""type"":""MultiPoint"",""coordinates"":[]}",-6.845239055093824,-15.232214153703366,-4.902707257729697,-14.516102707018094
1_1_1_2_344_0_1_1_1_2_344_0,0.1314,0.1372,0.09245,0.09675,0.025,0.0341,0.05045,0.0535,0.0402,0.0483,0.1902,0.2158,6,6,-0.4451471,-0.4389093,-0.18283582,-0.2226629,0.6510417,0.6342295,-0.5807189,-0.6026736,22.705682374112406,88.48571736904849,4344.0,Kolkata,9,"{""type"":""MultiPoint"",""coordinates"":[]}",-6.760864210395508,-14.253668306794838,-7.157280950953167,-13.935872165473818
1_1_1_2_345_0_1_1_1_2_345_0,0.2156,0.1973,0.1889,0.1628,0.0838,0.0814,0.1102,0.0984,0.1206,0.1158,0.2015,0.176,6,6,-0.32351136,-0.33446062,0.03380484,0.057058666,0.25116423,0.20630568,-0.29290986,-0.28279883,22.5282651054988,88.28925581641155,4345.0,Kolkata,9,"{""type"":""MultiPoint"",""coordinates"":[]}",1.1542378247907221,-6.510215297949541,2.0168665718382965,-5.161540052193599
1_1_1_2_346_0_1_1_1_2_346_0,0.2385,0.2718,0.1733,0.1903,0.0613,0.0896,0.0834,0.1016,0.1064,0.1164,0.17,0.242,5,4,-0.48182666,-0.45581147,0.16768666,0.05799922,0.2301013,0.35044643,-0.34175217,-0.40861467,22.35794452762974,88.52569239919181,4346.0,Kolkata,9,"{""type"":""MultiPoint"",""coordinates"":[]}",-10.512325803310866,-17.414040755063706,-9.590756349827643,-18.060136364000044
1_1_1_2_347_0_1_1_1_2_347_0,0.25525,0.2412,0.1803,0.17365,0.04325,0.0633,0.0817,0.08865,0.0816,0.1052,0.225,0.21405,4,4,-0.51506156,-0.46248296,0.06298803,0.05963756,0.46771038,0.34095538,-0.4672318,-0.41427156,22.666425996196384,88.20283788607925,4347.0,Kolkata,9,"{""type"":""MultiPoint"",""coordinates"":[]}",-9.267060264852535,-16.2366467766336,-9.362263090356416,-16.085544145309477
1_1_1_2_348_0_1_1_1_2_348_0,0.2026,0.2207,0.1836,0.2032,0.0666,0.0926,0.0834,0.1114,0.0939,0.1252,0.1318,0.1649,6,6,-0.4167832,-0.32911775,0.2117225,0.14470954,0.16792202,0.13684936,-0.22490707,-0.19363011,22.439421723899382,88.43092013671719,4348.0,Kolkata,9,"{""type"":""MultiPoint"",""coordinates"":[]}",-7.5404573089371425,-15.878286865957232,-6.896968135099515,-15.71440037082633
1_1_1_2_349_0_1_1_1_2_349_0,0.20185,0.16345,0.1494,0.1236,0.0695,0.0475,0.0951,0.0622,0.1021,0.0577,0.2046,0.16705,1,1,-0.35948813,-0.44870374,-0.0067658997,-0.010892587,0.3342028,0.48654062,-0.36536536,-0.45736095,22.72526564730621,88.51410413202666,4349.0,Kolkata,9,"{""type"":""MultiPoint"",""coordinates"":[]}",-7.439844039670571,-14.205457857858256,-7.194278371610277,-13.82267423489734
1_1_1_2_350_0_1_1_1_2_350_0,0.1494,0.2039,0.086,0.1122,0.0294,0.0457,0.0592,0.0764,0.0585,0.0644,0.2602,0.3038,3,1,-0.4324065,-0.45486978,-0.2705078,-0.19676974,0.6328836,0.6501901,-0.62930495,-0.59810627,22.59240481678493,88.54365870487419,4350.0,Kolkata,9,"{""type"":""MultiPoint"",""coordinates"":[]}",-10.39733545347001,-15.00109479631731,-10.119757255904496,-15.876961696603791
1_1_1_2_351_0_1_1_1_2_351_0,0.0608,0.1789,0.0376,0.1313,0.0448,0.0968,0.0748,0.114,0.0616,0.1028,0.0928,0.2562,3,3,0.10324484,-0.22157733,-0.20833333,-0.1776603,0.20207255,0.42729804,-0.10739857,-0.38411668,22.496285081384148,88.44915593698482,4351.0,Kolkata,9,"{""type"":""MultiPoint"",""coordinates"":[]}",-12.880132909769078,-18.40567626936909,-7.72214408414974,-14.581868538613467
1_1_1_2_352_0_1_1_1_2_352_0,0.1002,0.09275,0.0959,0.08155,0.081,0.08115,0.1072,0.1029,0.122,0.1075,0.15425,0.16075,0,0,0.033751205,0.051878355,-0.21241894,-0.26824456,0.11674208,0.19850886,-0.17995793,-0.21941969,22.62330686255865,88.53889763386836,4352.0,Kolkata,9,"{""type"":""MultiPoint"",""coordinates"":[]}",-12.19181763046208,-19.927292217510924,-13.781183700687114,-21.327526696585117
1_1_1_2_353_0_1_1_1_2_353_0,0.1436,0.1483,0.1611,0.15455,0.0586,0.0701,0.0639,0.07795,0.0742,0.08215,0.1267,0.16625,6,6,-0.38409638,-0.31093922,0.06252312,-0.05706565,0.26132405,0.33856684,-0.32948583,-0.36158887,22.63642226570679,88.4121453472791,4353.0,Kolkata,9,"{""type"":""MultiPoint"",""coordinates"":[]}",-6.528190779517125,-11.928839517196192,-6.4918218938532135,-12.497094849131583
1_1_1_2_354_0_1_1_1_2_354_0,0.1553,0.167,0.0872,0.0927,0.0332,0.0648,0.0576,0.0904,0.0455,0.0725,0.2429,0.2685,1,6,-0.4589009,-0.2975913,-0.21998996,-0.23306544,0.684466,0.57478005,-0.61663896,-0.4962385,22.43996071306985,88.40720461321644,4354.0,Kolkata,9,"{""type"":""MultiPoint"",""coordinates"":[]}",-4.322068069050529,-11.778591211641189,-6.296218667064762,-13.313705435187916
1_1_1_2_355_0_1_1_1_2_355_0,0.0742,0.1976,0.0414,0.1169,0.0242,0.064,0.0366,0.0856,0.0368,0.0634,0.0934,0.247,1,1,-0.3393502,-0.39548022,-0.11455847,-0.11111111,0.4347158,0.59149486,-0.4369231,-0.48526758,22.408789172710904,88.40046724858554,4355.0,Kolkata,9,"{""type"":""MultiPoint"",""coordinates"":[]}",-8.908060481483577,-16.611855195069914,-8.649373487879332,-14.87745726381657
1_1_1_2_356_0_1_1_1_2_356_0,0.2207,0.235,0.2129,0.2204,0.1034,0.1024,0.1272,0.12,0.1568,0.1444,0.1952,0.18,6,6,-0.26875538,-0.32394367,0.061312817,0.13253012,0.10909091,0.10974106,-0.21091811,-0.2,22.531948198163693,88.2708403530871,4356.0,Kolkata,9,"{""type"":""MultiPoint"",""coordinates"":[]}",4.284351041858553,-11.263291222407881,3.9320813448334704,-13.971339809914024
1_1_1_2_357_0_1_1_1_2_357_0,0.145,0.1644,0.1087,0.12065,0.06625,0.0753,0.0847,0.09325,0.0814,0.0947,0.17535,0.1944,6,6,-0.26251632,-0.2761498,-0.09474013,-0.08361204,0.36592016,0.34486336,-0.3485868,-0.3516426,22.71834861961849,88.49092759769638,4357.0,Kolkata,9,"{""type"":""MultiPoint"",""coordinates"":[]}",-6.831786254824562,-14.914247108302963,-6.860675408383932,-15.13627046617283
1_1_1_2_358_0_1_1_1_2_358_0,0.0592,0.127,0.0365,0.06825,0.02205,0.0534,0.0353,0.0868,0.0327,0.0772,0.0574,0.21335,0,1,-0.25291005,-0.18802619,0.0154373925,-0.2537094,0.27413985,0.46859404,-0.23840345,-0.4216225,22.620611916706288,88.23149414364266,4358.0,Kolkata,9,"{""type"":""MultiPoint"",""coordinates"":[]}",-16.68318788541081,-23.249666522304487,-14.734306321323638,-21.46336264044253
1_1_1_2_359_0_1_1_1_2_359_0,0.259,0.2101,0.1961,0.1545,0.1,0.0928,0.1272,0.1098,0.14,0.1086,0.2585,0.2388,4,1,-0.34127396,-0.31353548,0.00096618355,-0.06393406,0.29736513,0.3747841,-0.34042,-0.37005162,22.471311916485625,88.4579594267692,4359.0,Kolkata,9,"{""type"":""MultiPoint"",""coordinates"":[]}",-8.861913580222735,-15.65956093088691,-6.463588216579801,-14.724336601305502
1_1_1_2_360_0_1_1_1_2_360_0,0.21225,0.22935,0.1451,0.13915,0.0397,0.0504,0.06535,0.07765,0.0735,0.07465,0.1963,0.24855,5,1,-0.5291787,-0.4941368,0.03904051,-0.04017577,0.45515198,0.5380569,-0.50047773,-0.5239117,22.604981230762608,88.47341044965604,4360.0,Kolkata,9,"{""type"":""MultiPoint"",""coordinates"":[]}",-14.47816443776895,-19.465782206606303,-11.324847273054612,-16.62430229207066
1_1_1_2_361_0_1_1_1_2_361_0,0.1094,0.1265,0.0637,0.0684,0.0447,0.071,0.0814,0.089,0.0634,0.0682,0.1856,0.2708,0,0,-0.14675052,-0.17401393,-0.25830507,-0.36320162,0.49076304,0.5976401,-0.3902622,-0.50528073,22.506525875623108,88.48194444485519,4361.0,Kolkata,9,"{""type"":""MultiPoint"",""coordinates"":[]}",-9.129293807752013,-14.718650516573769,-9.326348062899456,-15.698888608792444
1_1_1_2_362_0_1_1_1_2_362_0,0.182,0.1797,0.1334,0.0956,0.0368,0.0706,0.0601,0.0942,0.0754,0.088,0.1892,0.2257,4,4,-0.50351095,-0.31215772,-0.019396551,-0.11346818,0.43008316,0.4389544,-0.51785,-0.41106597,22.37312605593136,88.46667308502515,4362.0,Kolkata,9,"{""type"":""MultiPoint"",""coordinates"":[]}",-9.734371701842388,-16.769542360877132,-9.158933042143275,-16.02234425230207
1_1_1_2_363_0_1_1_1_2_363_0,0.2329,0.2358,0.1741,0.1666,0.0686,0.074,0.0979,0.0925,0.1134,0.0963,0.2251,0.2246,4,5,-0.40810156,-0.436491,0.017030567,0.024326673,0.32998523,0.39981303,-0.39380804,-0.41658783,22.544973769783425,88.21137188127838,4363.0,Kolkata,9,"{""type"":""MultiPoint"",""coordinates"":[]}",-9.732369038247008,-15.573364021212338,-8.480729643224052,-15.763340391315403
1_1_1_2_364_0_1_1_1_2_364_0,0.18785,0.19395,0.1222,0.12985,0.0409,0.0434,0.0761,0.07585,0.06705,0.0602,0.27395,0.30635,4,1,-0.42337564,-0.43773165,-0.18644434,-0.2246652,0.6067449,0.67153186,-0.565205,-0.60308737,22.66633616466797,88.48194444485519,4364.0,Kolkata,9,"{""type"":""MultiPoint"",""coordinates"":[]}",-7.4353784752641126,-15.018913746440752,-7.655405739114254,-14.834498704483128
1_1_1_2_365_0_1_1_1_2_365_0,0.1969,0.2219,0.1318,0.163,0.0528,0.0772,0.0834,0.0937,0.078,0.0975,0.2003,0.2173,6,6,-0.4049233,-0.4062104,-0.00855992,0.0104735885,0.43945384,0.3805591,-0.412055,-0.39742765,22.417233336381628,88.22664324110842,4365.0,Kolkata,9,"{""type"":""MultiPoint"",""coordinates"":[]}",-3.272651210167539,-11.063723515818964,-2.964011684036765,-9.77240038667572
1_1_1_2_366_0_1_1_1_2_366_0,0.2054,0.2255,0.1514,0.1698,0.0591,0.0806,0.0905,0.1,0.102,0.1038,0.1942,0.2331,4,4,-0.38830686,-0.38556066,0.028028028,-0.016572176,0.31127617,0.3837934,-0.36424306,-0.3995797,22.37680914859625,88.4715239875594,4366.0,Kolkata,9,"{""type"":""MultiPoint"",""coordinates"":[]}",-9.305483805228866,-16.415912553451477,-8.609806544467368,-15.512588663368627
1_1_1_2_367_0_1_1_1_2_367_0,0.1563,0.191,0.1201,0.1582,0.0686,0.0962,0.0706,0.1018,0.0892,0.109,0.1218,0.1558,6,6,-0.37769943,-0.30464482,0.12405609,0.10149942,0.15450238,0.17673716,-0.26611227,-0.20962733,22.48631378173042,88.363276995823,4367.0,Kolkata,9,"{""type"":""MultiPoint"",""coordinates"":[]}",-5.699998238893457,-12.988531466063357,-5.720932012792771,-12.667633444607372
1_1_1_2_368_0_1_1_1_2_368_0,0.1923,0.2014,0.1672,0.1771,0.0648,0.0875,0.0891,0.0994,0.098,0.1026,0.1394,0.166,6,6,-0.36673775,-0.33909574,0.15948147,0.09635275,0.17438921,0.23603871,-0.2201313,-0.25094196,22.360369978896863,88.4339744086832,4368.0,Kolkata,9,"{""type"":""MultiPoint"",""coordinates"":[]}",-3.2714363864395923,-12.91640455074029,-1.7003806438312419,-13.766230879600805
1_1_1_2_369_0_1_1_1_2_369_0,0.1285,0.1201,0.07,0.0662,0.0324,0.0567,0.0482,0.0698,0.0427,0.06,0.1685,0.1601,1,1,-0.45444256,-0.26487625,-0.13468014,-0.14275518,0.59564394,0.45479327,-0.5551454,-0.39277947,22.35884284291386,88.54114342207866,4369.0,Kolkata,9,"{""type"":""MultiPoint"",""coordinates"":[]}",-9.23481705484992,-15.384027032045493,-8.43966260679261,-15.522716681891357
1_1_1_2_370_0_1_1_1_2_370_0,0.2924,0.24425,0.25355,0.1449,0.0791,0.0459,0.1096,0.0842,0.1326,0.0647,0.2448,0.3844,6,6,-0.45472637,-0.48728877,0.088607594,-0.22293805,0.2972973,0.71186817,-0.38148984,-0.6406317,22.705502711055583,88.40136556386966,4370.0,Kolkata,9,"{""type"":""MultiPoint"",""coordinates"":[]}",-13.429140495777588,-22.0488633925426,-12.529124216607716,-21.817351370936223
1_1_1_2_371_0_1_1_1_2_371_0,0.1347,0.1378,0.071,0.0753,0.0276,0.0603,0.0498,0.0826,0.0378,0.057,0.1962,0.1954,1,1,-0.4601626,-0.2504537,-0.18585676,-0.17286915,0.6769231,0.54833597,-0.595122,-0.4057554,22.36126829418098,88.24514853596128,4371.0,Kolkata,9,"{""type"":""MultiPoint"",""coordinates"":[]}",-7.504961418781228,-13.863477155422425,-7.833557212627982,-14.990959812412395
1_1_1_2_372_0_1_1_1_2_372_0,0.1534,0.1934,0.1397,0.1653,0.0772,0.0952,0.0907,0.1096,0.1102,0.1266,0.1436,0.1621,6,6,-0.25686195,-0.27656767,0.032996632,0.08804501,0.13159968,0.122965015,-0.22577892,-0.19322783,22.582792843244857,88.32222398733873,4372.0,Kolkata,9,"{""type"":""MultiPoint"",""coordinates"":[]}",-5.89542656586829,-12.755623043768836,-3.9768124994175036,-12.92050736052014
1_1_1_2_373_0_1_1_1_2_373_0,0.16675,0.20005,0.11765,0.1137,0.0404,0.05325,0.0666,0.0709,0.05725,0.06795,0.2159,0.2986,4,1,-0.42918363,-0.4766562,-0.12844636,-0.19763361,0.5808164,0.6292457,-0.52849555,-0.6162382,22.641632494354685,88.2009514239826,4373.0,Kolkata,9,"{""type"":""MultiPoint"",""coordinates"":[]}",-8.757064785060066,-14.198628446383271,-7.5273226827943756,-13.641004748893398
1_1_1_2_374_0_1_1_1_2_374_0,0.1143,0.1409,0.0782,0.0927,0.0385,0.0572,0.0542,0.0708,0.052,0.0728,0.1586,0.1788,6,6,-0.35667655,-0.33112895,-0.16233052,-0.11854864,0.50617284,0.42130366,-0.4906015,-0.43269232,22.5800978973925,88.43873547968903,4374.0,Kolkata,9,"{""type"":""MultiPoint"",""coordinates"":[]}",-6.307437522719927,-13.140397100617289,-6.2729440970585095,-13.969397772124244
1_1_1_2_375_0_1_1_1_2_375_0,0.1618,0.1694,0.0865,0.0882,0.0311,0.0556,0.0657,0.0822,0.0412,0.0641,0.2796,0.2867,1,1,-0.42241758,-0.34658188,-0.26687813,-0.25718045,0.7431421,0.6345496,-0.61946136,-0.5543508,22.589709870932577,88.27137934225757,4375.0,Kolkata,9,"{""type"":""MultiPoint"",""coordinates"":[]}",-9.406162649753316,-15.124134225220594,-8.57958747758625,-13.955353933863753
1_1_1_2_376_0_1_1_1_2_376_0,0.2085,0.1964,0.1673,0.1498,0.0492,0.0741,0.0742,0.0856,0.0747,0.0812,0.1769,0.1958,6,6,-0.4750619,-0.3929078,0.08199274,0.0015298317,0.40620032,0.4137184,-0.4090004,-0.39161336,22.43573863123449,88.45238987200766,4376.0,Kolkata,9,"{""type"":""MultiPoint"",""coordinates"":[]}",-6.123730459722488,-14.586314530717022,-6.392332787353562,-14.560317649217678
1_1_1_2_377_0_1_1_1_2_377_0,0.1575,0.1877,0.1403,0.1587,0.08,0.1312,0.099,0.1444,0.1184,0.1664,0.1363,0.1871,6,6,-0.22807017,-0.13038242,0.07215793,0.0016008537,0.07027876,0.058557283,-0.15852104,-0.12880845,22.499878342520624,88.35330569616927,4377.0,Kolkata,9,"{""type"":""MultiPoint"",""coordinates"":[]}",-7.231597301768359,-15.329719812697943,-6.574425795011836,-15.526809446013939
1_1_1_2_378_0_1_1_1_2_378_0,0.16625,0.1827,0.1278,0.13155,0.04295,0.05035,0.0652,0.06795,0.06225,0.0664,0.23665,0.2631,6,6,-0.43659538,-0.4578097,-0.17473319,-0.18034993,0.5834727,0.5969651,-0.56799734,-0.58948797,22.69625006362915,88.32357146026492,4378.0,Kolkata,9,"{""type"":""MultiPoint"",""coordinates"":[]}",-5.982106973410589,-13.849158870923794,-5.4384829563552275,-14.17813259837163
1_1_1_2_379_0_1_1_1_2_379_0,0.1314,0.1257,0.0797,0.0685,0.0426,0.0662,0.0583,0.0766,0.0512,0.06,0.2131,0.2122,4,3,-0.38534528,-0.24270885,-0.2371553,-0.2559929,0.61256146,0.55914766,-0.5703758,-0.4695291,22.45702870346812,88.51482278425397,4379.0,Kolkata,9,"{""type"":""MultiPoint"",""coordinates"":[]}",-8.218532193516145,-14.023651227521462,-7.8502240286640586,-14.452930607632473
1_1_1_2_380_0_1_1_1_2_380_0,0.0135,0.0222,0.0107,0.0158,0.0717,0.0906,0.0951,0.1112,0.0759,0.0878,0.0276,0.0436,0,0,0.7513812,0.6671664,-0.34306568,-0.32522798,-0.46666667,-0.33637747,0.55012226,0.4366925,22.521797235453143,88.23939931814292,4380.0,Kolkata,9,"{""type"":""MultiPoint"",""coordinates"":[]}",-21.27940250236442,-26.31887625024786,-20.11570565367194,-26.92966987868214
1_1_1_2_381_0_1_1_1_2_381_0,0.21305,0.2039,0.1441,0.1334,0.04425,0.056,0.06285,0.07835,0.0798,0.08875,0.1947,0.21055,5,1,-0.54440016,-0.44481844,0.045003064,-0.016045362,0.41857922,0.40694955,-0.5119394,-0.4575978,22.656724191127893,88.29311857213327,4381.0,Kolkata,9,"{""type"":""MultiPoint"",""coordinates"":[]}",-9.954815174576066,-15.009329332973268,-8.465941110524097,-14.544659361543971
1_1_1_2_382_0_1_1_1_2_382_0,0.1705,0.19715,0.10325,0.12075,0.03965,0.04615,0.05195,0.06345,0.0483,0.0562,0.1688,0.2132,6,1,-0.53292876,-0.5130468,0.005010315,-0.03911295,0.55504376,0.58277655,-0.5293318,-0.5412977,22.72948772914157,88.40513848806296,4382.0,Kolkata,9,"{""type"":""MultiPoint"",""coordinates"":[]}",-6.340187374853613,-13.627155679645375,-7.02160178435923,-14.05783759192908
1_1_1_2_383_0_1_1_1_2_383_0,0.1683,0.1843,0.096,0.1231,0.0546,0.0564,0.0839,0.0777,0.0714,0.0758,0.2382,0.1916,4,3,-0.33465505,-0.40687022,-0.17195572,-0.01942006,0.5387597,0.4330591,-0.47904378,-0.4229484,22.52592948576009,88.43684901759238,4383.0,Kolkata,9,"{""type"":""MultiPoint"",""coordinates"":[]}",-9.864369854048267,-15.662072714276167,-9.23927012067022,-15.026055591780029
1_1_1_2_384_0_1_1_1_2_384_0,0.0967,0.1372,0.0511,0.0727,0.0384,0.0565,0.0662,0.0756,0.0481,0.0507,0.1948,0.2818,3,1,-0.18723144,-0.28947368,-0.33653516,-0.3451074,0.6039522,0.6950376,-0.4927203,-0.5769446,22.424869016296643,88.37809919801097,4384.0,Kolkata,9,"{""type"":""MultiPoint"",""coordinates"":[]}",-6.327002201036754,-13.646204074933955,-6.6717677197633325,-13.283961551943216
1_1_1_2_385_0_1_1_1_2_385_0,0.1875,0.2134,0.1702,0.1828,0.0585,0.0795,0.0686,0.0901,0.0848,0.0904,0.1334,0.157,6,6,-0.46427175,-0.40626028,0.16858834,0.15226781,0.22273144,0.26919967,-0.32079208,-0.2707406,22.498441038066037,88.30497633388364,4385.0,Kolkata,9,"{""type"":""MultiPoint"",""coordinates"":[]}",-2.537199850521357,-13.429490413016666,-3.62525786121266,-14.248456946157246
1_1_1_2_386_0_1_1_1_2_386_0,0.1724,0.1969,0.1161,0.14485,0.0428,0.08095,0.0754,0.1121,0.07095,0.1042,0.29975,0.33165,6,1,-0.3914447,-0.27443364,-0.2697236,-0.25494277,0.6172107,0.52185386,-0.59802747,-0.49476057,22.675229485980758,88.4181640596827,4386.0,Kolkata,9,"{""type"":""MultiPoint"",""coordinates"":[]}",-6.863822688589073,-13.269634948104187,-6.534051811673638,-13.860272868887419
1_1_1_2_387_0_1_1_1_2_387_0,0.0608,0.0962,0.029,0.0487,0.0355,0.0797,0.0579,0.097,0.0458,0.0742,0.1203,0.1218,3,3,-0.02443134,0.004140787,-0.32854778,-0.11743119,0.44852498,0.24285714,-0.35016835,-0.11334552,22.398728041528766,88.37369745311878,4387.0,Kolkata,9,"{""type"":""MultiPoint"",""coordinates"":[]}",-9.488720997849203,-16.656344322610657,-7.298640600865193,-15.614756011155825
1_1_1_2_388_0_1_1_1_2_388_0,0.0417,0.0568,0.0261,0.032,0.0406,0.0776,0.0672,0.091,0.0506,0.0753,0.0646,0.0877,0,0,0.23415978,0.23139377,-0.21542804,-0.21384083,0.121527776,0.07607362,0.01972686,0.018466704,22.463137247400137,88.4594865627522,4388.0,Kolkata,9,"{""type"":""MultiPoint"",""coordinates"":[]}",-16.321233716891864,-22.13604473074352,-12.287751889162147,-18.867221252583857
1_1_1_2_389_0_1_1_1_2_389_0,0.0543,0.0837,0.0315,0.0474,0.0482,0.0629,0.0704,0.0824,0.0629,0.0669,0.0847,0.1344,3,4,0.12910986,-0.0078266105,-0.21870504,-0.23246217,0.14769648,0.3353204,-0.09219858,-0.2398524,22.390463540914865,88.33228511852087,4389.0,Kolkata,9,"{""type"":""MultiPoint"",""coordinates"":[]}",-8.081589803970875,-14.532369731096576,-7.938047709019299,-16.62650629879373
1_1_1_2_390_0_1_1_1_2_390_0,0.14945,0.18715,0.10025,0.1108,0.0298,0.04805,0.0483,0.0719,0.0421,0.0531,0.1918,0.2571,1,1,-0.5115044,-0.44489482,-0.12410256,-0.15745638,0.6400171,0.6576402,-0.59766763,-0.56291795,22.647202049116228,88.22287031691512,4390.0,Kolkata,9,"{""type"":""MultiPoint"",""coordinates"":[]}",-8.857931450005008,-14.990158470101175,-8.110566578854675,-14.072696344339874
1_1_1_2_391_0_1_1_1_2_391_0,0.2388,0.2371,0.1513,0.1401,0.0451,0.0598,0.0759,0.0956,0.0723,0.0702,0.2496,0.288,1,1,-0.5176358,-0.42530808,-0.022113021,-0.096933916,0.55079216,0.6080402,-0.53364056,-0.50156415,22.46619151936614,88.3662414362606,4391.0,Kolkata,9,"{""type"":""MultiPoint"",""coordinates"":[]}",-10.09359217478185,-16.010797373793395,-9.15595417189576,-15.696761387607932
1_1_1_2_392_0_1_1_1_2_392_0,0.15625,0.1715,0.10705,0.1102,0.0531,0.05445,0.0726,0.0692,0.0714,0.0734,0.18755,0.21785,6,6,-0.36552328,-0.42501038,-0.091041304,-0.119044565,0.44854218,0.49596566,-0.44186047,-0.51785403,22.67729561113423,88.41771490204064,4392.0,Kolkata,9,"{""type"":""MultiPoint"",""coordinates"":[]}",-7.820445906985231,-14.845883486569086,-7.347661289141838,-14.06402644329794
1_1_1_2_393_0_1_1_1_2_393_0,0.169,0.19395,0.10745,0.10775,0.0429,0.05555,0.06825,0.085,0.0558,0.0712,0.2909,0.3044,4,1,-0.42465752,-0.39057177,-0.26505762,-0.22163138,0.67810786,0.6208733,-0.619936,-0.5634309,22.707838330794296,88.27003186933139,4393.0,Kolkata,9,"{""type"":""MultiPoint"",""coordinates"":[]}",-9.73600778693335,-15.38085409071499,-8.411741795426735,-14.399869792001027
1_1_1_2_394_0_1_1_1_2_394_0,0.267,0.2701,0.1815,0.1739,0.0531,0.0808,0.0784,0.101,0.1132,0.1088,0.251,0.2479,2,2,-0.54603356,-0.45567232,0.03088803,0.042857144,0.37836355,0.38996357,-0.523983,-0.42103755,22.38597196449427,88.30219155650286,4394.0,Kolkata,9,"{""type"":""MultiPoint"",""coordinates"":[]}",-9.405671370603752,-14.597072223047196,-9.161345375748555,-14.87676506382656
1_1_1_2_395_0_1_1_1_2_395_0,0.0399,0.049,0.0291,0.0302,0.0446,0.0372,0.0502,0.0427,0.0504,0.0465,0.0584,0.0888,0,0,0.114317425,-0.06870229,-0.18819939,-0.28882438,0.073529415,0.31263858,-0.07550645,-0.35057035,22.57425884804572,88.39741297661953,4395.0,Kolkata,9,"{""type"":""MultiPoint"",""coordinates"":[]}",-6.378042985514284,-11.872662903835895,-3.4137998620283074,-9.452201130738558
1_1_1_2_396_0_1_1_1_2_396_0,0.2535,0.229,0.2189,0.191,0.0818,0.0628,0.1094,0.086,0.1254,0.0845,0.2078,0.1964,6,7,-0.39707908,-0.45396826,0.09906785,0.07663376,0.24729893,0.3983624,-0.31021437,-0.39093485,22.57192322830701,88.50871424032195,4396.0,Kolkata,9,"{""type"":""MultiPoint"",""coordinates"":[]}",-7.174166483896665,-16.647251512710366,-7.268208977108237,-15.3049895984055
1_1_1_2_397_0_1_1_1_2_397_0,0.2077,0.2202,0.1291,0.1379,0.0468,0.0626,0.0638,0.0817,0.0697,0.0864,0.2104,0.2555,4,4,-0.5300184,-0.4587612,-0.006457785,-0.074206434,0.5023206,0.49458906,-0.5346463,-0.5154211,22.4139994013588,88.32375112332174,4397.0,Kolkata,9,"{""type"":""MultiPoint"",""coordinates"":[]}",-9.687258870495857,-14.180697754623456,-9.328238968864905,-15.03673858188197
1_1_1_2_398_0_1_1_1_2_398_0,0.1464,0.1739,0.11285,0.1203,0.0399,0.0529,0.0531,0.07345,0.0619,0.0768,0.10975,0.1884,6,6,-0.46766916,-0.4061047,0.14308022,-0.040022083,0.27876493,0.42081448,-0.34786615,-0.43899179,22.631032374002075,88.35025142420326,4398.0,Kolkata,9,"{""type"":""MultiPoint"",""coordinates"":[]}",-3.352826725688093,-10.494433453060939,-4.303737782599352,-12.856600439081895
1_1_1_2_399_0_1_1_1_2_399_0,0.1459,0.1736,0.1069,0.12,0.0432,0.0586,0.0676,0.0853,0.0506,0.0666,0.2196,0.283,6,6,-0.36674473,-0.3410583,-0.20164159,-0.23959702,0.6254626,0.61899316,-0.52924794,-0.53679067,22.507154696321997,88.24901129168299,4399.0,Kolkata,9,"{""type"":""MultiPoint"",""coordinates"":[]}",-7.389939352618495,-14.04032595475468,-5.350886560932766,-14.820741858654525
1_1_1_2_400_0_1_1_1_2_400_0,0.152,0.1628,0.0877,0.0882,0.0225,0.0665,0.043,0.079,0.0431,0.0634,0.1727,0.1979,1,1,-0.5589744,-0.34656742,-0.06375115,-0.09731078,0.6005561,0.514734,-0.6012981,-0.4293969,22.374114202743893,88.30776111126441,4400.0,Kolkata,9,"{""type"":""MultiPoint"",""coordinates"":[]}",-8.834729305380561,-13.878610026115044,-8.649910972198782,-14.026417463813818
1_1_1_2_401_0_1_1_1_2_401_0,0.088,0.1052,0.0456,0.0588,0.0338,0.0732,0.0568,0.086,0.0464,0.0738,0.21,0.1644,3,3,-0.21546961,-0.10041841,-0.40939596,-0.21958457,0.6380655,0.38035265,-0.5742129,-0.31309903,22.396482253318467,88.34890395127708,4401.0,Kolkata,9,"{""type"":""MultiPoint"",""coordinates"":[]}",-8.951732389093388,-16.35637412970933,-9.840833453246287,-17.446462039741217
1_1_1_2_402_0_1_1_1_2_402_0,0.15315,0.1529,0.11445,0.10365,0.04315,0.05895,0.06215,0.0742,0.0723,0.0727,0.14715,0.1721,6,0,-0.42266604,-0.34654337,0.01998002,-0.059076924,0.34107998,0.40604576,-0.40611562,-0.39748275,22.6394765376728,88.38187212220427,4402.0,Kolkata,9,"{""type"":""MultiPoint"",""coordinates"":[]}",-6.368237466893875,-13.188552908900629,-6.323268758314374,-12.760964575732707
1_1_1_2_403_0_1_1_1_2_403_0,0.1207,0.1322,0.08355,0.0964,0.0357,0.0569,0.059,0.07755,0.05605,0.07375,0.1725,0.21385,0,0,-0.34335002,-0.26054826,-0.1766712,-0.23594856,0.50951654,0.4871349,-0.49028078,-0.46774194,22.63660192876361,88.38250094290315,4403.0,Kolkata,9,"{""type"":""MultiPoint"",""coordinates"":[]}",-6.9228485771582635,-14.325658631927698,-7.749796099620264,-15.106886091942346
1_1_1_2_404_0_1_1_1_2_404_0,0.1812,0.1873,0.13275,0.13055,0.04425,0.0429,0.0616,0.0649,0.07795,0.07795,0.16145,0.202,1,1,-0.4925865,-0.4853291,0.05763899,-0.037760083,0.34878865,0.44311485,-0.44765747,-0.5136755,22.696070400572328,88.30551532305411,4404.0,Kolkata,9,"{""type"":""MultiPoint"",""coordinates"":[]}",-8.172098087740808,-12.829429847541803,-7.213275949615561,-14.290879142666608
1_1_1_2_405_0_1_1_1_2_405_0,0.1503,0.1504,0.14075,0.13265,0.0549,0.0572,0.0698,0.06835,0.082,0.0796,0.11435,0.11085,6,7,-0.36574283,-0.3750857,0.13583979,0.15138756,0.1647568,0.16408506,-0.24192235,-0.23716518,22.653490256105066,88.34647850000997,4405.0,Kolkata,9,"{""type"":""MultiPoint"",""coordinates"":[]}",-7.667044856951636,-15.279913780087794,-6.742804088832099,-15.71766402143232
1_1_1_2_406_0_1_1_1_2_406_0,0.13265,0.135,0.10735,0.1,0.0549,0.0627,0.07305,0.0756,0.0814,0.0892,0.16485,0.1626,6,7,-0.28974235,-0.2820513,-0.10823529,-0.09274194,0.33888325,0.2915012,-0.38587642,-0.3652393,22.61288640526286,88.33506989590164,4406.0,Kolkata,9,"{""type"":""MultiPoint"",""coordinates"":[]}",-5.977869875339461,-14.338818280634186,-5.4690033957808595,-14.618568963635152
1_1_1_2_407_0_1_1_1_2_407_0,0.1478,0.166,0.1283,0.1401,0.0476,0.0785,0.0646,0.0771,0.0694,0.0852,0.097,0.125,6,6,-0.39171374,-0.36569312,0.20751634,0.14089347,0.16586539,0.18934348,-0.20049505,-0.23701139,22.527995610913564,88.36992452892548,4407.0,Kolkata,9,"{""type"":""MultiPoint"",""coordinates"":[]}",-5.565078334281843,-13.343482481105022,-5.418556390223876,-14.033495069512579
1_1_1_2_408_0_1_1_1_2_408_0,0.01355,0.0183,0.0133,0.0142,0.0688,0.0704,0.09955,0.0943,0.0781,0.07385,0.0348,0.03735,0,0,0.76038903,0.6749556,-0.4395036,-0.34231806,-0.38352525,-0.3282374,0.48195013,0.4325864,22.70532304799876,88.36444480569236,4408.0,Kolkata,9,"{""type"":""MultiPoint"",""coordinates"":[]}",-19.706580531241052,-28.17713848650901,-20.21465478198712,-28.440631813640938
1_1_1_2_409_0_1_1_1_2_409_0,0.1781,0.17085,0.15345,0.1388,0.07765,0.0671,0.0928,0.0861,0.1073,0.09155,0.1625,0.15625,6,6,-0.31487635,-0.3298307,0.045801528,0.04463467,0.204596,0.26109767,-0.27301213,-0.2894574,22.73200301193711,88.40891141225627,4409.0,Kolkata,9,"{""type"":""MultiPoint"",""coordinates"":[]}",-5.5744983788902065,-13.3958309350614,-5.349617728082238,-14.466553678445035
1_1_1_2_410_0_1_1_1_2_410_0,0.1869,0.2276,0.1099,0.167,0.0354,0.0814,0.069,0.101,0.0704,0.099,0.3002,0.2093,1,5,-0.46072686,-0.38527083,-0.2326011,0.041886017,0.6200755,0.35776842,-0.62621886,-0.34901708,22.44867437132581,88.2663487766665,4410.0,Kolkata,9,"{""type"":""MultiPoint"",""coordinates"":[]}",-10.890913971947505,-14.913972584113676,-9.400750547836498,-14.44454189583491
1_1_1_2_411_0_1_1_1_2_411_0,0.21425,0.19725,0.1337,0.11475,0.02845,0.0556,0.0607,0.0829,0.0486,0.06825,0.267,0.27315,4,1,-0.5584652,-0.4081742,-0.109610386,-0.16135204,0.69201523,0.60017574,-0.6295392,-0.5343351,22.6860991009186,88.22080419176164,4411.0,Kolkata,9,"{""type"":""MultiPoint"",""coordinates"":[]}",-8.480168789983182,-13.701082167466872,-7.984034317074858,-13.846266435759214
1_1_1_2_412_0_1_1_1_2_412_0,0.1331,0.1419,0.1166,0.1153,0.0582,0.0792,0.0728,0.0924,0.0825,0.0917,0.1192,0.1382,6,6,-0.2928606,-0.2112676,0.055093143,0.013209568,0.1819534,0.20226185,-0.24166666,-0.19861232,22.516766669862072,88.33830383092447,4412.0,Kolkata,9,"{""type"":""MultiPoint"",""coordinates"":[]}",0.5011795683290956,-12.267827780294926,-4.217762682720072,-13.050977887161178
1_1_1_2_413_0_1_1_1_2_413_0,0.2311,0.2174,0.1553,0.1634,0.0404,0.0814,0.07,0.0972,0.0776,0.1014,0.2425,0.1848,3,5,-0.5350382,-0.38207248,-0.024070946,0.0810542,0.5151515,0.2914046,-0.552,-0.3106383,22.358303853743383,88.39364005242624,4413.0,Kolkata,9,"{""type"":""MultiPoint"",""coordinates"":[]}",-8.415653844950207,-13.898314545845775,-5.13469777390599,-13.313024456051735
1_1_1_2_414_0_1_1_1_2_414_0,0.1814,0.2235,0.1526,0.1925,0.0656,0.1078,0.0867,0.1102,0.1004,0.1166,0.1476,0.195,6,6,-0.3532264,-0.33952653,0.102735564,0.068100356,0.19032258,0.25160462,-0.2599232,-0.2778506,22.46241859517284,88.31431881283848,4414.0,Kolkata,9,"{""type"":""MultiPoint"",""coordinates"":[]}",-5.911050532937235,-13.990734065091733,-4.803076278363479,-14.603376718042828
1_1_1_2_415_0_1_1_1_2_415_0,0.0762,0.0849,0.0494,0.0518,0.0406,0.0706,0.065,0.0782,0.059,0.0632,0.095,0.1238,0,0,-0.07932011,-0.041079093,-0.10981309,-0.18639195,0.23376623,0.32406417,-0.1875,-0.22574258,22.4117536131485,88.30641363833823,4415.0,Kolkata,9,"{""type"":""MultiPoint"",""coordinates"":[]}",-11.089500648209288,-17.421438624672618,-9.915726924544305,-16.721088764764296
1_1_1_2_416_0_1_1_1_2_416_0,0.1527,0.1673,0.1255,0.1386,0.0534,0.0524,0.0642,0.065,0.071,0.0672,0.1162,0.1324,6,6,-0.40802214,-0.44037881,0.1357382,0.11644978,0.24145299,0.3266533,-0.28824833,-0.3414387,22.536619437641114,88.28153030496811,4416.0,Kolkata,9,"{""type"":""MultiPoint"",""coordinates"":[]}",9.821007649435298,-10.621918470145282,9.263149977087004,-11.31299998541358
1_1_1_2_417_0_1_1_1_2_417_0,0.1657,0.1748,0.1118,0.1097,0.039,0.0646,0.0614,0.0804,0.0616,0.0712,0.2271,0.2495,4,4,-0.45926905,-0.36990595,-0.15631364,-0.17605467,0.5732594,0.5559713,-0.57435006,-0.51257956,22.36773616422664,88.36588211014694,4417.0,Kolkata,9,"{""type"":""MultiPoint"",""coordinates"":[]}",-6.1859343395232465,-13.951196804334996,-4.089635787571935,-13.728394795440945
1_1_1_2_418_0_1_1_1_2_418_0,0.1607,0.1751,0.0918,0.0887,0.0327,0.0543,0.0584,0.0746,0.0453,0.0508,0.2455,0.2786,1,1,-0.4669101,-0.402483,-0.20876415,-0.2281243,0.6884457,0.6915604,-0.61566305,-0.57757646,22.40312978642095,88.22403812678446,4418.0,Kolkata,9,"{""type"":""MultiPoint"",""coordinates"":[]}",-7.232211717814298,-13.683019286428218,-6.803485209777601,-12.827406908824031
1_1_1_2_419_0_1_1_1_2_419_0,0.1285,0.18195,0.08035,0.11235,0.02085,0.05485,0.04045,0.0866,0.04455,0.08395,0.1575,0.2296,1,6,-0.5211601,-0.35505491,-0.1013986,-0.1157818,0.55902004,0.4645192,-0.5913109,-0.4522454,22.706131531754465,88.30587464916776,4419.0,Kolkata,9,"{""type"":""MultiPoint"",""coordinates"":[]}",-11.992148762715138,-16.394561523310895,-7.561114385561219,-14.580971615031196
1_1_1_2_420_0_1_1_1_2_420_0,0.1401,0.1742,0.0829,0.0951,0.02685,0.0352,0.0545,0.06255,0.04625,0.04505,0.227,0.27,4,1,-0.43987668,-0.4715945,-0.23672023,-0.21566862,0.66148216,0.71401364,-0.6127886,-0.62381595,22.654478402917597,88.46119336179203,4420.0,Kolkata,9,"{""type"":""MultiPoint"",""coordinates"":[]}",-8.726236310489206,-14.090932657317389,-8.189710065392653,-13.413206363080604
1_1_1_2_421_0_1_1_1_2_421_0,0.207,0.2019,0.16075,0.14795,0.05805,0.0574,0.08535,0.0885,0.0896,0.08905,0.20365,0.2639,4,4,-0.4161108,-0.39049587,0.008157799,-0.13310434,0.3889173,0.49539596,-0.40934256,-0.49772984,22.73811155586912,88.44870677934276,4421.0,Kolkata,9,"{""type"":""MultiPoint"",""coordinates"":[]}",-8.400448416695781,-15.403868766071234,-8.853425565422974,-15.036765124123782
1_1_1_2_422_0_1_1_1_2_422_0,0.1955,0.20245,0.1463,0.14165,0.0501,0.0546,0.07515,0.0764,0.0888,0.08425,0.1783,0.18675,4,4,-0.44467023,-0.45203516,0.04601391,0.040339157,0.3350805,0.37822878,-0.4069836,-0.41934258,22.66489886021338,88.26715726042221,4422.0,Kolkata,9,"{""type"":""MultiPoint"",""coordinates"":[]}",-9.948191128269087,-16.83293511921689,-8.94066153781364,-15.609105824889387
1_1_1_2_423_0_1_1_1_2_423_0,0.1011,0.1593,0.0574,0.0879,0.0312,0.0569,0.0476,0.0717,0.0392,0.0602,0.182,0.2448,4,1,-0.3597848,-0.37922078,-0.28576475,-0.21158129,0.6455696,0.6052459,-0.58536583,-0.5469194,22.416424852625923,88.33318343380499,4423.0,Kolkata,9,"{""type"":""MultiPoint"",""coordinates"":[]}",-9.250927497801662,-15.082874992412323,-7.275092387841868,-13.503590062204701
1_1_1_2_424_0_1_1_1_2_424_0,0.1836,0.1736,0.1383,0.1287,0.0601,0.0786,0.086,0.0916,0.0874,0.0884,0.2039,0.2075,6,6,-0.3620178,-0.3092006,-0.052387096,-0.08895303,0.39993134,0.40250084,-0.40669197,-0.38749582,22.47894759640064,88.41385214631893,4424.0,Kolkata,9,"{""type"":""MultiPoint"",""coordinates"":[]}",-3.9610342494444692,-13.695643946507428,-3.403612508450129,-13.246575530085178
1_1_1_2_425_0_1_1_1_2_425_0,0.1536,0.1739,0.1028,0.1165,0.0315,0.0623,0.0508,0.075,0.0458,0.0683,0.2291,0.2166,6,6,-0.5029354,-0.39734834,-0.19728246,-0.10934699,0.6667879,0.5205335,-0.6370132,-0.48559672,22.41229260231897,88.41259450492116,4425.0,Kolkata,9,"{""type"":""MultiPoint"",""coordinates"":[]}",-5.927977116530237,-13.853846763875822,-6.154742526334055,-13.774521946688296
1_1_1_2_426_0_1_1_1_2_426_0,0.14435,0.14585,0.0869,0.0846,0.01785,0.02915,0.04035,0.044,0.0335,0.0354,0.18825,0.20215,1,1,-0.56307524,-0.5364762,-0.13199037,-0.16178161,0.697858,0.70195746,-0.64698166,-0.64249444,22.658969979338192,88.47565623786635,4426.0,Kolkata,9,"{""type"":""MultiPoint"",""coordinates"":[]}",-7.2603004727354,-13.894752659197554,-6.651642371355758,-14.139512695710012
1_1_1_2_427_0_1_1_1_2_427_0,0.2031,0.1804,0.1273,0.0956,0.0396,0.0501,0.0709,0.0805,0.0672,0.0692,0.2872,0.3078,4,1,-0.48248175,-0.38290533,-0.17152764,-0.2609586,0.6207675,0.63289124,-0.60402125,-0.58537215,22.57102491302289,88.52955515491352,4427.0,Kolkata,9,"{""type"":""MultiPoint"",""coordinates"":[]}",-9.710922813581194,-15.666489664754414,-10.150704500294296,-15.891657275653497
1_1_1_2_428_0_1_1_1_2_428_0,0.1575,0.1922,0.1113,0.1088,0.0566,0.05,0.0826,0.0758,0.0867,0.0723,0.1727,0.2548,3,3,-0.31195337,-0.43432835,-0.04603271,-0.14004475,0.3315343,0.55793333,-0.35291815,-0.54143983,22.51380222942448,88.45104239908147,4428.0,Kolkata,9,"{""type"":""MultiPoint"",""coordinates"":[]}",-18.151520886104933,-24.730884551847705,-8.841746062332584,-15.943702284049062
1_1_1_2_429_0_1_1_1_2_429_0,0.125,0.1483,0.0658,0.0826,0.0219,0.0634,0.0449,0.0736,0.0342,0.0623,0.2242,0.2254,1,1,-0.4714538,-0.33663812,-0.28407788,-0.20631522,0.7352941,0.56690997,-0.66629505,-0.50769234,22.38722960589204,88.48365124389501,4429.0,Kolkata,9,"{""type"":""MultiPoint"",""coordinates"":[]}",-6.740817683494642,-13.283029249753598,-6.712819154836959,-13.030059714123706
1_1_1_2_430_0_1_1_1_2_430_0,0.02045,0.0285,0.0159,0.01855,0.07205,0.08715,0.0994,0.1073,0.07405,0.0801,0.0454,0.05745,0,0,0.6587401,0.5802651,-0.3788914,-0.33682373,-0.23984931,-0.1646674,0.37292817,0.30257967,22.67810409488994,88.35492266368068,4430.0,Kolkata,9,"{""type"":""MultiPoint"",""coordinates"":[]}",-20.236300764072706,-25.63063545203091,-19.853450074612255,-28.199803734163687
1_1_1_2_431_0_1_1_1_2_431_0,0.1822,0.2152,0.1584,0.1905,0.0703,0.0922,0.0826,0.0883,0.0925,0.104,0.13,0.1387,6,6,-0.37613294,-0.4181219,0.1672005,0.21616276,0.16853933,0.14297487,-0.2229539,-0.22202644,22.49098502120784,88.3662414362606,4431.0,Kolkata,9,"{""type"":""MultiPoint"",""coordinates"":[]}",-1.6830109894340495,-12.188791909404536,1.4010098412691567,-12.32114957227502
1_1_1_2_432_0_1_1_1_2_432_0,0.1736,0.245,0.1627,0.2374,0.0648,0.1001,0.0916,0.0996,0.1122,0.117,0.1666,0.2047,6,6,-0.3092006,-0.42193848,0.020576132,0.0896153,0.19512194,0.27261424,-0.2904725,-0.34538284,22.591147175387167,88.3558209789648,4432.0,Kolkata,9,"{""type"":""MultiPoint"",""coordinates"":[]}",-4.91631693227829,-13.128137558186612,3.3637745309856326,-7.913432849894956
1_1_1_2_433_0_1_1_1_2_433_0,0.1572,0.1614,0.0965,0.087,0.0397,0.0516,0.0616,0.0868,0.0582,0.0646,0.2497,0.372,1,1,-0.4369287,-0.30056405,-0.22732858,-0.39482564,0.62195516,0.70407695,-0.6042403,-0.6216216,22.465652530195676,88.27964384287147,4433.0,Kolkata,9,"{""type"":""MultiPoint"",""coordinates"":[]}",-9.691010496510067,-14.871913347416946,-9.2874838357315,-13.543830692467608
1_1_1_2_434_0_1_1_1_2_434_0,0.0557,0.0523,0.0379,0.0336,0.0467,0.0641,0.0686,0.0788,0.0542,0.0617,0.0735,0.0926,0,0,0.10378117,0.20213577,-0.13777089,-0.27812284,0.15113547,0.20025924,-0.03448276,-0.08051342,22.456579545826063,88.49991075053758,4434.0,Kolkata,9,"{""type"":""MultiPoint"",""coordinates"":[]}",-13.809058799775613,-19.313986512009045,-13.605126899807535,-20.14479317956806
1_1_1_2_435_0_1_1_1_2_435_0,0.2168,0.2299,0.1372,0.1572,0.0448,0.0623,0.0668,0.0912,0.0913,0.1036,0.2429,0.2272,1,1,-0.528914,-0.43195266,-0.05677616,0.0059068035,0.45362058,0.37363967,-0.5686148,-0.42713568,22.41696384179639,88.25386219421723,4435.0,Kolkata,9,"{""type"":""MultiPoint"",""coordinates"":[]}",-11.567262375711053,-15.527397797784275,-11.334581772587379,-15.178934009697375
1_1_1_2_436_0_1_1_1_2_436_0,0.1644,0.1763,0.10245,0.1088,0.03215,0.03955,0.0665,0.0696,0.04915,0.05535,0.29665,0.31405,6,1,-0.42399308,-0.43391624,-0.28684524,-0.2809218,0.7157316,0.70032483,-0.63376015,-0.6371693,22.661485262133727,88.5497672488062,4436.0,Kolkata,9,"{""type"":""MultiPoint"",""coordinates"":[]}",-8.949196847605073,-15.236728426410728,-7.985446857491166,-15.472876875666557
1_1_1_2_437_0_1_1_1_2_437_0,0.1109,0.1157,0.0629,0.068,0.0378,0.0616,0.069,0.0843,0.0572,0.079,0.3196,0.269,0,0,-0.23290718,-0.157,-0.48478514,-0.39849234,0.6963906,0.545977,-0.64487904,-0.5227852,22.55108231371544,88.44286772999598,4437.0,Kolkata,9,"{""type"":""MultiPoint"",""coordinates"":[]}",-9.399952824652651,-15.573944705827817,-8.523273044249656,-16.995127275662462
1_1_1_2_438_0_1_1_1_2_438_0,0.13185,0.17455,0.07365,0.127,0.0302,0.08075,0.0537,0.0898,0.0423,0.1007,0.21335,0.19635,1,6,-0.42118028,-0.32059768,-0.23609501,-0.05877595,0.6690788,0.32199967,-0.59782815,-0.37235716,22.65007665802541,88.26832507029157,4438.0,Kolkata,9,"{""type"":""MultiPoint"",""coordinates"":[]}",-7.394969744275321,-13.65547445732006,-7.605275353321808,-14.803999658123283
1_1_1_2_439_0_1_1_1_2_439_0,0.1844,0.2536,0.1066,0.1598,0.0381,0.074,0.068,0.0985,0.068,0.1122,0.2613,0.2646,1,1,-0.46117273,-0.44049987,-0.17253758,-0.021227326,0.58700275,0.4044586,-0.58700275,-0.45744973,22.383277018641916,88.20292771760766,4439.0,Kolkata,9,"{""type"":""MultiPoint"",""coordinates"":[]}",-9.900975197420053,-14.917559888426641,-9.113806146393683,-14.803790018048993
1_1_1_2_440_0_1_1_1_2_440_0,0.2424,0.1893,0.1912,0.1099,0.0808,0.0458,0.1154,0.0749,0.122,0.061,0.244,0.3132,4,4,-0.3549469,-0.4330053,-0.0032894737,-0.24656716,0.33333334,0.6739711,-0.35781857,-0.614017,22.52853460008404,88.54617398766973,4440.0,Kolkata,9,"{""type"":""MultiPoint"",""coordinates"":[]}",-7.614622949746303,-15.190960521337896,-7.56309826320238,-15.098947896429284
1_1_1_2_441_0_1_1_1_2_441_0,0.1845,0.2232,0.1725,0.1996,0.068,0.1112,0.0711,0.1058,0.0782,0.11,0.1312,0.1788,6,6,-0.44366196,-0.3568389,0.16883117,0.110447764,0.25310412,0.23822714,-0.29708353,-0.25650036,22.47858827028699,88.37423644228926,4441.0,Kolkata,9,"{""type"":""MultiPoint"",""coordinates"":[]}",-6.386287357197997,-13.742732988451783,-6.273180580953591,-13.783778940621676
1_1_1_2_442_0_1_1_1_2_442_0,0.2078,0.2044,0.1386,0.1366,0.0613,0.0511,0.0888,0.0696,0.0859,0.0716,0.2742,0.2497,4,4,-0.40121377,-0.4919708,-0.13775934,-0.09975776,0.5229103,0.5543106,-0.5107438,-0.5640463,22.74853201316491,88.41250467339275,4442.0,Kolkata,9,"{""type"":""MultiPoint"",""coordinates"":[]}",-10.512640281450675,-16.884491488490426,-9.916824030096064,-15.925337895581855
1_1_1_2_443_0_1_1_1_2_443_0,0.1166,0.1154,0.0696,0.0706,0.0296,0.0497,0.0548,0.0636,0.0392,0.048,0.1843,0.1412,1,1,-0.3605601,-0.28938547,-0.2249917,-0.10054559,0.649217,0.4926004,-0.5416144,-0.37890625,22.398099220829884,88.223499137614,4443.0,Kolkata,9,"{""type"":""MultiPoint"",""coordinates"":[]}",-7.937946378255763,-14.861254028223458,-7.68371022812805,-14.760446732876567
1_1_1_2_444_0_1_1_1_2_444_0,0.0683,0.0839,0.0536,0.0508,0.0292,0.0451,0.0445,0.0604,0.0489,0.0568,0.0712,0.119,6,6,-0.2109929,-0.16285516,-0.02078853,-0.17299162,0.1856786,0.35381114,-0.23076923,-0.32664436,22.54416528602772,88.36094137608428,4444.0,Kolkata,9,"{""type"":""MultiPoint"",""coordinates"":[]}",-5.857407274901624,-12.981350684087452,-4.595615291702993,-12.33430014539519
1_1_1_2_445_0_1_1_1_2_445_0,0.1851,0.1909,0.1695,0.1637,0.0563,0.1144,0.0688,0.1352,0.0884,0.1384,0.1385,0.1949,6,6,-0.45805436,-0.1708065,0.14400494,-0.010368066,0.22080211,0.16951695,-0.3362277,-0.18085429,22.429540255774064,88.30300004025858,4445.0,Kolkata,9,"{""type"":""MultiPoint"",""coordinates"":[]}",-7.044568548174617,-13.610056324141876,-7.222379231550258,-14.956222316699192
1_1_1_2_446_0_1_1_1_2_446_0,0.1665,0.17545,0.1321,0.1289,0.0695,0.0633,0.09835,0.0723,0.102,0.0772,0.1749,0.17795,6,6,-0.25731546,-0.41634712,-0.02460457,-0.0070741368,0.26327193,0.39486575,-0.2801464,-0.42217782,22.63803923321821,88.47367994424128,4446.0,Kolkata,9,"{""type"":""MultiPoint"",""coordinates"":[]}",-3.319124464739035,-15.22690531532844,-2.7951102958149345,-15.59137446207042
1_1_1_2_447_0_1_1_1_2_447_0,0.18095,0.19945,0.1576,0.16355,0.0718,0.0924,0.0911,0.1047,0.1073,0.116,0.1539,0.1784,6,6,-0.33027017,-0.3115239,0.08078244,0.05570994,0.17840736,0.21195652,-0.25632653,-0.26033205,22.64001552684327,88.22170250704576,4447.0,Kolkata,9,"{""type"":""MultiPoint"",""coordinates"":[]}",-7.806875184135713,-12.280440647042457,-8.00005108021361,-14.502652229160304
1_1_1_2_448_0_1_1_1_2_448_0,0.225,0.21285,0.1671,0.1503,0.0731,0.04685,0.1011,0.0712,0.1172,0.07815,0.23965,0.2101,1,1,-0.3799448,-0.49867982,-0.031529106,0.006501951,0.34314138,0.45776236,-0.40660307,-0.49377888,22.64908851121288,88.4715239875594,4448.0,Kolkata,9,"{""type"":""MultiPoint"",""coordinates"":[]}",-10.637626833991474,-17.386273134118323,-11.085643108927599,-16.96217703503234
1_1_1_2_449_0_1_1_1_2_449_0,0.1629,0.1649,0.1184,0.1339,0.0516,0.0868,0.0737,0.1088,0.0825,0.1132,0.2218,0.21,6,6,-0.3770076,-0.20496894,-0.15310632,-0.12029874,0.45777193,0.29950494,-0.5011844,-0.3174404,22.46520337255361,88.34207675511777,4449.0,Kolkata,9,"{""type"":""MultiPoint"",""coordinates"":[]}",-8.480183371414734,-14.809475405289108,-7.247738562759649,-15.773763801532187
1_1_1_2_450_0_1_1_1_2_450_0,0.13525,0.14195,0.1199,0.11555,0.0547,0.0524,0.0729,0.06955,0.08455,0.0808,0.1094,0.1033,6,6,-0.2995436,-0.34231678,0.10566115,0.1575943,0.1281258,0.12221619,-0.20021942,-0.19525601,22.645046092434335,88.45589330161572,4450.0,Kolkata,9,"{""type"":""MultiPoint"",""coordinates"":[]}",-15.068395233910021,-21.367479848512644,-12.283242630512103,-22.553251552369797
1_1_1_2_451_0_1_1_1_2_451_0,0.0365,0.0751,0.0221,0.0462,0.0389,0.0608,0.0616,0.0868,0.0464,0.0592,0.0532,0.1828,0,0,0.25586137,0.07226683,-0.18617614,-0.41760373,0.06827309,0.5107438,0.07317073,-0.3560831,22.535361796243347,88.47996815123012,4451.0,Kolkata,9,"{""type"":""MultiPoint"",""coordinates"":[]}",-17.283922328590556,-23.03275046876229,-16.40146626297837,-24.32944678667338
1_1_1_2_452_0_1_1_1_2_452_0,0.1941,0.1723,0.1197,0.0977,0.0284,0.0662,0.0492,0.0782,0.0518,0.0646,0.18,0.2204,1,1,-0.595561,-0.3756487,0.037690457,-0.122485355,0.553063,0.5466667,-0.5706806,-0.47622237,22.35435126649326,88.45544414397366,4452.0,Kolkata,9,"{""type"":""MultiPoint"",""coordinates"":[]}",-10.090757529700129,-15.591479049549285,-7.006383265749984,-13.605662388405506
1_1_1_2_453_0_1_1_1_2_453_0,0.1358,0.1746,0.0835,0.12,0.0251,0.0548,0.0419,0.0688,0.0374,0.0498,0.1768,0.2086,1,1,-0.52841866,-0.43467543,-0.13115802,-0.08872651,0.6507937,0.61455107,-0.6168267,-0.5039654,22.37824645305084,88.25880292827989,4453.0,Kolkata,9,"{""type"":""MultiPoint"",""coordinates"":[]}",-7.57806730994366,-14.717204935626249,-6.815068302765807,-14.196149433805058
1_1_1_2_454_0_1_1_1_2_454_0,0.1823,0.2312,0.11,0.1433,0.0439,0.078,0.075,0.0974,0.0774,0.094,0.2221,0.242,5,4,-0.41702294,-0.40718198,-0.09841741,-0.02282333,0.48313856,0.44047618,-0.49511948,-0.42604595,22.41364007524515,88.4843698961223,4454.0,Kolkata,9,"{""type"":""MultiPoint"",""coordinates"":[]}",-11.170357361622408,-17.292623416310008,-10.04680474291383,-16.38080785614565
1_1_1_2_455_0_1_1_1_2_455_0,0.1871,0.2158,0.1192,0.1884,0.029,0.0839,0.0542,0.1056,0.0578,0.1078,0.2076,0.208,4,6,-0.5507667,-0.3428749,-0.05193818,0.018404908,0.5644311,0.3172894,-0.58594346,-0.3265306,22.424599521711407,88.26383349387096,4455.0,Kolkata,9,"{""type"":""MultiPoint"",""coordinates"":[]}",-9.904989090238656,-14.895031754683874,-7.847316346207921,-14.014469433863198
1_1_1_2_456_0_1_1_1_2_456_0,0.0315,0.0839,0.0232,0.0465,0.036,0.0701,0.0555,0.0856,0.0469,0.0682,0.0741,0.204,3,3,0.27586207,0.0100294985,-0.4034091,-0.41715872,0.22479339,0.49889788,-0.14351852,-0.4088398,22.380312578204315,88.33542922201529,4456.0,Kolkata,9,"{""type"":""MultiPoint"",""coordinates"":[]}",-11.3558353909524,-19.41469698276045,-8.783329721165224,-15.646304903647843
1_1_1_2_457_0_1_1_1_2_457_0,0.16965,0.19005,0.1411,0.16075,0.0533,0.04975,0.0725,0.06855,0.0757,0.06945,0.1491,0.14535,6,6,-0.4011976,-0.46983758,0.06447059,0.1332737,0.32651246,0.35335195,-0.34566787,-0.35904628,22.714306200839957,88.50565996835594,4457.0,Kolkata,9,"{""type"":""MultiPoint"",""coordinates"":[]}",-8.369460359932955,-14.255469248574144,-6.5247775091495015,-15.307028732132771
1_1_1_2_458_0_1_1_1_2_458_0,0.173,0.1907,0.1034,0.1164,0.0344,0.0547,0.0596,0.0778,0.054,0.0675,0.248,0.2187,4,1,-0.48753226,-0.4204842,-0.17814727,-0.06839277,0.6423841,0.5283019,-0.61248374,-0.4752108,22.44292515350745,88.25305371046153,4458.0,Kolkata,9,"{""type"":""MultiPoint"",""coordinates"":[]}",-7.137982758145328,-13.203961800372685,-6.545008451461795,-13.360534514753398
1_1_1_2_459_0_1_1_1_2_459_0,0.222,0.2713,0.2092,0.2474,0.0717,0.0938,0.0844,0.1088,0.0908,0.1058,0.1648,0.2071,6,6,-0.44908616,-0.42751908,0.14788005,0.13419732,0.28951487,0.3237456,-0.32263243,-0.31117442,22.501225815446805,88.37522458910179,4459.0,Kolkata,9,"{""type"":""MultiPoint"",""coordinates"":[]}",-7.63360563560894,-13.016579193690426,-6.429957149933636,-9.571301530874123
1_1_1_2_460_0_1_1_1_2_460_0,0.1253,0.1566,0.1105,0.1381,0.0565,0.0679,0.0602,0.0734,0.0761,0.0792,0.1149,0.1311,6,6,-0.3509434,-0.36173913,0.043297254,0.08863399,0.20314136,0.2467903,-0.31239292,-0.28215158,22.598693023773773,88.30758144820759,4460.0,Kolkata,9,"{""type"":""MultiPoint"",""coordinates"":[]}",-7.254146728547896,-13.794950359126062,-5.116122169819486,-12.502160034657285
1_1_1_2_461_0_1_1_1_2_461_0,0.1708,0.1993,0.1119,0.1462,0.0479,0.103,0.0703,0.1154,0.067,0.1152,0.221,0.242,1,6,-0.41683948,-0.2666031,-0.12812659,-0.09675957,0.5347222,0.3549832,-0.5173361,-0.35422495,22.59680656167712,88.53269925840794,4461.0,Kolkata,9,"{""type"":""MultiPoint"",""coordinates"":[]}",-5.598095593063704,-13.835040834362854,-3.502734784479999,-14.793697672457
1_1_1_2_462_0_1_1_1_2_462_0,0.25095,0.256,0.1687,0.16825,0.03975,0.05565,0.06775,0.0783,0.088,0.0981,0.2285,0.2273,4,4,-0.57483524,-0.53155845,0.046824485,0.059383407,0.44391784,0.39704978,-0.542616,-0.48756546,22.708467151493178,88.21092272363633,4462.0,Kolkata,9,"{""type"":""MultiPoint"",""coordinates"":[]}",-11.4394386134577,-15.489323811268559,-10.546160979845961,-15.68189937075316
1_1_1_2_463_0_1_1_1_2_463_0,0.1858,0.20895,0.1376,0.15655,0.04895,0.0601,0.0734,0.09215,0.0817,0.08245,0.2546,0.26945,6,6,-0.43364197,-0.387911,-0.15622161,-0.1264632,0.5141243,0.531401,-0.55243903,-0.4903208,22.71583333682296,88.26778608112109,4463.0,Kolkata,9,"{""type"":""MultiPoint"",""coordinates"":[]}",-8.839568989696222,-14.542163175559908,-8.749752779750144,-14.223477889106734
1_1_1_2_464_0_1_1_1_2_464_0,0.13475,0.16285,0.07015,0.0831,0.0231,0.0283,0.04375,0.0493,0.03275,0.03795,0.198,0.2728,1,1,-0.50980395,-0.5352345,-0.19008264,-0.2523815,0.716143,0.7557522,-0.63805586,-0.6938839,22.746106561897783,88.47969865664489,4464.0,Kolkata,9,"{""type"":""MultiPoint"",""coordinates"":[]}",-6.625261484129946,-12.311983952162336,-6.662250863652954,-13.639995338172543
1_1_1_2_465_0_1_1_1_2_465_0,0.1434,0.1608,0.0823,0.0938,0.027,0.0629,0.0424,0.0755,0.0362,0.0614,0.1896,0.2388,1,1,-0.54359525,-0.3609818,-0.13873874,-0.1951952,0.6793623,0.5909394,-0.63448274,-0.5195673,22.42064693446128,88.3858247094544,4465.0,Kolkata,9,"{""type"":""MultiPoint"",""coordinates"":[]}",-7.327101656385566,-13.475962591683391,-6.963704869195564,-14.387791863423516
1_1_1_2_466_0_1_1_1_2_466_0,0.1257,0.1158,0.0796,0.0625,0.0458,0.0652,0.0667,0.0821,0.0744,0.0758,0.2295,0.1922,4,4,-0.3066528,-0.17028803,-0.29222974,-0.24805194,0.51036525,0.43432835,-0.5496286,-0.40138534,22.445620099359804,88.50359384320247,4466.0,Kolkata,9,"{""type"":""MultiPoint"",""coordinates"":[]}",-10.478699445210061,-17.86271288840709,-10.363098530853339,-17.563217745339497
1_1_1_2_467_0_1_1_1_2_467_0,0.1241,0.1375,0.0674,0.0749,0.0222,0.0619,0.0448,0.077,0.035,0.0592,0.1968,0.2034,4,4,-0.4695086,-0.2820513,-0.22655033,-0.19331183,0.6980155,0.5491241,-0.62913907,-0.4507846,22.42091642904652,88.52030250748709,4467.0,Kolkata,9,"{""type"":""MultiPoint"",""coordinates"":[]}",-8.73753076441665,-15.130161608261323,-9.840021411394595,-15.36820755045569
1_1_1_2_468_0_1_1_1_2_468_0,0.14515,0.17185,0.09095,0.09325,0.0378,0.0372,0.0607,0.0579,0.05415,0.046,0.2076,0.2644,1,1,-0.4102502,-0.49597389,-0.17703757,-0.212149,0.58624643,0.7036083,-0.5475214,-0.64070743,22.661844588247373,88.45688144842825,4468.0,Kolkata,9,"{""type"":""MultiPoint"",""coordinates"":[]}",-6.872154793376319,-13.263239176842676,-6.293475660447106,-13.17959509862122
1_1_1_2_469_0_1_1_1_2_469_0,0.1077,0.1308,0.0739,0.0741,0.0396,0.0493,0.0652,0.0744,0.0569,0.0552,0.1839,0.264,4,3,-0.24580683,-0.2748538,-0.26131687,-0.337386,0.52740866,0.65413535,-0.47651544,-0.56028366,22.532936344976225,88.48176478179836,4469.0,Kolkata,9,"{""type"":""MultiPoint"",""coordinates"":[]}",-9.16023128935957,-15.959425326456646,-8.121711125270842,-15.03267623431164
1_1_1_2_470_0_1_1_1_2_470_0,0.18655,0.2078,0.103,0.1183,0.03465,0.05195,0.0611,0.0823,0.05145,0.0677,0.27825,0.28985,1,1,-0.5065617,-0.43260944,-0.19728915,-0.16487491,0.6878981,0.6213117,-0.6398998,-0.5577052,22.635523950422677,88.24856213404094,4470.0,Kolkata,9,"{""type"":""MultiPoint"",""coordinates"":[]}",-9.19127707057018,-14.246333730676806,-8.073462878184602,-14.1880814287201
1_1_1_2_471_0_1_1_1_2_471_0,0.1303,0.1328,0.1176,0.1314,0.0691,0.0979,0.0762,0.0874,0.0806,0.0932,0.087,0.1434,6,7,-0.26198548,-0.2061762,0.19926369,-0.038377985,0.03818616,0.21217245,-0.066176474,-0.24263431,22.58297250630168,88.28395575623524,4471.0,Kolkata,9,"{""type"":""MultiPoint"",""coordinates"":[]}",-5.609032567596042,-13.453362413653693,-3.8706892300366627,-11.58538512134182
1_1_1_2_472_0_1_1_1_2_472_0,0.1654,0.16795,0.15075,0.1377,0.0573,0.0576,0.07035,0.0774,0.0842,0.08375,0.1397,0.18855,6,6,-0.40318134,-0.3690646,0.08423468,-0.05778401,0.24787852,0.38486964,-0.3301595,-0.4179357,22.639296874615976,88.41304366256321,4472.0,Kolkata,9,"{""type"":""MultiPoint"",""coordinates"":[]}",-4.995469696473455,-11.42662677276521,-5.617447692508717,-12.099018917206909
1_1_1_2_473_0_1_1_1_2_473_0,0.16885,0.1879,0.0945,0.0945,0.04625,0.0361,0.07045,0.0678,0.0567,0.0427,0.27605,0.3964,4,4,-0.41119933,-0.46969104,-0.24095303,-0.35683724,0.6592036,0.8055113,-0.5933622,-0.70788455,22.684032975765128,88.50062940276487,4473.0,Kolkata,9,"{""type"":""MultiPoint"",""coordinates"":[]}",-9.812431809343611,-17.400509112072328,-9.671373297583486,-16.808383280308487
1_1_1_2_474_0_1_1_1_2_474_0,0.1347,0.16,0.1172,0.1286,0.0575,0.0665,0.0708,0.0744,0.0758,0.0796,0.128,0.1536,7,6,-0.3109489,-0.3651877,0.025504377,0.020408163,0.25613347,0.3173242,-0.28772637,-0.34736842,22.5590773197441,88.36794823530042,4474.0,Kolkata,9,"{""type"":""MultiPoint"",""coordinates"":[]}",-2.3846110788883834,-13.569387345392398,-5.060460360976508,-12.884323868218086
1_1_1_2_475_0_1_1_1_2_475_0,0.2126,0.1955,0.1354,0.1092,0.0388,0.0747,0.0764,0.096,0.0711,0.0802,0.2833,0.3097,1,1,-0.47128028,-0.34133792,-0.14256907,-0.2260491,0.59875846,0.58861244,-0.5752016,-0.5267439,22.496734239026207,88.54446718862991,4475.0,Kolkata,9,"{""type"":""MultiPoint"",""coordinates"":[]}",-8.670397929599122,-14.640461502644325,-8.017596440368036,-13.972262809918087
1_1_1_2_476_0_1_1_1_2_476_0,0.1548,0.1772,0.1047,0.1224,0.0424,0.0742,0.0573,0.0958,0.0656,0.086,0.1702,0.2083,6,1,-0.4596888,-0.2981685,-0.047384616,-0.08067445,0.44359627,0.41556236,-0.49626374,-0.3699441,22.38669061672157,88.34486153249854,4476.0,Kolkata,9,"{""type"":""MultiPoint"",""coordinates"":[]}",-6.914835413366934,-14.320535663533601,-6.362002105906295,-15.040298502378945
1_1_1_2_477_0_1_1_1_2_477_0,0.1023,0.125,0.0539,0.0642,0.0256,0.0491,0.0447,0.0657,0.03,0.045,0.1632,0.2222,1,1,-0.39183673,-0.31095964,-0.22937854,-0.27995393,0.68944097,0.6631737,-0.56998557,-0.5435915,22.40438742781872,88.24353156844987,4477.0,Kolkata,9,"{""type"":""MultiPoint"",""coordinates"":[]}",-7.824797659540943,-13.581158738322697,-7.705474981869232,-14.254986224008166
1_1_1_2_478_0_1_1_1_2_478_0,0.1289,0.1431,0.0871,0.0971,0.0422,0.0775,0.0518,0.0866,0.0528,0.0754,0.1529,0.1788,1,1,-0.42667404,-0.245973,-0.08516678,-0.11090401,0.486631,0.40676633,-0.4938935,-0.34740016,22.471761074127684,88.25503000408659,4478.0,Kolkata,9,"{""type"":""MultiPoint"",""coordinates"":[]}",-4.232370408791727,-13.968069574288357,-2.190854328163377,-13.799985782152113
1_1_1_2_479_0_1_1_1_2_479_0,0.1725,0.1532,0.1381,0.1237,0.0746,0.0789,0.0892,0.0933,0.0988,0.0966,0.1654,0.1774,6,6,-0.3183034,-0.24300203,0.021012133,-0.07320024,0.25208175,0.29489052,-0.299293,-0.31067604,22.594830268052057,88.47269179742875,4479.0,Kolkata,9,"{""type"":""MultiPoint"",""coordinates"":[]}",-9.7491449499127,-17.13007157555935,-10.059587793530035,-17.011003065040118
1_1_1_2_480_0_1_1_1_2_480_0,0.0928,0.1261,0.06325,0.08065,0.02445,0.05345,0.0374,0.06555,0.0344,0.0574,0.08435,0.1349,6,1,-0.42549923,-0.31594053,0.04769969,-0.033716474,0.4206316,0.40301612,-0.3856263,-0.34597155,22.749340496920617,88.32671556375934,4480.0,Kolkata,9,"{""type"":""MultiPoint"",""coordinates"":[]}",-9.052141055396046,-14.85627091888803,-9.055628596446343,-15.807908204300007
1_1_1_2_481_0_1_1_1_2_481_0,0.12515,0.13285,0.0671,0.0649,0.0231,0.0375,0.04445,0.05275,0.0453,0.0419,0.2128,0.2268,1,1,-0.47582546,-0.43157327,-0.2593579,-0.2612262,0.6489733,0.688128,-0.65442175,-0.62260777,22.627349281337185,88.40433000430725,4481.0,Kolkata,9,"{""type"":""MultiPoint"",""coordinates"":[]}",-5.731124330388113,-12.583121824537667,-5.682185650723359,-12.772538224859744
1_1_1_2_482_0_1_1_1_2_482_0,0.1273,0.15075,0.07125,0.0921,0.0337,0.0617,0.054,0.0842,0.0431,0.0768,0.2728,0.19385,3,0,-0.40430227,-0.28325176,-0.36365908,-0.12507255,0.72712886,0.43247736,-0.66952264,-0.39435354,22.6943636015325,88.33650720035624,4482.0,Kolkata,9,"{""type"":""MultiPoint"",""coordinates"":[]}",-7.729332441467493,-12.977853446377425,-9.643243911023024,-15.377708738044998
1_1_1_2_483_0_1_1_1_2_483_0,0.0183,0.0291,0.0142,0.0174,0.0316,0.0535,0.0426,0.0709,0.0343,0.0568,0.0368,0.0677,0,0,0.39901477,0.418,-0.33575317,-0.39876032,0.035161745,0.0875502,0.07304786,0.023088023,22.565096032147704,88.44286772999598,4483.0,Kolkata,9,"{""type"":""MultiPoint"",""coordinates"":[]}",-20.480046011685875,-26.085778897482605,-20.30426172791591,-25.399959858999942
1_1_1_2_484_0_1_1_1_2_484_0,0.13475,0.167,0.0744,0.08955,0.0233,0.0347,0.04555,0.0584,0.0351,0.04935,0.17465,0.2412,1,1,-0.494731,-0.48181012,-0.12895928,-0.18177365,0.66531587,0.6602994,-0.5862852,-0.6101469,22.631930689286197,88.2572757922969,4484.0,Kolkata,9,"{""type"":""MultiPoint"",""coordinates"":[]}",-8.025605418994495,-14.589283171957998,-7.924075406088745,-14.265512343303943
1_1_1_2_485_0_1_1_1_2_485_0,0.2334,0.1988,0.1962,0.1387,0.0646,0.0879,0.0906,0.1098,0.0986,0.0973,0.2232,0.2214,4,4,-0.44074073,-0.28839922,0.022339027,-0.053783912,0.38719702,0.3893944,-0.42256215,-0.33695653,22.49781221736715,88.4768240477357,4485.0,Kolkata,9,"{""type"":""MultiPoint"",""coordinates"":[]}",-11.047611239600162,-17.71918727794972,-10.897296242052711,-16.9318526062222
1_1_1_2_486_0_1_1_1_2_486_0,0.1684,0.1694,0.1482,0.1338,0.073,0.088,0.0914,0.0948,0.1006,0.0978,0.1501,0.157,6,6,-0.29638183,-0.28236184,0.05745683,0.037990198,0.19744715,0.23233908,-0.24306418,-0.24702145,22.51110728357212,88.38321959513046,4486.0,Kolkata,9,"{""type"":""MultiPoint"",""coordinates"":[]}",-4.990520788835077,-14.494384129254644,-5.455022497984349,-14.696462053935845
1_1_1_2_487_0_1_1_1_2_487_0,0.2202,0.2055,0.1567,0.181,0.0606,0.0578,0.0846,0.0824,0.1066,0.1018,0.2202,0.168,4,4,-0.4448819,-0.42757902,0.0,0.10040161,0.34761322,0.24536695,-0.4448819,-0.34185302,22.52018026794173,88.506109125998,4487.0,Kolkata,9,"{""type"":""MultiPoint"",""coordinates"":[]}",-10.49219996994923,-17.574582535024756,-9.438999832091865,-17.495975507683237
1_1_1_2_488_0_1_1_1_2_488_0,0.1546,0.1838,0.1035,0.1286,0.0421,0.067,0.0666,0.0884,0.0555,0.069,0.275,0.2544,6,6,-0.39783,-0.35047758,-0.2802607,-0.16111365,0.66414523,0.57328385,-0.6100702,-0.4842474,22.41597569498386,88.42876418003532,4488.0,Kolkata,9,"{""type"":""MultiPoint"",""coordinates"":[]}",-6.7509413206019016,-13.77852521474851,-6.907242677545728,-14.771504518376057
1_1_1_2_489_0_1_1_1_2_489_0,0.2461,0.1577,0.1613,0.0905,0.0511,0.0712,0.0824,0.0948,0.082,0.0804,0.2416,0.1942,4,0,-0.49832574,-0.24910891,0.009226983,-0.10372265,0.4932015,0.41442096,-0.491358,-0.34394464,22.51065812593006,88.4730511235424,4489.0,Kolkata,9,"{""type"":""MultiPoint"",""coordinates"":[]}",-11.381841249626312,-17.65250943759002,-11.167604895679283,-17.21680688382756
1_1_1_2_490_0_1_1_1_2_490_0,0.1133,0.1584,0.0812,0.1127,0.0643,0.0681,0.0871,0.0954,0.0795,0.0828,0.1483,0.1889,0,0,-0.13073853,-0.24822696,-0.13379204,-0.08782033,0.30201933,0.39050424,-0.259983,-0.32887796,22.5327566819194,88.46846971559339,4490.0,Kolkata,9,"{""type"":""MultiPoint"",""coordinates"":[]}",-15.690869501999263,-21.623304933718074,-14.154650692268184,-20.221079612068838
1_1_1_2_491_0_1_1_1_2_491_0,0.1108,0.1647,0.0649,0.0978,0.034,0.0573,0.0565,0.0772,0.053,0.0686,0.1795,0.2237,1,1,-0.32456663,-0.36171973,-0.23665173,-0.15190525,0.54408604,0.5306192,-0.5211864,-0.4868727,22.38633129060792,88.27057085850186,4491.0,Kolkata,9,"{""type"":""MultiPoint"",""coordinates"":[]}",-9.74653315428504,-14.7585431545058,-10.031887147104603,-15.959350087005
1_1_1_2_492_0_1_1_1_2_492_0,0.2251,0.2426,0.1964,0.2132,0.0807,0.1118,0.0745,0.109,0.0758,0.1013,0.1733,0.1926,6,6,-0.5026702,-0.37997726,0.13002008,0.1148897,0.39140907,0.31064987,-0.39870864,-0.27718833,22.447147235342808,88.43406424021161,4492.0,Kolkata,9,"{""type"":""MultiPoint"",""coordinates"":[]}",-7.0299419929251625,-13.139433919037089,-6.522093118297587,-14.45840422329239
1_1_1_2_493_0_1_1_1_2_493_0,0.0345,0.1498,0.0192,0.0969,0.0386,0.0882,0.061,0.1084,0.0474,0.0933,0.0735,0.1776,0,4,0.27748692,-0.16034082,-0.3611111,-0.08491142,0.2158809,0.31118494,-0.09293681,-0.24195804,22.50239362531616,88.42669805488184,4493.0,Kolkata,9,"{""type"":""MultiPoint"",""coordinates"":[]}",-17.840857149794246,-23.18366488629219,-8.874799123569172,-16.076289652041567
1_1_1_2_494_0_1_1_1_2_494_0,0.26725,0.20695,0.1871,0.16135,0.0556,0.0586,0.08965,0.1002,0.0986,0.1134,0.2536,0.21655,4,4,-0.49761838,-0.34755006,0.026207162,-0.02266824,0.44009086,0.3126231,-0.4776402,-0.36732438,22.682595671310537,88.2205346971764,4494.0,Kolkata,9,"{""type"":""MultiPoint"",""coordinates"":[]}",-10.99292123793187,-17.404026010357946,-10.36664906708735,-17.631764047952043
1_1_1_2_495_0_1_1_1_2_495_0,0.1558,0.1795,0.0858,0.0999,0.0318,0.0512,0.0683,0.08,0.0458,0.0612,0.2776,0.2843,1,1,-0.3904507,-0.38342968,-0.2810337,-0.22595946,0.71675944,0.64573085,-0.6050882,-0.56080157,22.51811414278825,88.28979480558202,4495.0,Kolkata,9,"{""type"":""MultiPoint"",""coordinates"":[]}",-8.563774682585695,-14.274740139606577,-8.391034703424287,-14.417239242851021
1_1_1_2_496_0_1_1_1_2_496_0,0.1478,0.1561,0.1044,0.1179,0.0512,0.063,0.0702,0.083,0.0767,0.0882,0.1886,0.1729,4,1,-0.3559633,-0.3057298,-0.12128419,-0.05106383,0.42178667,0.3243968,-0.45749614,-0.3513091,22.52134807781108,88.41906237496681,4496.0,Kolkata,9,"{""type"":""MultiPoint"",""coordinates"":[]}",-8.116859896088691,-14.283016654513853,-6.424045514248835,-13.029128574395136
1_1_1_2_497_0_1_1_1_2_497_0,0.16585,0.1639,0.11855,0.0933,0.0539,0.0493,0.0846,0.07605,0.07615,0.0598,0.3074,0.3002,4,1,-0.32441604,-0.36611795,-0.29910195,-0.29368672,0.6029201,0.6677778,-0.56836736,-0.59574753,22.74296245840337,88.49532934258856,4497.0,Kolkata,9,"{""type"":""MultiPoint"",""coordinates"":[]}",-8.698858506557727,-15.753646857003528,-7.7009006491964795,-16.585702517828498
1_1_1_2_498_0_1_1_1_2_498_0,0.1937,0.1568,0.141,0.0763,0.055,0.0432,0.0816,0.0748,0.0844,0.0512,0.2228,0.3271,0,1,-0.40719214,-0.3540587,-0.069867946,-0.35193223,0.45052084,0.72931534,-0.46386334,-0.6277681,22.54165000323218,88.44565250737675,4498.0,Kolkata,9,"{""type"":""MultiPoint"",""coordinates"":[]}",-8.462639517871967,-14.43001865081872,-5.887546282298095,-14.000908737772729
1_1_1_2_499_0_1_1_1_2_499_0,0.24395,0.24665,0.1723,0.18335,0.0576,0.06065,0.09015,0.08915,0.108,0.1093,0.24995,0.25445,4,4,-0.46034122,-0.4690292,-0.012148208,-0.015565756,0.39656377,0.3990378,-0.4698618,-0.48108265,22.69723821044168,88.22260082232988,4499.0,Kolkata,9,"{""type"":""MultiPoint"",""coordinates"":[]}",-10.08578168048567,-16.353978933307346,-10.63575918877367,-16.795627578797756
1_1_2_0_0_1_1_2_0_0,0.3135,0.2265,0.236,0.2037,0.0784,0.1806,0.1005,0.1904,0.1028,0.2226,0.3168,0.2402,4,6,-0.51449275,-0.08659151,-0.005235602,-0.029355045,0.5100095,0.038029388,-0.5183321,-0.115652576,13.098290241982538,80.15492108718087,4500.0,Chennai,10,"{""type"":""MultiPoint"",""coordinates"":[]}",-12.431970232873244,-17.423394146066883,-4.538889002382577,-11.204481927870106
1_1_2_1_0_1_1_2_1_0,0.01015,0.019,0.0075,0.0118,0.04205,0.0517,0.028,0.0389,0.01925,0.0246,0.01435,0.0177,0,0,0.4678899,0.34369603,-0.17142858,0.035422344,-0.14583333,-0.16312057,0.32231405,0.3745583,12.815770085126948,80.31688733290761,4501.0,Chennai,10,"{""type"":""MultiPoint"",""coordinates"":[]}",-17.258689215768566,-29.50768874879463,-17.972210572156275,-29.933532603455095
1_1_2_2_0_1_1_2_2_0,0.1755,0.1708,0.1058,0.1151,0.0522,0.0662,0.0747,0.0752,0.0594,0.0656,0.2602,0.1444,1,6,-0.4028777,-0.38861787,-0.19439982,0.08375634,0.62828535,0.3752381,-0.55389667,-0.3151184,13.065591565640586,80.16749750115854,4502.0,Chennai,10,"{""type"":""MultiPoint"",""coordinates"":[]}",-9.529661442139599,-15.73660053376624,-11.573238594638207,-17.97864598597547
1_1_2_3_0_1_1_2_3_0,0.2497,0.2253,0.1968,0.1689,0.0758,0.0894,0.091,0.1076,0.0934,0.0974,0.2246,0.2532,6,6,-0.46580568,-0.3535596,0.052920092,-0.05830721,0.4125786,0.44438106,-0.42332065,-0.40354767,13.015824898900364,80.15456176106723,4503.0,Chennai,10,"{""type"":""MultiPoint"",""coordinates"":[]}",-7.613773993463987,-15.122680022010611,-5.3566418258507,-14.42266442782142
1_1_2_4_0_1_1_2_4_0,0.0071,0.0186,0.0054,0.0124,0.036,0.0513,0.0221,0.042,0.0131,0.0325,0.0103,0.0238,0,0,0.51369864,0.38613862,-0.18390805,-0.12264151,-0.11965812,-0.1545293,0.36419752,0.27659574,13.174736872661107,80.36656416811942,4504.0,Chennai,10,"{""type"":""MultiPoint"",""coordinates"":[]}",-17.13143865259676,-31.196310041229363,-16.827603039283755,-29.061972908452482
1_1_2_5_0_1_1_2_5_0,0.2124,0.2171,0.1571,0.1394,0.0555,0.103,0.073,0.1108,0.0666,0.1038,0.1842,0.1996,1,1,-0.4884373,-0.3241842,0.071104385,0.04199664,0.46889952,0.31575477,-0.43234837,-0.28608248,13.118412504346814,80.12339022070827,4505.0,Chennai,10,"{""type"":""MultiPoint"",""coordinates"":[]}",-7.663176116878581,-13.623223840156761,-6.305963488591716,-13.087636312256292
1_1_2_6_0_1_1_2_6_0,0.0069,0.0162,0.0047,0.0118,0.03585,0.0598,0.0371,0.054,0.01905,0.0328,0.00975,0.0266,0,0,0.68636364,0.53846157,-0.17117117,-0.24299066,-0.32291666,-0.104377106,0.583778,0.33995038,13.159824838944724,80.32560099116358,4506.0,Chennai,10,"{""type"":""MultiPoint"",""coordinates"":[]}",-16.70725087726356,-27.892042507161193,-17.886685212814246,-33.406741270397845
1_1_2_7_0_1_1_2_7_0,0.2521,0.2593,0.20105,0.204,0.1277,0.1214,0.151,0.1468,0.2359,0.1924,0.2839,0.254,6,6,-0.25080624,-0.27702537,-0.05932836,0.010325346,0.09234321,0.13799283,-0.3055875,-0.26746505,12.993816174439436,80.26810881297993,4507.0,Chennai,10,"{""type"":""MultiPoint"",""coordinates"":[]}",-6.740032362093437,-14.384722494172182,-7.233088196232172,-15.919560990180607
1_1_2_8_0_1_1_2_8_0,0.2814,0.2547,0.197,0.1392,0.056,0.0644,0.0812,0.0798,0.0899,0.0764,0.2608,0.293,4,1,-0.55212355,-0.52286994,0.03799336,-0.069928795,0.4873111,0.5863563,-0.5251462,-0.5718884,12.808583562853991,80.13120556368011,4508.0,Chennai,10,"{""type"":""MultiPoint"",""coordinates"":[]}",-9.957927422000207,-16.97642477020227,-10.400010387262569,-15.534530742851686
1_1_2_9_0_1_1_2_9_0,0.0081,0.0189,0.0067,0.0133,0.0347,0.0497,0.02195,0.036,0.0149,0.0276,0.0106,0.027,0,0,0.4608985,0.3114754,-0.13368984,-0.1764706,-0.16862746,-0.010989011,0.34869432,0.14285715,13.100086872550776,80.39755604542155,4509.0,Chennai,10,"{""type"":""MultiPoint"",""coordinates"":[]}",-18.003262983682315,-29.15206126445564,-18.39813995134713,-34.18120250239704
1_1_2_10_0_1_1_2_10_0,0.2408,0.2171,0.18995,0.1549,0.1081,0.1148,0.1,0.105,0.0984,0.0868,0.2382,0.322,6,6,-0.41314554,-0.34802857,0.0054279747,-0.19458356,0.41532975,0.5753425,-0.40863395,-0.5081967,13.098739399624597,80.21052680326787,4510.0,Chennai,10,"{""type"":""MultiPoint"",""coordinates"":[]}",8.80243121554484,-3.404445243563303,6.645150041400909,-1.5712838480405542
1_1_2_11_0_1_1_2_11_0,0.00645,0.0254,0.00575,0.017,0.0341,0.0598,0.0427,0.0684,0.0205,0.043,0.00515,0.0283,0,0,0.73753816,0.45842218,0.112068966,-0.054003723,-0.5984405,-0.20617111,0.78474396,0.4146846,12.93371888193184,80.26128161682063,4511.0,Chennai,10,"{""type"":""MultiPoint"",""coordinates"":[]}",-17.86163555419183,-29.065029277677915,-17.792065693391432,-30.971418967419805
1_1_2_12_0_1_1_2_12_0,0.188,0.2057,0.0967,0.10195,0.0432,0.0527,0.0618,0.06885,0.0448,0.053,0.2584,0.2615,1,1,-0.50520414,-0.498452,-0.1577061,-0.11943493,0.7044855,0.6629571,-0.61399126,-0.58316934,12.918178027516571,80.01424491368775,4512.0,Chennai,10,"{""type"":""MultiPoint"",""coordinates"":[]}",-8.08403108524452,-13.209323749588243,-7.192935160801401,-12.466898782914868
1_1_2_13_0_1_1_2_13_0,0.2292,0.2496,0.1968,0.1951,0.1166,0.126,0.1162,0.1202,0.1462,0.1164,0.2436,0.2996,6,6,-0.32715693,-0.34991887,-0.030456852,-0.09104151,0.24987173,0.44038463,-0.3540856,-0.42734635,12.93839012140926,80.1446802929419,4513.0,Chennai,10,"{""type"":""MultiPoint"",""coordinates"":[]}",-3.012532936506891,-16.615015358101502,-3.168628595822801,-15.884644105595553
1_1_2_14_0_1_1_2_14_0,0.00625,0.0174,0.00605,0.0119,0.0328,0.0584,0.0374,0.0624,0.0202,0.0356,0.01095,0.0276,0,0,0.71363115,0.56390977,-0.27325583,-0.22666667,-0.29695025,-0.12658228,0.54705274,0.38666666,13.118861661988872,80.31086862050402,4514.0,Chennai,10,"{""type"":""MultiPoint"",""coordinates"":[]}",-17.85358579094045,-27.65258848215911,-17.965031730129482,-31.584202556212016
1_1_2_15_0_1_1_2_15_0,0.2623,0.21395,0.1831,0.1289,0.0607,0.06915,0.087,0.087,0.082,0.0922,0.2612,0.2165,4,4,-0.50186086,-0.42183086,0.0021012416,-0.005924033,0.5221445,0.4026563,-0.5002872,-0.42668864,12.873980915537892,80.04209268749545,4515.0,Chennai,10,"{""type"":""MultiPoint"",""coordinates"":[]}",-10.967606782664756,-17.234087526119723,-7.569358516459141,-15.774748655669091
1_1_2_16_0_1_1_2_16_0,0.0771,0.14865,0.0559,0.08255,0.0441,0.1141,0.0654,0.1295,0.0475,0.1092,0.1442,0.3074,0,4,-0.082105264,-0.068847746,-0.30320832,-0.3480978,0.504434,0.4757561,-0.3759542,-0.40718699,13.15317730584224,80.04155369832499,4516.0,Chennai,10,"{""type"":""MultiPoint"",""coordinates"":[]}",-12.048634164662763,-17.95459452314455,-10.663366697896716,-18.6080157389362
1_1_2_17_0_1_1_2_17_0,0.2559,0.266,0.2013,0.1923,0.07,0.0916,0.0974,0.1148,0.1236,0.1324,0.2386,0.2696,6,6,-0.44862723,-0.3970588,0.034984834,-0.0067214337,0.31750414,0.34129354,-0.4202381,-0.40270552,13.160902817285669,80.10039334943481,4517.0,Chennai,10,"{""type"":""MultiPoint"",""coordinates"":[]}",-9.500199501784852,-17.364314833135097,-7.925446792174855,-15.586759258329401
1_1_2_18_0_1_1_2_18_0,0.01035,0.0203,0.0074,0.0154,0.0387,0.0522,0.0246,0.0398,0.01565,0.0282,0.0142,0.024,0,0,0.40772533,0.32445922,-0.15682282,-0.08352145,-0.048576213,-0.08045977,0.26804122,0.24764891,12.981419423518586,80.34365712837437,4518.0,Chennai,10,"{""type"":""MultiPoint"",""coordinates"":[]}",-18.57339686318485,-32.98117128342382,-16.00438992863976,-28.102356002563592
1_1_2_19_0_1_1_2_19_0,0.20175,0.3463,0.15465,0.2979,0.05535,0.1334,0.06705,0.1682,0.0669,0.2022,0.1882,0.257,6,6,-0.5011161,-0.34616134,0.034748044,0.14801922,0.4754998,0.119337976,-0.4746327,-0.2088429,13.016363888070837,80.18609262753982,4519.0,Chennai,10,"{""type"":""MultiPoint"",""coordinates"":[]}",-8.72149243794051,-13.407811189190724,-9.372222505919908,-17.927017150314807
1_1_2_20_0_1_1_2_20_0,0.01055,0.0217,0.0083,0.0167,0.0384,0.048,0.0263,0.034,0.01985,0.0271,0.01455,0.0206,0,0,0.42740843,0.22082585,-0.15936255,0.026004728,-0.15406977,-0.13626835,0.2876377,0.24542125,12.847121288542718,80.35174196593145,4520.0,Chennai,10,"{""type"":""MultiPoint"",""coordinates"":[]}",-18.842045509914684,-31.2540604387536,-16.493579277672843,-32.66756721989936
1_1_2_21_0_1_1_2_21_0,0.00935,0.0232,0.00715,0.0171,0.04125,0.0555,0.0283,0.0438,0.01605,0.0307,0.0128,0.0284,0,0,0.50332004,0.3074627,-0.1557562,-0.1007752,-0.112651646,-0.03891709,0.37712896,0.2132964,12.95303266054041,80.31868396347586,4521.0,Chennai,10,"{""type"":""MultiPoint"",""coordinates"":[]}",-17.796764831923145,-28.13377531822357,-18.048027485281914,-29.516307333722697
1_1_2_22_0_1_1_2_22_0,0.0098,0.0187,0.008,0.0156,0.03235,0.0436,0.0181,0.0366,0.01385,0.0252,0.01125,0.0226,0,0,0.29749104,0.32368898,-0.06888361,-0.09443099,-0.10358566,-0.054393306,0.23339012,0.23648648,12.81451244372918,80.38417114768816,4522.0,Chennai,10,"{""type"":""MultiPoint"",""coordinates"":[]}",-17.690739019679185,-31.42265497002793,-16.154472251972287,-30.024938981306693
1_1_2_23_0_1_1_2_23_0,0.23125,0.2701,0.18875,0.2216,0.0822,0.1005,0.1049,0.1326,0.122,0.1394,0.1922,0.2278,5,6,-0.37587386,-0.34144524,0.09221868,0.08495682,0.22342457,0.24074075,-0.29384047,-0.26415095,13.180036932837414,80.28652427630438,4523.0,Chennai,10,"{""type"":""MultiPoint"",""coordinates"":[]}",-10.725176926184119,-17.931262276798616,-9.131544377305849,-17.40321194651535
1_1_2_24_0_1_1_2_24_0,0.2629,0.1403,0.21565,0.1023,0.1505,0.1538,0.2082,0.164,0.2465,0.1554,0.3178,0.129,6,0,-0.11611123,0.07788367,-0.09454107,0.041960638,0.12635124,-0.09282701,-0.20836502,0.11945392,12.83436521150822,80.24816621367248,4524.0,Chennai,10,"{""type"":""MultiPoint"",""coordinates"":[]}",-9.97337516185932,-17.78206465428126,-15.448998179638487,-29.94078568446416
1_1_2_25_0_1_1_2_25_0,0.1074,0.1771,0.0562,0.105,0.0444,0.1334,0.067,0.134,0.0468,0.1024,0.1954,0.2656,3,1,-0.23165138,-0.13854066,-0.29062086,-0.19990964,0.6135425,0.44347826,-0.48932928,-0.32932934,13.104039459800902,80.07892361414436,4525.0,Chennai,10,"{""type"":""MultiPoint"",""coordinates"":[]}",-11.909193122410933,-17.248347374055886,-10.862131667783444,-16.341861624142012
1_1_2_26_0_1_1_2_26_0,0.0089,0.0219,0.00755,0.0162,0.03225,0.0496,0.02005,0.0368,0.0143,0.0265,0.01095,0.0254,0,0,0.3851468,0.25383306,-0.10327456,-0.07399577,-0.13267326,-0.021194605,0.29354838,0.18327974,12.862302816844338,80.37455917414809,4526.0,Chennai,10,"{""type"":""MultiPoint"",""coordinates"":[]}",-16.973522053973063,-31.318116257258918,-17.968827178615058,-38.553004110465274
1_1_2_27_0_1_1_2_27_0,0.00935,0.0236,0.0074,0.0176,0.0397,0.0478,0.02765,0.0392,0.01615,0.0266,0.01425,0.0239,0,0,0.4945946,0.24840765,-0.20762712,-0.0063157897,-0.0625,-0.053465348,0.31980908,0.24247226,12.925184886732705,80.30799401159483,4527.0,Chennai,10,"{""type"":""MultiPoint"",""coordinates"":[]}",-18.52582774710203,-30.712149400595354,-17.44129492237858,-34.07191000566927
1_1_2_28_0_1_1_2_28_0,0.0451,0.0707,0.0351,0.0474,0.0386,0.04025,0.044,0.04275,0.0316,0.03265,0.0294,0.03565,0,0,-0.012345679,-0.24636404,0.21073826,0.32957217,-0.036065575,0.043923866,0.19891009,0.090561226,13.070172973589596,80.0137957560457,4528.0,Chennai,10,"{""type"":""MultiPoint"",""coordinates"":[]}",-14.344630200350661,-19.753125846005307,-20.69800652730503,-27.19120269733967
1_1_2_29_0_1_1_2_29_0,0.29065,0.358,0.2743,0.3315,0.1084,0.1338,0.1286,0.1696,0.1555,0.2068,0.2046,0.2684,6,6,-0.38652354,-0.3570887,0.17375062,0.14303958,0.13635102,0.12962963,-0.22809124,-0.22557078,13.137366956841737,80.28697343394644,4529.0,Chennai,10,"{""type"":""MultiPoint"",""coordinates"":[]}",-8.671291921968162,-16.173329041137762,-10.253690419767903,-18.875537887412733
1_1_2_30_0_1_1_2_30_0,0.2015,0.2277,0.1675,0.1899,0.0652,0.1144,0.0908,0.1278,0.1084,0.1472,0.173,0.2186,6,6,-0.3787205,-0.28101265,0.07610147,0.020389872,0.22956645,0.19518863,-0.3115997,-0.26212472,12.958692046830365,80.14503961905555,4530.0,Chennai,10,"{""type"":""MultiPoint"",""coordinates"":[]}",-10.971524882172922,-17.086483972245787,-10.241703700041212,-17.35457336880293
1_1_2_31_0_1_1_2_31_0,0.00985,0.0179,0.00945,0.0143,0.03745,0.0524,0.04045,0.0546,0.0191,0.0286,0.0097,0.0204,0,0,0.6083499,0.50620687,0.0076726344,-0.06527415,-0.3263889,-0.16734694,0.6131605,0.456,13.092361361107349,80.30008883709458,4531.0,Chennai,10,"{""type"":""MultiPoint"",""coordinates"":[]}",-14.293457352889064,-22.522713750700326,-14.531108753904816,-24.78325061495378
1_1_2_32_0_1_1_2_32_0,0.00715,0.0197,0.00695,0.018,0.03715,0.0505,0.04675,0.0644,0.0234,0.0355,0.01125,0.0252,0,0,0.7346939,0.5315101,-0.2228261,-0.12249443,-0.35064936,-0.16968699,0.61206895,0.4375,12.811009014121112,80.25229846397943,4532.0,Chennai,10,"{""type"":""MultiPoint"",""coordinates"":[]}",-18.308324090510457,-28.689920308561145,-17.41721506313128,-26.238180959383524
1_1_2_33_0_1_1_2_33_0,0.24945,0.2766,0.21795,0.2371,0.1098,0.1356,0.1276,0.1494,0.1661,0.1618,0.2216,0.2384,6,6,-0.3231667,-0.29859155,0.059123237,0.074174754,0.14315192,0.1914043,-0.2691867,-0.22949974,12.889791264538395,80.18618245906823,4533.0,Chennai,10,"{""type"":""MultiPoint"",""coordinates"":[]}",-5.104939013695853,-15.354934739945934,-3.5022317679856214,-14.872161600701691
1_1_2_34_0_1_1_2_34_0,0.398,0.1241,0.3026,0.06665,0.1088,0.07005,0.1402,0.08425,0.168,0.0649,0.3416,0.2155,4,4,-0.47900409,-0.1912647,0.07625744,-0.26914015,0.34065935,0.5370899,-0.41801578,-0.4378649,13.181474237292004,80.01532289202869,4534.0,Chennai,10,"{""type"":""MultiPoint"",""coordinates"":[]}",-11.921455034734148,-17.545539849910625,-10.53577170848765,-16.324845169064435
1_1_2_35_0_1_1_2_35_0,0.3207,0.2865,0.2321,0.24795,0.058,0.1614,0.0808,0.1839,0.1056,0.1969,0.2298,0.2191,4,6,-0.5975093,-0.21811225,0.16512261,0.13330697,0.3703041,0.053365383,-0.4797167,-0.087344915,12.980700771291293,80.00086001595437,4535.0,Chennai,10,"{""type"":""MultiPoint"",""coordinates"":[]}",-12.793032002765312,-18.22106812896971,-8.687429235377017,-15.730199706420096
1_1_2_36_0_1_1_2_36_0,0.009,0.0277,0.0082,0.0216,0.03905,0.0532,0.0272,0.0448,0.0167,0.0357,0.01185,0.0258,0,0,0.50276244,0.23586208,-0.13669065,0.03551402,-0.16987741,-0.1609756,0.39308578,0.26912183,12.888713286197452,80.2814937107133,4536.0,Chennai,10,"{""type"":""MultiPoint"",""coordinates"":[]}",-18.192891144199784,-33.27129312341469,-17.842052607377184,-32.80728077634207
1_1_2_37_0_1_1_2_37_0,0.2943,0.2912,0.2529,0.2687,0.0908,0.1334,0.1286,0.155,0.173,0.1992,0.2342,0.2554,6,6,-0.3918184,-0.3052443,0.11371807,0.06549579,0.15029469,0.12362517,-0.29106945,-0.24463938,13.131707570551782,80.15725670691958,4537.0,Chennai,10,"{""type"":""MultiPoint"",""coordinates"":[]}",-12.11539613978276,-19.77179606289699,-9.990911181645558,-17.158205527492573
1_1_2_38_0_1_1_2_38_0,0.21085,0.2354,0.1514,0.1683,0.0666,0.1194,0.08075,0.1482,0.0863,0.1414,0.1744,0.2644,1,1,-0.44615912,-0.22732012,0.09461389,-0.05802321,0.3379363,0.30310497,-0.367039,-0.2816287,12.809481878138111,80.18546380684093,4538.0,Chennai,10,"{""type"":""MultiPoint"",""coordinates"":[]}",-11.175030132567096,-17.563131587662877,-9.841130263385834,-14.886209275102193
1_1_2_39_0_1_1_2_39_0,0.334,0.2988,0.3227,0.2703,0.1002,0.1254,0.1323,0.1416,0.1668,0.17,0.2498,0.2522,6,6,-0.43255416,-0.35694823,0.14422747,0.0845735,0.19923188,0.19469446,-0.30751112,-0.2808532,13.122454923125352,80.26999527507658,4539.0,Chennai,10,"{""type"":""MultiPoint"",""coordinates"":[]}",-11.644597805837497,-19.969074806627702,-8.558028115265992,-16.379537699208072
1_1_2_40_0_1_1_2_40_0,0.01105,0.0224,0.0091,0.0171,0.04065,0.0557,0.02585,0.0416,0.0179,0.0324,0.01455,0.0289,0,0,0.401084,0.3,-0.13671875,-0.12670565,-0.103235744,-0.057096247,0.27970296,0.18014185,12.960309014341778,80.37033709231272,4540.0,Chennai,10,"{""type"":""MultiPoint"",""coordinates"":[]}",-17.46505099403089,-32.752341164170815,-17.806751976556313,-33.83188063376837
1_1_2_41_0_1_1_2_41_0,0.0084,0.019,0.00695,0.0147,0.0378,0.0482,0.02805,0.0436,0.01665,0.028,0.0123,0.022,0,0,0.5390946,0.39297125,-0.1884058,-0.07317073,-0.15025906,-0.12,0.39033458,0.3292683,12.84990606592349,80.27646314512224,4541.0,Chennai,10,"{""type"":""MultiPoint"",""coordinates"":[]}",-17.497770608619803,-28.49669333975121,-17.29348946564487,-28.727136572325097
1_1_2_42_0_1_1_2_42_0,0.376,0.0889,0.2718,0.0448,0.0628,0.0575,0.083,0.0717,0.1112,0.05,0.2286,0.1543,2,3,-0.6383442,-0.10709838,0.24379756,-0.26891446,0.34549734,0.51052374,-0.46726573,-0.3654867,12.97513121652975,80.03930791011469,4542.0,Chennai,10,"{""type"":""MultiPoint"",""coordinates"":[]}",-15.485810802880485,-23.875431929935115,-9.307054772740548,-15.602604717018986
1_1_2_43_0_1_1_2_43_0,0.00535,0.0191,0.00525,0.0129,0.0393,0.042,0.03995,0.0481,0.013,0.0275,0.00675,0.0171,0,0,0.7637969,0.4315476,-0.11570248,0.055248618,-0.3164557,-0.23318386,0.71092075,0.4754601,13.04376250423648,80.28715309700327,4543.0,Chennai,10,"{""type"":""MultiPoint"",""coordinates"":[]}",-19.305697919031676,-29.31546453821251,-16.34360580649232,-26.971605273317287
1_1_2_44_0_1_1_2_44_0,0.00945,0.0228,0.00765,0.0167,0.0412,0.051,0.02595,0.0399,0.0176,0.0305,0.0147,0.0264,0,0,0.4661017,0.27272728,-0.2173913,-0.07317073,-0.08978328,-0.07205624,0.27675277,0.20361991,12.925813707431589,80.33889605736854,4544.0,Chennai,10,"{""type"":""MultiPoint"",""coordinates"":[]}",-17.950650000327272,-30.69414763665522,-18.79568945480746,-34.760344995018166
1_1_2_45_0_1_1_2_45_0,0.2399,0.2311,0.2048,0.196,0.0886,0.0934,0.1058,0.1078,0.1116,0.109,0.1888,0.1986,6,6,-0.38790858,-0.36382413,0.11919758,0.07563417,0.25699067,0.2912874,-0.28173795,-0.29634464,13.069633984419124,80.12554617739016,4545.0,Chennai,10,"{""type"":""MultiPoint"",""coordinates"":[]}",-3.8892171516525043,-15.591891495046921,-4.744650935479939,-16.14726621859099
1_1_2_46_0_1_1_2_46_0,0.0101,0.016,0.00825,0.0132,0.04325,0.0468,0.0294,0.0386,0.0217,0.0281,0.0177,0.0234,0,0,0.4886076,0.41391942,-0.2733813,-0.18781726,-0.10152284,-0.09126214,0.24840765,0.2451613,13.056338918214156,80.38057788655169,4546.0,Chennai,10,"{""type"":""MultiPoint"",""coordinates"":[]}",-17.782770032077963,-28.141098045402508,-17.40681379344207,-33.446652126818776
1_1_2_47_0_1_1_2_47_0,0.04455,0.0529,0.02235,0.0308,0.0468,0.0429,0.05435,0.0434,0.0463,0.0405,0.1219,0.1088,0,0,0.09908999,-0.09865005,-0.46470413,-0.3457019,0.44946492,0.45746818,-0.38326243,-0.42969775,12.946385127437926,80.22660664685361,4547.0,Chennai,10,"{""type"":""MultiPoint"",""coordinates"":[]}",-20.836251897119162,-26.91174521897689,-16.443220786024444,-28.028422436755804
1_1_2_48_0_1_1_2_48_0,0.00815,0.0182,0.0061,0.0156,0.0366,0.0529,0.02595,0.0461,0.01475,0.0289,0.01055,0.0246,0,0,0.5219941,0.43390357,-0.12834224,-0.1495327,-0.1660079,-0.08037383,0.4219178,0.30410182,13.010345175667236,80.30574822338454,4548.0,Chennai,10,"{""type"":""MultiPoint"",""coordinates"":[]}",-17.663443550056655,-29.446707477332524,-18.203780847001966,-30.368903414282737
1_1_2_49_0_1_1_2_49_0,0.2606,0.2593,0.2304,0.2276,0.1238,0.1352,0.1388,0.1478,0.1578,0.1526,0.24,0.2496,6,6,-0.30495745,-0.27388847,0.04115062,0.01906072,0.2066365,0.24117355,-0.26715946,-0.2561651,13.000373876013509,80.0941949739744,4549.0,Chennai,10,"{""type"":""MultiPoint"",""coordinates"":[]}",-6.761413521064684,-15.841808218747108,-7.124437095694043,-15.288560268355969
1_1_2_50_0_1_1_2_50_0,0.01005,0.0203,0.00845,0.0164,0.0407,0.0479,0.02845,0.0363,0.0216,0.0271,0.0183,0.0233,0,0,0.47792208,0.28268552,-0.29100528,-0.06880734,-0.082706764,-0.07539683,0.2171123,0.2181208,12.922849266993994,80.35461657484063,4550.0,Chennai,10,"{""type"":""MultiPoint"",""coordinates"":[]}",-17.60119469644578,-32.835013183168954,-16.710340828472823,-32.25490901270657
1_1_2_51_0_1_1_2_51_0,0.1847,0.2413,0.1,0.183,0.04395,0.0956,0.0696,0.1378,0.0488,0.123,0.3041,0.2618,1,6,-0.45261502,-0.27301502,-0.24427168,-0.040747367,0.7234344,0.36070687,-0.6275087,-0.3103103,13.101973334647427,80.25148998022372,4551.0,Chennai,10,"{""type"":""MultiPoint"",""coordinates"":[]}",-7.267997276965907,-13.825427477383736,-7.707304856124713,-14.313463319270582
1_1_2_52_0_1_1_2_52_0,0.22145,0.253,0.17875,0.1938,0.10085,0.1096,0.1185,0.1306,0.1403,0.1678,0.235,0.2314,6,6,-0.30283865,-0.31908238,-0.029685616,0.044591248,0.25233147,0.15931864,-0.32956153,-0.27845305,13.020136812264138,80.1798942520794,4552.0,Chennai,10,"{""type"":""MultiPoint"",""coordinates"":[]}",-5.713427674982736,-12.042861246899237,-4.299361696177116,-11.807933526844954
1_1_2_53_0_1_1_2_53_0,0.2982,0.2923,0.2265,0.21565,0.0788,0.08975,0.0916,0.1232,0.0875,0.1254,0.2542,0.2807,6,6,-0.5300154,-0.40697953,0.07965243,0.020244328,0.48785484,0.38241813,-0.470214,-0.389948,12.91844752210181,80.06886248296222,4553.0,Chennai,10,"{""type"":""MultiPoint"",""coordinates"":[]}",-8.20836810703976,-17.194899367588814,-5.617447353701546,-17.247322354278772
1_1_2_54_0_1_1_2_54_0,0.00975,0.0178,0.0077,0.0143,0.0375,0.0477,0.02335,0.0353,0.01525,0.0271,0.0134,0.0263,0,0,0.41087613,0.32956687,-0.15766738,-0.19274376,-0.06457242,-0.014981274,0.2707483,0.14610389,13.120298966443466,80.3963882355522,4554.0,Chennai,10,"{""type"":""MultiPoint"",""coordinates"":[]}",-18.396953889312535,-30.846797061841155,-16.98542499343446,-31.758015083226333
1_1_2_55_0_1_1_2_55_0,0.0075,0.0204,0.00635,0.0177,0.03725,0.057,0.0255,0.048,0.0153,0.033,0.0111,0.0299,0,0,0.54545456,0.40350878,-0.19354838,-0.1888668,-0.1590909,-0.049284577,0.39344263,0.23234917,13.1085310362215,80.34096218252202,4555.0,Chennai,10,"{""type"":""MultiPoint"",""coordinates"":[]}",-17.22852820254912,-29.68287288748791,-19.237604788595423,-31.165061979266902
1_1_2_56_0_1_1_2_56_0,0.0086,0.0231,0.00645,0.018,0.03435,0.0544,0.0356,0.0483,0.01825,0.0324,0.01385,0.0284,0,0,0.61085975,0.3529412,-0.23385301,-0.10291262,-0.13707165,-0.065789476,0.43983823,0.2594524,12.884760698947328,80.26747999228104,4556.0,Chennai,10,"{""type"":""MultiPoint"",""coordinates"":[]}",-18.414676719103475,-30.719220753752865,-16.827634990705732,-31.638330517493497
1_1_2_57_0_1_1_2_57_0,0.012,0.0134,0.0082,0.0113,0.0345,0.04105,0.0333,0.04145,0.0278,0.03245,0.0175,0.02115,0,0,0.47019866,0.51139474,-0.18644068,-0.22431259,-0.22737306,-0.2108209,0.31102362,0.32428116,13.063166114373464,80.00984316879557,4557.0,Chennai,10,"{""type"":""MultiPoint"",""coordinates"":[]}",-11.062460526655201,-18.327865135497714,-17.758848329830098,-25.285444895632292
1_1_2_58_0_1_1_2_58_0,0.00865,0.0185,0.0077,0.0161,0.03805,0.0502,0.0305,0.0446,0.01695,0.0286,0.01225,0.0234,0,0,0.5581098,0.41362917,-0.17224881,-0.11694511,-0.1609589,-0.1,0.4269006,0.31176472,12.876765692918664,80.27439701996876,4558.0,Chennai,10,"{""type"":""MultiPoint"",""coordinates"":[]}",-17.215078633466167,-31.167806292183222,-17.621846115472355,-32.44840445989914
1_1_2_59_0_1_1_2_59_0,0.21975,0.2731,0.15625,0.2167,0.0473,0.0844,0.0902,0.105,0.0666,0.13,0.3528,0.2436,6,6,-0.41797063,-0.44459137,-0.23238145,0.05709309,0.68240345,0.30406854,-0.59277654,-0.39759037,12.952493671369938,80.25382559996243,4559.0,Chennai,10,"{""type"":""MultiPoint"",""coordinates"":[]}",-6.454158021763485,-12.955689423192885,-5.937199326563109,-13.750268691462178
1_1_2_60_0_1_1_2_60_0,0.22455,0.2989,0.16895,0.2358,0.09615,0.1834,0.1131,0.2012,0.1267,0.2148,0.2205,0.2574,5,7,-0.33007553,-0.19536093,0.009100101,0.07460003,0.2701613,0.09021601,-0.32194245,-0.12254688,12.9401867519775,80.21933029305224,4560.0,Chennai,10,"{""type"":""MultiPoint"",""coordinates"":[]}",-9.917032459318978,-17.17895010487093,-10.768647518273191,-18.940295128514773
1_1_2_61_0_1_1_2_61_0,0.3212,0.295,0.2981,0.2987,0.2098,0.1246,0.1498,0.1448,0.131,0.1636,0.283,0.2122,6,6,-0.3639066,-0.34151888,0.0632241,0.16324921,0.36714977,0.12932411,-0.3077634,-0.18879552,12.96542941146126,80.1325530366063,4561.0,Chennai,10,"{""type"":""MultiPoint"",""coordinates"":[]}",-12.370682361940293,-22.48420258398141,-10.773191888445696,-18.54082036301868
1_1_2_62_0_1_1_2_62_0,0.01045,0.019,0.00845,0.0153,0.04385,0.0479,0.0278,0.0412,0.0188,0.0286,0.01595,0.0243,0,0,0.45359477,0.36877078,-0.20833333,-0.12240185,-0.08201439,-0.08128545,0.27085716,0.25801528,12.875418219992484,80.30754485395278,4562.0,Chennai,10,"{""type"":""MultiPoint"",""coordinates"":[]}",-18.455010870695983,-30.518754170698156,-17.778089398486,-30.269345700453304
1_1_2_63_0_1_1_2_63_0,0.1868,0.1991,0.107,0.1046,0.0366,0.05105,0.0594,0.07095,0.0418,0.05125,0.2458,0.2825,1,1,-0.5174655,-0.47454175,-0.13638465,-0.17317276,0.7093185,0.6928839,-0.61074704,-0.5985288,12.903265993800188,80.02125177290388,4563.0,Chennai,10,"{""type"":""MultiPoint"",""coordinates"":[]}",-10.035566236879074,-16.123069367401342,-9.409088967096707,-15.32765220333134
1_1_2_64_0_1_1_2_64_0,0.28575,0.2851,0.2045,0.2025,0.1001,0.1152,0.1281,0.1338,0.1306,0.1382,0.286,0.2846,6,6,-0.38093513,-0.36118406,-0.00043725406,0.0008776549,0.3730197,0.34626302,-0.38130885,-0.36042064,12.950786872330111,80.19408763356849,4564.0,Chennai,10,"{""type"":""MultiPoint"",""coordinates"":[]}",-9.469558414295463,-16.639629375670218,-6.758007712799579,-12.988487266180881
1_1_2_65_0_1_1_2_65_0,0.2551,0.30735,0.1867,0.21465,0.0697,0.0858,0.1116,0.1158,0.1086,0.1225,0.2742,0.3128,6,4,-0.39132807,-0.45267636,-0.036085397,-0.008788196,0.43260187,0.43716976,-0.4214619,-0.45963603,13.182282721047711,80.04299100277957,4565.0,Chennai,10,"{""type"":""MultiPoint"",""coordinates"":[]}",-8.384692269536954,-15.980975340590863,-8.704503557325575,-16.605337288340433
1_1_2_66_0_1_1_2_66_0,0.20485,0.235,0.1764,0.1811,0.111,0.149,0.131,0.1762,0.142,0.1852,0.1789,0.2418,6,6,-0.21988983,-0.1429961,0.06762215,-0.014261745,0.114989094,0.1325527,-0.15456599,-0.1569378,13.033252215412285,80.2182523147113,4566.0,Chennai,10,"{""type"":""MultiPoint"",""coordinates"":[]}",-5.977589720823035,-10.289448790292369,-6.653332099756122,-11.584223963571933
1_1_2_67_0_1_1_2_67_0,0.2824,0.3481,0.2625,0.2898,0.1773,0.2592,0.2167,0.2864,0.2331,0.2994,0.2728,0.3764,6,6,-0.13163695,-0.09724192,0.017291067,-0.039061423,0.07847401,0.11393903,-0.11460674,-0.13578756,12.816219242769009,80.18806892116488,4567.0,Chennai,10,"{""type"":""MultiPoint"",""coordinates"":[]}",-7.879782575416393,-16.705865473255347,-7.387449211808241,-14.334153459679204
1_1_2_68_0_1_1_2_68_0,0.0104,0.0217,0.00825,0.0159,0.0369,0.0493,0.02415,0.0381,0.017,0.0288,0.0127,0.0245,0,0,0.39797395,0.2742475,-0.0995671,-0.060606062,-0.14478114,-0.08067542,0.31071913,0.2172524,12.93237140900566,80.3596471404317,4568.0,Chennai,10,"{""type"":""MultiPoint"",""coordinates"":[]}",-18.159474088712024,-30.416440485534775,-18.17699037724145,-35.496318722204215
1_1_2_69_0_1_1_2_69_0,0.2605,0.2957,0.2433,0.2899,0.113,0.1666,0.1512,0.1986,0.1816,0.2198,0.2302,0.2294,6,6,-0.26548457,-0.19643942,0.061748523,0.12626167,0.118018456,0.021371327,-0.20713162,-0.07196262,13.038462444060176,80.13399034106088,4569.0,Chennai,10,"{""type"":""MultiPoint"",""coordinates"":[]}",-7.680739393928807,-14.778485731361428,4.445724700146135,-8.543950815095572
1_1_2_70_0_1_1_2_70_0,0.247,0.2836,0.2169,0.2297,0.1246,0.1192,0.1622,0.1446,0.1774,0.1506,0.2558,0.263,6,6,-0.20723362,-0.32461467,-0.01750199,0.03768752,0.18097876,0.27176017,-0.22392344,-0.29048085,12.906320265766196,80.08889491379809,4570.0,Chennai,10,"{""type"":""MultiPoint"",""coordinates"":[]}",-4.0772930563353444,-15.647595678013172,-5.069687397906036,-15.852498735632103
1_1_2_71_0_1_1_2_71_0,0.2319,0.22655,0.1552,0.1419,0.0628,0.05405,0.0756,0.07605,0.0803,0.0781,0.2542,0.2762,6,6,-0.5082927,-0.49735624,-0.045875333,-0.098756835,0.5198804,0.55913067,-0.5415403,-0.5682044,12.814692106786003,80.03230105089855,4571.0,Chennai,10,"{""type"":""MultiPoint"",""coordinates"":[]}",-8.923552218501918,-15.341197887425073,-9.04308049306486,-13.87552700325845
1_1_2_72_0_1_1_2_72_0,0.2037,0.2396,0.1146,0.1321,0.057,0.1182,0.0786,0.1304,0.0714,0.0984,0.2432,0.3232,1,1,-0.4431456,-0.29513514,-0.08838666,-0.148543,0.54609025,0.5332068,-0.5114978,-0.4250441,12.898594754322769,80.09365598480392,4572.0,Chennai,10,"{""type"":""MultiPoint"",""coordinates"":[]}",-10.896458305405861,-15.976905814833056,-11.430340802276756,-17.003895883894984
1_1_2_73_0_1_1_2_73_0,0.25045,0.2387,0.23025,0.1897,0.1224,0.1084,0.1467,0.1178,0.1606,0.1196,0.2422,0.2912,6,6,-0.2612363,-0.33913043,0.016746169,-0.099075295,0.20258193,0.4177215,-0.24556442,-0.4239609,12.995972131121324,80.20145381889826,4573.0,Chennai,10,"{""type"":""MultiPoint"",""coordinates"":[]}",-6.95217036869902,-11.530077291372402,-4.661331272864729,-10.529039605171846
1_1_2_74_0_1_1_2_74_0,0.2548,0.12885,0.1766,0.07925,0.0608,0.0901,0.0865,0.1003,0.0842,0.0848,0.2662,0.203,1,3,-0.49311456,-0.12459088,-0.021880997,-0.22344433,0.5194064,0.41070187,-0.5094982,-0.33860865,13.14401448994422,80.03957740469993,4574.0,Chennai,10,"{""type"":""MultiPoint"",""coordinates"":[]}",-10.757481474594897,-16.396185245400904,-10.943852829798711,-15.590047035680767
1_1_2_75_0_1_1_2_75_0,0.1676,0.2054,0.0917,0.1204,0.075,0.1344,0.1248,0.158,0.0888,0.1238,0.3652,0.422,6,6,-0.14637482,-0.13043478,-0.37087086,-0.3452343,0.60881054,0.546354,-0.49061224,-0.45517242,13.140331397279333,80.10560357808271,4575.0,Chennai,10,"{""type"":""MultiPoint"",""coordinates"":[]}",-10.589455301765993,-17.812172812129802,-8.06768709140102,-17.007399285942693
1_1_2_76_0_1_1_2_76_0,0.00985,0.0221,0.00745,0.0135,0.03955,0.0504,0.0273,0.0414,0.0173,0.0317,0.01325,0.0249,0,0,0.46971735,0.30393702,-0.14718615,-0.05957447,-0.13256955,-0.12014134,0.34648582,0.24886878,12.998217919331625,80.34931651466434,4576.0,Chennai,10,"{""type"":""MultiPoint"",""coordinates"":[]}",-18.05121958189312,-29.74673562074447,-17.13099111925503,-27.590469126527655
1_1_2_77_0_1_1_2_77_0,0.00845,0.0137,0.0078,0.0105,0.03515,0.0472,0.0366,0.0467,0.01805,0.0305,0.00845,0.0185,0,0,0.62486124,0.54635763,0.0,-0.14906833,-0.36226416,-0.24489796,0.62486124,0.43251532,13.101254682420132,80.29919052181046,4577.0,Chennai,10,"{""type"":""MultiPoint"",""coordinates"":[]}",-20.993029353840203,-28.371275494292508,-20.38705732524231,-26.83828654095592
1_1_2_78_0_1_1_2_78_0,0.2114,0.2136,0.1409,0.1265,0.0564,0.0576,0.078,0.0847,0.0908,0.0826,0.232,0.2432,1,1,-0.46095368,-0.43211532,-0.04645918,-0.0647986,0.43742254,0.49294046,-0.4967742,-0.48337907,12.828615993689857,80.15402277189675,4578.0,Chennai,10,"{""type"":""MultiPoint"",""coordinates"":[]}",-9.905386816021139,-15.434709397227257,-9.570160134500581,-15.229543971399654
1_1_2_79_0_1_1_2_79_0,0.2533,0.2446,0.1666,0.1549,0.0574,0.079,0.0782,0.1132,0.0758,0.0912,0.2322,0.352,6,6,-0.52820516,-0.36724427,0.04346035,-0.18002011,0.50779223,0.58844763,-0.496134,-0.5133276,12.891138737464576,80.12473769363446,4579.0,Chennai,10,"{""type"":""MultiPoint"",""coordinates"":[]}",-8.619666370557646,-16.16440763689979,-6.642995998398424,-15.332219163798902
1_1_2_80_0_1_1_2_80_0,0.126,0.2148,0.1096,0.1903,0.05755,0.0979,0.0693,0.12,0.07015,0.1226,0.1298,0.2316,6,6,-0.29032257,-0.28315413,-0.014855356,-0.03763441,0.29832458,0.30773574,-0.3038674,-0.31740615,13.053464309304973,80.22409136405807,4580.0,Chennai,10,"{""type"":""MultiPoint"",""coordinates"":[]}",-5.363240586858807,-12.719937278000575,-3.7573410231901905,-13.153463207313534
1_1_2_81_0_1_1_2_81_0,0.00955,0.0195,0.0083,0.0151,0.04185,0.0554,0.0308,0.0436,0.0194,0.0311,0.01545,0.0225,0,0,0.5266419,0.38193345,-0.236,-0.071428575,-0.113342896,-0.16044776,0.3318919,0.3192133,13.03630648737829,80.33009256758417,4581.0,Chennai,10,"{""type"":""MultiPoint"",""coordinates"":[]}",-18.26705059342306,-29.204155056409313,-16.376657787731446,-30.562109608639986
1_1_2_82_0_1_1_2_82_0,0.1425,0.3123,0.0737,0.20855,0.0432,0.0768,0.062,0.09855,0.0407,0.1063,0.2842,0.2784,4,4,-0.39364302,-0.5202629,-0.33208343,0.05738954,0.74946135,0.4473616,-0.64182556,-0.47711897,13.146619604268167,80.02538402321083,4582.0,Chennai,10,"{""type"":""MultiPoint"",""coordinates"":[]}",-11.709962072270727,-15.826182224771193,-12.220210430427642,-17.285685948387783
1_1_2_83_0_1_1_2_83_0,0.24715,0.2632,0.1912,0.2002,0.0726,0.0754,0.08835,0.0974,0.0925,0.0972,0.2261,0.2354,6,6,-0.4733234,-0.45978925,0.04447966,0.05575612,0.4193346,0.41551414,-0.43806645,-0.41466346,13.014477425974183,80.17639082247132,4583.0,Chennai,10,"{""type"":""MultiPoint"",""coordinates"":[]}",-8.83359573792063,-14.475289997599132,-7.466998584822076,-14.236976045678185
1_1_2_84_0_1_1_2_84_0,0.2648,0.2495,0.1736,0.1693,0.0508,0.0838,0.0744,0.0958,0.0952,0.0918,0.2032,0.2188,6,6,-0.5613208,-0.4451202,0.13162394,0.065556265,0.36193028,0.40888602,-0.46397695,-0.39097267,13.140960217978217,80.12186308472528,4584.0,Chennai,10,"{""type"":""MultiPoint"",""coordinates"":[]}",-10.28027688162745,-16.13714689660987,-7.755854043453137,-15.851723694225965
1_1_2_85_0_1_1_2_85_0,0.3119,0.2106,0.2353,0.16455,0.0957,0.0684,0.1244,0.0883,0.1512,0.0887,0.264,0.1227,5,0,-0.42975017,-0.40916693,0.08317416,0.26372638,0.2716763,0.16083254,-0.35942328,-0.16303317,12.856373935969147,80.0071482229432,4585.0,Chennai,10,"{""type"":""MultiPoint"",""coordinates"":[]}",-14.48452587621187,-21.089238919460314,-9.094405389486667,-16.483923336464475
1_1_2_86_0_1_1_2_86_0,0.2688,0.2515,0.1657,0.1497,0.056,0.07,0.0814,0.0842,0.0746,0.0675,0.294,0.304,5,1,-0.5351228,-0.49836165,-0.04477612,-0.09450945,0.59522516,0.63660836,-0.56632924,-0.566203,12.83885678792882,80.12788179712886,4586.0,Chennai,10,"{""type"":""MultiPoint"",""coordinates"":[]}",-10.347868458601951,-16.20950693197772,-7.7655368878685485,-12.516475743627037
1_1_2_87_0_1_1_2_87_0,0.2149,0.264,0.19585,0.2378,0.06785,0.0916,0.0829,0.107,0.0956,0.1126,0.1619,0.1904,6,6,-0.4432505,-0.42318058,0.14065817,0.16197184,0.25747573,0.25676566,-0.32271242,-0.2804304,13.131168581381312,80.28077505848601,4587.0,Chennai,10,"{""type"":""MultiPoint"",""coordinates"":[]}",-5.230006680463683,-14.743158445747682,-2.8163988877878667,-16.567255382938807
1_1_2_88_0_1_1_2_88_0,0.2137,0.2223,0.1279,0.1213,0.0478,0.083,0.0725,0.0955,0.0608,0.0758,0.2408,0.3228,1,1,-0.4933613,-0.39899307,-0.05962596,-0.18436985,0.59681696,0.61966884,-0.53718483,-0.5433899,13.085444333419629,80.15249563591375,4588.0,Chennai,10,"{""type"":""MultiPoint"",""coordinates"":[]}",-8.190804048118185,-13.743854432489275,-6.732337895855168,-12.581792063956332
1_1_2_89_0_1_1_2_89_0,0.2744,0.2672,0.27745,0.2644,0.2379,0.1998,0.2682,0.2326,0.2911,0.2634,0.2983,0.2796,7,7,-0.011426466,-0.06922769,-0.041732147,-0.022677395,0.012215813,0.029834254,-0.053133275,-0.09176103,13.090924056652756,80.29676507054334,4589.0,Chennai,10,"{""type"":""MultiPoint"",""coordinates"":[]}",-3.340447746317734,-9.569829549600936,-8.027336621324523,-15.73969802609936
1_1_2_90_0_1_1_2_90_0,0.0616,0.10495,0.0421,0.0639,0.0425,0.06355,0.064,0.0812,0.0544,0.0654,0.138,0.2026,0,4,0.01910828,-0.12758528,-0.38276553,-0.31750935,0.43451142,0.5119403,-0.36633664,-0.42776603,13.188121770394488,80.04577578016034,4590.0,Chennai,10,"{""type"":""MultiPoint"",""coordinates"":[]}",-11.20548377329732,-18.835791635875132,-11.820593933340213,-20.51577441739569
1_1_2_91_0_1_1_2_91_0,0.2019,0.2183,0.1749,0.1835,0.1061,0.1288,0.1191,0.144,0.1369,0.1498,0.1712,0.201,6,6,-0.25794393,-0.20507866,0.08228357,0.04125924,0.11132749,0.1459521,-0.17946951,-0.16521738,13.110327666789738,80.26451555184344,4591.0,Chennai,10,"{""type"":""MultiPoint"",""coordinates"":[]}",-4.238856701487511,-13.701813941819713,-2.2841679650042184,-13.562064561625728
1_1_2_92_0_1_1_2_92_0,0.2184,0.2793,0.175,0.2179,0.11,0.113,0.1125,0.1266,0.12345,0.1418,0.2372,0.2402,6,6,-0.32003626,-0.37620103,-0.041264266,0.07526468,0.31540275,0.25759163,-0.35659137,-0.30970556,12.996600951820207,80.20810135200074,4592.0,Chennai,10,"{""type"":""MultiPoint"",""coordinates"":[]}",-5.924672968055855,-15.934070121021335,-4.794166521291002,-16.254245555549574
1_1_2_93_0_1_1_2_93_0,0.01035,0.0258,0.0083,0.0187,0.04395,0.054,0.02805,0.043,0.01945,0.0371,0.01505,0.0321,0,0,0.4609375,0.25,-0.18503937,-0.10880829,-0.12753624,-0.07225434,0.30162412,0.14513981,12.91530341860739,80.32856543160118,4593.0,Chennai,10,"{""type"":""MultiPoint"",""coordinates"":[]}",-18.364913533803364,-32.72824980141153,-18.421771977402923,-39.01819571416238
1_1_2_94_0_1_1_2_94_0,0.3148,0.3111,0.3037,0.2391,0.1026,0.114,0.0977,0.1186,0.1072,0.1382,0.2666,0.2762,6,6,-0.52630305,-0.44798696,0.08290334,0.059424486,0.42643124,0.3330116,-0.4636289,-0.39918947,13.14626027815452,80.08341519056495,4594.0,Chennai,10,"{""type"":""MultiPoint"",""coordinates"":[]}",-0.14066325306669897,-16.15507830106936,-0.5932022525755001,-14.252901270882663
1_1_2_95_0_1_1_2_95_0,0.1832,0.17475,0.088,0.09665,0.0719,0.07175,0.1062,0.0914,0.0885,0.06805,0.4144,0.3196,4,4,-0.2660677,-0.31316927,-0.38688084,-0.293011,0.64804137,0.6489101,-0.59200925,-0.55523115,13.189918400962728,80.02232975124483,4595.0,Chennai,10,"{""type"":""MultiPoint"",""coordinates"":[]}",-10.675180143679086,-18.28244188293101,-9.275156542813184,-15.612521072302389
1_1_2_96_0_1_1_2_96_0,0.1711,0.283,0.1181,0.1953,0.0515,0.0748,0.0654,0.108,0.0666,0.125,0.2274,0.2768,6,6,-0.44693446,-0.44757032,-0.1412798,0.011075384,0.5469388,0.3777999,-0.5532787,-0.43866944,12.859697702520393,80.13354118341883,4596.0,Chennai,10,"{""type"":""MultiPoint"",""coordinates"":[]}",-11.20471080313216,-18.501246450960465,-11.302131307535053,-16.822965174076685
1_1_2_97_0_1_1_2_97_0,0.0102,0.0216,0.0084,0.0175,0.03145,0.0507,0.0171,0.0421,0.01315,0.0315,0.0111,0.023,0,0,0.25274727,0.32182103,-0.04225352,-0.031390134,-0.08453608,-0.1559633,0.21276596,0.29339477,12.890689579822515,80.39683739319426,4597.0,Chennai,10,"{""type"":""MultiPoint"",""coordinates"":[]}",-17.23312661129202,-31.457011519442048,-18.461087615075048,-34.65218447113591
1_1_2_98_0_1_1_2_98_0,0.171,0.3097,0.1026,0.2107,0.0409,0.0828,0.0634,0.0988,0.0568,0.1058,0.2068,0.2214,1,5,-0.45904437,-0.51627904,-0.09475913,0.16625871,0.569044,0.35330072,-0.53071797,-0.3828857,12.950876703858524,80.09814756122452,4598.0,Chennai,10,"{""type"":""MultiPoint"",""coordinates"":[]}",-10.84526453215679,-15.216503979178018,-10.403282104382015,-15.002506342281253
1_1_2_99_0_1_1_2_99_0,0.0075,0.0183,0.00595,0.0154,0.038,0.052,0.02535,0.038,0.01305,0.0305,0.01005,0.0243,0,0,0.543379,0.34991118,-0.14529915,-0.14084508,-0.12987013,-0.11313868,0.43220338,0.2199037,13.142667017018042,80.36297090698295,4599.0,Chennai,10,"{""type"":""MultiPoint"",""coordinates"":[]}",-17.840591585085694,-30.54142873300905,-17.867388239510824,-34.12739420584878
1_1_2_100_0_1_1_2_100_0,0.007,0.0238,0.0055,0.0148,0.0391,0.0489,0.0265,0.0442,0.0159,0.0299,0.0109,0.0252,0,0,0.58208954,0.3,-0.21787709,-0.028571429,-0.18656716,-0.085299455,0.4171123,0.27377522,12.943151192415096,80.29263282023639,4600.0,Chennai,10,"{""type"":""MultiPoint"",""coordinates"":[]}",-16.494157325507445,-31.26281010543947,-16.62495490311197,-33.46978871803791
1_1_2_101_0_1_1_2_101_0,0.3358,0.3055,0.2571,0.2145,0.07,0.0974,0.0894,0.118,0.107,0.1152,0.2304,0.2578,6,6,-0.57949203,-0.44273907,0.18615331,0.08467957,0.365738,0.38230562,-0.44090056,-0.3720064,13.06029150546428,80.12949876464029,4601.0,Chennai,10,"{""type"":""MultiPoint"",""coordinates"":[]}",-10.42927812084369,-16.81384993004313,-10.211076219599528,-15.705370948695837
1_1_2_102_0_1_1_2_102_0,0.0094,0.0234,0.00775,0.0214,0.03065,0.0516,0.01835,0.0385,0.01225,0.0303,0.00995,0.0242,0,0,0.32252252,0.24394184,-0.028423773,-0.016806724,-0.1036036,-0.11192661,0.29681978,0.22807017,12.819004020149778,80.3850694629723,4602.0,Chennai,10,"{""type"":""MultiPoint"",""coordinates"":[]}",-16.99906679830978,-32.76543123657285,-16.383600647435866,-35.73557298398344
1_1_2_103_0_1_1_2_103_0,0.1996,0.19185,0.164,0.14505,0.0968,0.1022,0.1188,0.1131,0.1336,0.1182,0.2036,0.1993,6,6,-0.25376883,-0.25823906,-0.009920635,-0.019046402,0.20759194,0.25543308,-0.26302728,-0.2759283,13.12703633107436,80.05224365020601,4603.0,Chennai,10,"{""type"":""MultiPoint"",""coordinates"":[]}",-13.374135551428182,-19.21900802497052,4.623678048841821,-15.731434978895875
1_1_2_104_0_1_1_2_104_0,0.2898,0.3001,0.2072,0.20675,0.0682,0.07795,0.0858,0.1011,0.1032,0.1155,0.2244,0.2508,1,5,-0.543131,-0.49601197,0.12718786,0.08948992,0.36996338,0.36936936,-0.44680852,-0.42540494,12.989683924132487,80.0385892578874,4604.0,Chennai,10,"{""type"":""MultiPoint"",""coordinates"":[]}",-10.232561985543553,-17.445831424179463,-10.642605940474844,-15.59194015975335
1_1_2_105_0_1_1_2_105_0,0.1849,0.1884,0.1301,0.1146,0.0321,0.0372,0.05295,0.0641,0.0537,0.052,0.2114,0.263,4,6,-0.5547614,-0.49227723,-0.066868536,-0.16526362,0.59486985,0.6698413,-0.59939474,-0.6080709,12.814242949143944,80.24115935445634,4605.0,Chennai,10,"{""type"":""MultiPoint"",""coordinates"":[]}",-9.549810781009414,-16.08815622434288,-9.147768671223234,-15.974188938769858
1_1_2_106_0_1_1_2_106_0,0.2712,0.3481,0.1815,0.2513,0.0868,0.1836,0.1234,0.2366,0.1388,0.2302,0.2562,0.3692,6,6,-0.3745565,-0.19069609,0.02844141,-0.029415864,0.2972152,0.23189856,-0.34984195,-0.21888413,13.144283984529457,80.11243077424201,4606.0,Chennai,10,"{""type"":""MultiPoint"",""coordinates"":[]}",-3.4470505384193784,-16.764980928359446,0.8343931437020347,-15.620058794604258
1_1_2_107_0_1_1_2_107_0,0.21595,0.2761,0.1755,0.2071,0.09025,0.236,0.1003,0.2544,0.1294,0.279,0.1828,0.3428,6,6,-0.3656917,-0.040904805,0.08313479,-0.10777185,0.1710442,0.10260534,-0.29141647,-0.14802411,13.075652696822726,80.23819491401875,4607.0,Chennai,10,"{""type"":""MultiPoint"",""coordinates"":[]}",-2.6811657209329667,-11.779956948380438,-1.7939292635306927,-12.639129438379102
1_1_2_108_0_1_1_2_108_0,0.2365,0.2605,0.3952,0.3928,0.2746,0.3073,0.1754,0.2035,0.1818,0.1995,0.4288,0.4444,6,6,-0.14833698,-0.12284483,-0.28904253,-0.26088807,0.40452015,0.38033855,-0.41939756,-0.37181664,13.1453619628704,80.06967096671792,4608.0,Chennai,10,"{""type"":""MultiPoint"",""coordinates"":[]}",-10.552776202326976,-15.855508078629398,-8.326014053537412,-15.584130593226497
1_1_2_109_0_1_1_2_109_0,0.0115,0.0195,0.0082,0.0154,0.0455,0.0648,0.0512,0.0792,0.0342,0.0581,0.0221,0.0391,0,0,0.6331738,0.6048632,-0.31547618,-0.334471,-0.21492007,-0.19547325,0.39699864,0.33896872,13.146529772739756,80.16480255530618,4609.0,Chennai,10,"{""type"":""MultiPoint"",""coordinates"":[]}",-20.34309007534171,-27.307780371631107,-20.813927171595275,-28.635726750258222
1_1_2_110_0_1_1_2_110_0,0.1337,0.1757,0.0847,0.1117,0.05135,0.0704,0.0644,0.0814,0.058,0.0752,0.1631,0.2396,6,6,-0.34982333,-0.36678335,-0.0990566,-0.15386468,0.47535053,0.52223635,-0.43384615,-0.4928349,13.106105584954376,80.18636212212505,4610.0,Chennai,10,"{""type"":""MultiPoint"",""coordinates"":[]}",-7.925629822519466,-14.880019255696904,-7.597268201653506,-14.95424472934151
1_1_2_111_0_1_1_2_111_0,0.01835,0.0204,0.0137,0.0186,0.063,0.0569,0.0821,0.0746,0.05105,0.0504,0.01955,0.0244,0,0,0.6346441,0.5705263,-0.03166227,-0.08928572,-0.44617563,-0.34759358,0.6153468,0.5070707,13.028760638991686,80.28059539542919,4611.0,Chennai,10,"{""type"":""MultiPoint"",""coordinates"":[]}",-17.29074107670756,-25.10217282037346,-17.764145851662338,-25.83077449934582
1_1_2_112_0_1_1_2_112_0,0.24645,0.3046,0.2012,0.2611,0.0852,0.2026,0.1058,0.225,0.1212,0.2642,0.2239,0.3168,6,6,-0.39929026,-0.15030211,0.047943022,-0.019633086,0.2975949,0.09053356,-0.35820442,-0.16943522,12.902996499214952,80.19669274789243,4612.0,Chennai,10,"{""type"":""MultiPoint"",""coordinates"":[]}",-8.2472459552839,-14.63469056797675,-8.026527630954076,-14.984994896455156
1_1_2_113_0_1_1_2_113_0,0.0078,0.0191,0.0059,0.0145,0.04645,0.056,0.04235,0.0492,0.0212,0.0302,0.0129,0.0261,0,0,0.6889332,0.4407028,-0.24637681,-0.15486726,-0.24340177,-0.07282416,0.5330317,0.30677292,13.08418669202186,80.31886362653267,4613.0,Chennai,10,"{""type"":""MultiPoint"",""coordinates"":[]}",-17.31822415077702,-28.124810937484934,-17.392760684260043,-28.54714451551665
1_1_2_114_0_1_1_2_114_0,0.20555,0.2788,0.1799,0.2431,0.08055,0.1074,0.1155,0.1384,0.1275,0.1628,0.1796,0.222,6,6,-0.2804859,-0.33652925,0.067376345,0.11341853,0.16965158,0.15384616,-0.21721451,-0.23196448,13.161980795626611,80.25571206205908,4614.0,Chennai,10,"{""type"":""MultiPoint"",""coordinates"":[]}",-8.084225918517955,-15.545758135545773,-7.489664318518798,-15.68776163170944
1_1_2_115_0_1_1_2_115_0,0.007,0.0189,0.00485,0.0141,0.0331,0.0466,0.0321,0.0488,0.0175,0.0324,0.01085,0.0282,0,0,0.64194375,0.44165435,-0.21568628,-0.19745223,-0.2345679,-0.06930693,0.49476135,0.26753247,12.938030795295614,80.27161224258799,4615.0,Chennai,10,"{""type"":""MultiPoint"",""coordinates"":[]}",-18.057274642243517,-29.614780756014063,-17.58765132270639,-29.526882727062823
1_1_2_116_0_1_1_2_116_0,0.0078,0.0186,0.0059,0.0127,0.04215,0.0498,0.03535,0.0529,0.01755,0.033,0.0117,0.0271,0,0,0.6384705,0.4797203,-0.2,-0.18599562,-0.2,-0.098169714,0.50265676,0.3225,13.055260939873213,80.30071765779347,4616.0,Chennai,10,"{""type"":""MultiPoint"",""coordinates"":[]}",-18.329194899214663,-28.24502025274508,-17.306497417749696,-28.46248748041974
1_1_2_117_0_1_1_2_117_0,0.2565,0.30205,0.1989,0.23265,0.0492,0.08105,0.0672,0.1082,0.0852,0.1373,0.188,0.2808,6,6,-0.5848007,-0.47251675,0.15410574,0.03645878,0.3762811,0.34321934,-0.47335422,-0.4437018,12.960488677398605,80.03221121937014,4617.0,Chennai,10,"{""type"":""MultiPoint"",""coordinates"":[]}",-9.906440910670408,-16.32778086251982,-7.298612579384073,-16.519295501116
1_1_2_118_0_1_1_2_118_0,0.0374,0.0371,0.0208,0.0262,0.0409,0.0765,0.0464,0.0783,0.033,0.0613,0.1272,0.05615,3,0,0.10739857,0.35701907,-0.545565,-0.20428954,0.58801496,-0.043848448,-0.4654378,0.16474526,13.14167887020551,80.05107584033665,4618.0,Chennai,10,"{""type"":""MultiPoint"",""coordinates"":[]}",-15.089041432989427,-22.686640020645477,-20.073287015924656,-26.87687294499241
1_1_2_119_0_1_1_2_119_0,0.0776,0.09715,0.0518,0.05695,0.0444,0.0648,0.0675,0.0851,0.0548,0.0737,0.1678,0.1452,0,4,-0.06960717,-0.06611797,-0.36756316,-0.19826697,0.507637,0.32663316,-0.42626435,-0.26096395,13.188481096508136,80.04568594863194,4619.0,Chennai,10,"{""type"":""MultiPoint"",""coordinates"":[]}",-11.631034563965555,-19.341421646326644,-12.008533234242801,-19.42908310106595
1_1_2_120_0_1_1_2_120_0,0.21115,0.2326,0.1695,0.1848,0.06825,0.0824,0.0838,0.109,0.0896,0.1086,0.1789,0.2086,6,6,-0.4317681,-0.3618267,0.08268171,0.0543971,0.33258846,0.3152585,-0.36200988,-0.313602,13.126587173432302,80.21663534719988,4620.0,Chennai,10,"{""type"":""MultiPoint"",""coordinates"":[]}",-8.60701354838801,-15.613516782669944,-8.029200049981517,-15.151759101464208
1_1_2_121_0_1_1_2_121_0,0.012,0.0208,0.0086,0.0131,0.04925,0.0536,0.03835,0.0372,0.02595,0.0295,0.02035,0.0251,0,0,0.52333665,0.28275862,-0.25811437,-0.09368192,-0.12095033,-0.08058608,0.30664396,0.19422151,13.055889760572096,80.37231338593779,4621.0,Chennai,10,"{""type"":""MultiPoint"",""coordinates"":[]}",-16.343575482054792,-33.296647214454175,-17.817633213129785,-30.954567516582046
1_1_2_122_0_1_1_2_122_0,0.2556,0.144,0.1984,0.08415,0.0504,0.06215,0.0642,0.0704,0.0846,0.0596,0.1514,0.1563,5,3,-0.59849906,-0.3432836,0.25601965,-0.04095904,0.28305084,0.44789255,-0.40445268,-0.37891486,13.160633322700432,80.00651940224432,4622.0,Chennai,10,"{""type"":""MultiPoint"",""coordinates"":[]}",-14.843965414841831,-18.772359529462562,-11.143855770536934,-17.312281239452624
1_1_2_123_0_1_1_2_123_0,0.00875,0.0232,0.0069,0.0183,0.0315,0.0492,0.01915,0.0351,0.01275,0.0276,0.0133,0.0258,0,0,0.37275985,0.20411664,-0.20634921,-0.053061225,0.021113243,-0.033707865,0.18027735,0.15270936,12.87200462191283,80.38857289258036,4623.0,Chennai,10,"{""type"":""MultiPoint"",""coordinates"":[]}",-16.200123481816835,-32.632366490314396,-18.612633133978143,-36.389768081915655
1_1_2_124_0_1_1_2_124_0,0.2387,0.2714,0.1971,0.2309,0.1082,0.129,0.1238,0.1482,0.16,0.1592,0.2288,0.253,6,6,-0.31696552,-0.29361296,0.02117647,0.03508772,0.17695473,0.22755943,-0.29778787,-0.26121634,13.112124297357978,80.09167969117885,4624.0,Chennai,10,"{""type"":""MultiPoint"",""coordinates"":[]}",-2.937245866143325,-15.465862188038377,-1.838608521239891,-15.397115642381618
1_1_2_125_0_1_1_2_125_0,0.2094,0.2268,0.1434,0.1703,0.0545,0.0764,0.0831,0.0957,0.064,0.0868,0.2558,0.2424,4,4,-0.43179488,-0.40651163,-0.09974205,-0.03324808,0.59974986,0.472661,-0.50958985,-0.4338953,13.179587775195351,80.15572957093657,4625.0,Chennai,10,"{""type"":""MultiPoint"",""coordinates"":[]}",-8.096581112280628,-17.118795948452487,-8.328748718237712,-17.50785449961508
1_1_2_126_0_1_1_2_126_0,0.1473,0.2663,0.10165,0.177,0.0647,0.0878,0.09615,0.1146,0.07715,0.1178,0.2239,0.2808,6,6,-0.21010475,-0.39826727,-0.20635776,-0.026503382,0.48746055,0.40893126,-0.3991564,-0.42033383,12.968034525785209,80.20522674309156,4626.0,Chennai,10,"{""type"":""MultiPoint"",""coordinates"":[]}",-3.0276333167699025,-14.89846390498548,0.9032931454084637,-14.88372852257208
1_1_2_127_0_1_1_2_127_0,0.01175,0.0217,0.01015,0.0154,0.04185,0.0526,0.02615,0.0364,0.0186,0.0288,0.0169,0.0265,0,0,0.37994722,0.25301206,-0.17975567,-0.099585064,-0.047887325,-0.04159132,0.21486643,0.15739268,12.925723875903175,80.3776134461141,4627.0,Chennai,10,"{""type"":""MultiPoint"",""coordinates"":[]}",-17.84590657192738,-36.46329183660977,-16.677469054117353,-33.01734421898309
1_1_2_128_0_1_1_2_128_0,0.2688,0.2872,0.199,0.20495,0.0974,0.1574,0.1236,0.1793,0.1522,0.199,0.2456,0.2945,6,6,-0.37003058,-0.2312969,0.045101088,-0.012549425,0.23479135,0.1935157,-0.33044422,-0.24314056,12.85691292513962,80.04406898112052,4628.0,Chennai,10,"{""type"":""MultiPoint"",""coordinates"":[]}",-6.18968472594509,-15.421537930495209,-7.3250180576215085,-15.03962247235297
1_1_2_129_0_1_1_2_129_0,0.0092,0.0226,0.00755,0.017,0.04155,0.0496,0.02495,0.0456,0.01645,0.0297,0.0136,0.028,0,0,0.4612006,0.3372434,-0.19298245,-0.10671937,-0.09484193,-0.029462738,0.29442284,0.23913044,12.868501192304764,80.3106889574472,4629.0,Chennai,10,"{""type"":""MultiPoint"",""coordinates"":[]}",-17.18994392410133,-31.46221801136676,-17.15422003999823,-31.496120627707928
1_1_2_130_0_1_1_2_130_0,0.4313,0.3421,0.41285,0.2991,0.1512,0.146,0.2016,0.1938,0.2596,0.2332,0.3294,0.3232,4,5,-0.36293253,-0.27673075,0.13395557,0.028408237,0.11850594,0.16175413,-0.24067797,-0.25029013,12.990851734001842,80.27044443271863,4630.0,Chennai,10,"{""type"":""MultiPoint"",""coordinates"":[]}",-9.32332642036307,-16.76413835635731,-8.75865744703238,-16.834417907717675
1_1_2_131_0_1_1_2_131_0,0.2523,0.2145,0.1681,0.1138,0.0648,0.0676,0.075,0.0847,0.0831,0.0662,0.227,0.314,1,1,-0.54170483,-0.43382353,0.05278531,-0.18826869,0.46404386,0.65176225,-0.5033113,-0.57511914,13.093529170976703,80.13075640603806,4631.0,Chennai,10,"{""type"":""MultiPoint"",""coordinates"":[]}",-9.383635623711339,-15.037327584913864,-7.935424358090765,-14.470001685728803
1_1_2_132_0_1_1_2_132_0,0.1086,0.19365,0.063,0.1187,0.044,0.04255,0.0646,0.0582,0.0626,0.0614,0.1484,0.176,0,5,-0.25404158,-0.53782016,-0.15486382,0.04774787,0.40663508,0.48272958,-0.39342722,-0.5029889,12.832299086354746,80.01181946242063,4632.0,Chennai,10,"{""type"":""MultiPoint"",""coordinates"":[]}",-14.696170272709931,-19.7148119047679,-12.1747752454121,-19.144799291687324
1_1_2_133_0_1_1_2_133_0,0.0114,0.0217,0.00985,0.0166,0.03865,0.051,0.0253,0.0394,0.01845,0.0268,0.01455,0.0219,0,0,0.3787466,0.28968903,-0.12138728,-0.0045871558,-0.11818182,-0.100616015,0.2697616,0.28548124,12.81774637875201,80.33117054592512,4633.0,Chennai,10,"{""type"":""MultiPoint"",""coordinates"":[]}",-17.438284131304414,-28.28071797231216,-17.958339908912087,-31.0958979435159
1_1_2_134_0_1_1_2_134_0,0.011,0.0219,0.00975,0.0186,0.0326,0.0441,0.01905,0.0327,0.0136,0.0252,0.01145,0.0225,0,0,0.26788685,0.1978022,-0.020044543,-0.013513514,-0.08582834,-0.056603774,0.24918033,0.18478261,12.810200530365409,80.37698462541522,4634.0,Chennai,10,"{""type"":""MultiPoint"",""coordinates"":[]}",-16.668952097074587,-30.330474916522924,-16.909981089665443,-35.60665102338117
1_1_2_135_0_1_1_2_135_0,0.171,0.16655,0.0913,0.08575,0.046,0.06275,0.068,0.08145,0.0472,0.0629,0.2756,0.3046,1,1,-0.43096235,-0.34314516,-0.23421407,-0.29300648,0.7075589,0.65768707,-0.60419095,-0.5780339,12.959141204472424,80.00768721211368,4635.0,Chennai,10,"{""type"":""MultiPoint"",""coordinates"":[]}",-9.938920583025476,-14.892613762733006,-8.001959239637268,-14.956876024739518
1_1_2_136_0_1_1_2_136_0,0.3324,0.2819,0.2472,0.1909,0.0848,0.0886,0.1146,0.118,0.1504,0.1204,0.2846,0.2806,6,6,-0.48724833,-0.40985247,0.077471636,0.0023111112,0.30850574,0.39950123,-0.4258517,-0.40792775,12.805529290887984,80.14548877669762,4636.0,Chennai,10,"{""type"":""MultiPoint"",""coordinates"":[]}",-13.284926343426037,-18.799434244291106,-3.161149800766338,-16.21690068697697
1_1_2_137_0_1_1_2_137_0,0.2104,0.29225,0.1228,0.16455,0.0497,0.0671,0.0784,0.095,0.0745,0.08725,0.2646,0.3342,4,6,-0.4570637,-0.50936085,-0.11410526,-0.06696464,0.5606016,0.58595324,-0.54285717,-0.55731595,12.801846198223094,80.03499599675091,4637.0,Chennai,10,"{""type"":""MultiPoint"",""coordinates"":[]}",-12.478699292519764,-17.07685816023464,-11.124775442708394,-16.2917214603235
1_1_2_138_0_1_1_2_138_0,0.01145,0.0226,0.00945,0.0157,0.04795,0.049,0.0313,0.0396,0.022,0.0298,0.0192,0.0272,0,0,0.46432748,0.27331188,-0.25285482,-0.092369474,-0.067961164,-0.045614034,0.23960397,0.18562874,13.008189218985349,80.38129653877898,4638.0,Chennai,10,"{""type"":""MultiPoint"",""coordinates"":[]}",-17.3207259005865,-29.613150608448294,-16.21486521020059,-37.82873010140903
1_1_2_139_0_1_1_2_139_0,0.0095,0.0179,0.0078,0.0136,0.03875,0.051,0.0245,0.0367,0.01525,0.0286,0.0137,0.0254,0,0,0.44117647,0.34432235,-0.18103448,-0.17321016,-0.053540587,-0.05925926,0.2827225,0.18196458,13.172221589865574,80.39270514288731,4639.0,Chennai,10,"{""type"":""MultiPoint"",""coordinates"":[]}",-17.984541637071004,-32.0045455971289,-16.462992489473706,-35.92136721914587
1_1_2_140_0_1_1_2_140_0,0.2781,0.3003,0.19595,0.2047,0.06315,0.0812,0.0933,0.1078,0.0892,0.107,0.3243,0.3066,6,6,-0.49757674,-0.4716981,-0.07669323,-0.010380623,0.5685611,0.48259187,-0.5531609,-0.47972974,12.807505584513049,80.22184557584778,4640.0,Chennai,10,"{""type"":""MultiPoint"",""coordinates"":[]}",-9.97154405320882,-16.999918504402277,-9.480175156056308,-17.312553967956813
1_1_2_141_0_1_1_2_141_0,0.009,0.0187,0.0076,0.0149,0.04025,0.0496,0.02665,0.0408,0.01595,0.0306,0.0126,0.0251,0,0,0.49509117,0.37142858,-0.16666667,-0.14611872,-0.117338,-0.09874327,0.35796177,0.23823975,12.978724477666228,80.31697716443603,4641.0,Chennai,10,"{""type"":""MultiPoint"",""coordinates"":[]}",-17.27914226203048,-29.420621207493653,-16.350839525549322,-31.865244841628517
1_1_2_142_0_1_1_2_142_0,0.2767,0.2696,0.2264,0.2031,0.0896,0.0872,0.1054,0.1062,0.11,0.1092,0.2512,0.2588,6,6,-0.44831195,-0.43480575,0.048304603,0.02043906,0.39091915,0.40652174,-0.40886146,-0.41808218,13.138085609069032,80.1137782471682,4642.0,Chennai,10,"{""type"":""MultiPoint"",""coordinates"":[]}",-3.719329243604955,-16.0046881303107,-5.313855279217031,-16.243599619840644
1_1_2_143_0_1_1_2_143_0,0.00935,0.0224,0.0078,0.0172,0.03155,0.0493,0.0177,0.0412,0.01245,0.0282,0.0102,0.026,0,0,0.30868763,0.2955975,-0.04347826,-0.07438017,-0.09933775,-0.040590405,0.26881722,0.22619048,12.807505584513049,80.35901831973283,4643.0,Chennai,10,"{""type"":""MultiPoint"",""coordinates"":[]}",-17.21265274415512,-31.85753788735347,-16.985429438210097,-32.17949432792308
1_1_2_144_0_1_1_2_144_0,0.0852,0.11295,0.0463,0.0636,0.0456,0.086,0.0626,0.08805,0.0463,0.06445,0.1878,0.2322,4,4,-0.15290934,-0.123880595,-0.37582418,-0.34550196,0.60444254,0.5654812,-0.5,-0.45011708,13.154165452654771,80.04406898112052,4644.0,Chennai,10,"{""type"":""MultiPoint"",""coordinates"":[]}",-11.362339422975548,-20.313881610265184,-11.199845531707943,-18.79214573499402
1_1_2_145_0_1_1_2_145_0,0.00795,0.0177,0.0056,0.0144,0.03515,0.05,0.02625,0.0444,0.01585,0.0276,0.0108,0.0251,0,0,0.5350877,0.4299517,-0.152,-0.17289719,-0.18949343,-0.04743833,0.41700405,0.27769783,13.00001454989986,80.29811254346951,4645.0,Chennai,10,"{""type"":""MultiPoint"",""coordinates"":[]}",-17.522372517613466,-28.283341823156974,-17.62691392679242,-31.056375549272282
1_1_2_146_0_1_1_2_146_0,0.3397,0.31015,0.2918,0.3058,0.0946,0.1457,0.135,0.1809,0.1722,0.2173,0.2458,0.2656,6,6,-0.43121973,-0.2632115,0.16037574,0.077377334,0.17607656,0.10002071,-0.2909664,-0.18969765,13.173389399734928,80.05637590051296,4646.0,Chennai,10,"{""type"":""MultiPoint"",""coordinates"":[]}",-9.350964720791756,-17.419214989238824,-9.978945898250146,-20.011088581761854
1_1_2_147_0_1_1_2_147_0,0.3535,0.3005,0.3612,0.2638,0.1381,0.1228,0.2029,0.1802,0.2545,0.1994,0.2905,0.3228,7,7,-0.2706686,-0.25026003,0.097826086,-0.035777315,0.066055045,0.23630793,-0.17754358,-0.283499,13.122634586182176,80.30008883709458,4647.0,Chennai,10,"{""type"":""MultiPoint"",""coordinates"":[]}",-11.955071807553947,-23.172575182980125,-9.003688028346984,-15.631572204762085
1_1_2_148_0_1_1_2_148_0,0.0963,0.0853,0.067,0.0516,0.0428,0.0465,0.0596,0.0499,0.0568,0.0374,0.1508,0.1522,0,0,-0.23540731,-0.26183432,-0.22055848,-0.28168422,0.45279384,0.60548526,-0.4334601,-0.50618505,12.836341505133284,80.0800015924853,4648.0,Chennai,10,"{""type"":""MultiPoint"",""coordinates"":[]}",-12.573457249321915,-19.179202164681566,-13.544193820230694,-18.615095832444382
1_1_2_149_0_1_1_2_149_0,0.01035,0.0223,0.00865,0.0143,0.04775,0.0483,0.03055,0.034,0.0208,0.0242,0.01835,0.021,0,0,0.49388754,0.20781527,-0.27874565,0.030023094,-0.06257982,-0.07079646,0.24948876,0.23636363,13.006123093831874,80.36934894550019,4649.0,Chennai,10,"{""type"":""MultiPoint"",""coordinates"":[]}",-16.913946072590186,-33.84472003280135,-16.698798684253255,-31.85624425826939
1_1_2_150_0_1_1_2_150_0,0.0119,0.0226,0.0098,0.0143,0.0429,0.057,0.0315,0.0422,0.0244,0.0342,0.01805,0.0288,0,0,0.4516129,0.30246913,-0.20534223,-0.12062257,-0.14958775,-0.08571429,0.27144298,0.1887324,13.013668942218478,80.37815243528458,4650.0,Chennai,10,"{""type"":""MultiPoint"",""coordinates"":[]}",-17.15008837653247,-29.297319549602854,-16.803939107461336,-29.028331948441508
1_1_2_151_0_1_1_2_151_0,0.2109,0.2365,0.1879,0.2087,0.0898,0.121,0.1022,0.132,0.1058,0.1492,0.1699,0.2064,6,6,-0.34717342,-0.2835821,0.107668065,0.067961164,0.2324991,0.16085489,-0.24880558,-0.21985815,12.932730735119309,80.18205020876128,4651.0,Chennai,10,"{""type"":""MultiPoint"",""coordinates"":[]}",-3.9658369141816774,-14.960263708169915,-3.2939604430862524,-14.396902104905909
1_1_2_152_0_1_1_2_152_0,0.2795,0.2906,0.2093,0.2213,0.0608,0.1076,0.0888,0.117,0.087,0.1158,0.249,0.2752,6,6,-0.5177844,-0.42590776,0.057710502,0.027218098,0.48214287,0.40767264,-0.4742451,-0.40336564,13.142487353961217,80.11431723633866,4652.0,Chennai,10,"{""type"":""MultiPoint"",""coordinates"":[]}",-5.130563029750461,-14.486173231963008,-2.7747120526219953,-14.638090116992114
1_1_2_153_0_1_1_2_153_0,0.0264,0.024,0.0206,0.0191,0.04855,0.0581,0.03675,0.0422,0.0304,0.0324,0.0265,0.0293,0,0,0.16389549,0.27492446,-0.0018903592,-0.09943715,-0.0685413,-0.050243113,0.16205534,0.18041958,12.801037714467387,80.35892848820441,4653.0,Chennai,10,"{""type"":""MultiPoint"",""coordinates"":[]}",-16.158537336120496,-32.57482119379241,-17.269170912654985,-38.991058312393655
1_1_2_154_0_1_1_2_154_0,0.01105,0.0229,0.0088,0.0166,0.04055,0.0486,0.0234,0.0404,0.01825,0.0292,0.0152,0.0219,0,0,0.35849056,0.2764613,-0.15809524,0.02232143,-0.09118087,-0.14285715,0.21243523,0.29695025,12.815320927484889,80.35183179745987,4654.0,Chennai,10,"{""type"":""MultiPoint"",""coordinates"":[]}",-17.506043382807217,-31.093654241112453,-17.108780301226258,-32.25627943242265
1_1_2_155_0_1_1_2_155_0,0.243,0.2547,0.1986,0.20875,0.085,0.1285,0.1098,0.1429,0.1294,0.1511,0.2074,0.2294,6,6,-0.37755102,-0.28118712,0.079040855,0.05226193,0.23159145,0.20578186,-0.30769232,-0.23233952,12.893923514845346,80.06724551545081,4655.0,Chennai,10,"{""type"":""MultiPoint"",""coordinates"":[]}",-7.380555773982785,-14.692604853849558,-6.489981162947057,-16.569849223600123
1_1_2_156_0_1_1_2_156_0,0.00825,0.0167,0.0067,0.0132,0.04125,0.051,0.02785,0.0402,0.0178,0.0303,0.01425,0.0253,0,0,0.54293627,0.41300526,-0.26666668,-0.20476191,-0.11076443,-0.08992806,0.32304037,0.22748092,13.061099989219988,80.33215869273765,4656.0,Chennai,10,"{""type"":""MultiPoint"",""coordinates"":[]}",-17.32320594443302,-26.62424149825762,-17.08419952628412,-29.613707491301653
1_1_2_157_0_1_1_2_157_0,0.0064,0.0236,0.0056,0.0213,0.03725,0.0656,0.0494,0.0733,0.0249,0.038,0.0066,0.0174,0,0,0.7706093,0.5128999,-0.015384615,0.15121952,-0.5809524,-0.37184116,0.76428574,0.6163175,12.838227967229937,80.250681496468,4657.0,Chennai,10,"{""type"":""MultiPoint"",""coordinates"":[]}",-17.10333456521413,-28.410327299604088,-18.707615821597614,-29.748827049761285
1_1_2_158_0_1_1_2_158_0,0.0069,0.0164,0.00555,0.0116,0.0401,0.0493,0.0334,0.0462,0.0163,0.0308,0.0105,0.0247,0,0,0.6575682,0.47603834,-0.20689656,-0.20194647,-0.21641791,-0.10990991,0.52164006,0.303244,13.07080179428848,80.31760598513492,4658.0,Chennai,10,"{""type"":""MultiPoint"",""coordinates"":[]}",-17.8180139951155,-29.130479693492916,-18.393985819311954,-32.89620996508833
1_1_2_159_0_1_1_2_159_0,0.2909,0.28225,0.2135,0.2198,0.0728,0.1086,0.094,0.1331,0.1072,0.1478,0.2896,0.2664,6,6,-0.51156145,-0.35909474,0.0022394487,0.028889092,0.45967743,0.2863351,-0.5099062,-0.33366707,13.148955224006878,80.03589431203503,4659.0,Chennai,10,"{""type"":""MultiPoint"",""coordinates"":[]}",-7.977536770356091,-14.688799471324403,-9.237773651297744,-15.218015369781664
1_1_2_160_0_1_1_2_160_0,0.24195,0.3071,0.15965,0.2101,0.0718,0.0842,0.09455,0.098,0.0915,0.1,0.2469,0.2796,6,6,-0.43803865,-0.51616883,-0.010125806,0.046872336,0.45921987,0.4731296,-0.44618538,-0.4809322,13.152099327501295,80.19714190553448,4660.0,Chennai,10,"{""type"":""MultiPoint"",""coordinates"":[]}",-10.419242972434972,-16.83333194445197,-10.01684614950268,-16.789931101720473
1_1_2_161_0_1_1_2_161_0,0.3105,0.38915,0.2429,0.28345,0.0792,0.0828,0.0948,0.1042,0.1226,0.1241,0.225,0.2627,4,4,-0.53219837,-0.5775818,0.15966387,0.19398634,0.2945915,0.3583247,-0.40712947,-0.4319978,13.0799646101865,80.0137957560457,4661.0,Chennai,10,"{""type"":""MultiPoint"",""coordinates"":[]}",-13.01712523427434,-17.95386724587029,-11.391030057506109,-16.96155078157427
1_1_2_162_0_1_1_2_162_0,0.235,0.1822,0.1552,0.1133,0.05,0.0586,0.072,0.0644,0.0768,0.0582,0.1926,0.1824,5,1,-0.53094465,-0.4776967,0.09915809,-0.0005485464,0.4298441,0.5162095,-0.45578232,-0.47811994,12.844246679633535,80.10677138795207,4662.0,Chennai,10,"{""type"":""MultiPoint"",""coordinates"":[]}",-14.559393498546214,-19.3408899159761,-14.278928470467307,-19.211136064866327
1_1_2_163_0_1_1_2_163_0,0.3495,0.4288,0.3368,0.3209,0.0966,0.1008,0.1452,0.1312,0.2122,0.1516,0.2898,0.314,4,4,-0.41297758,-0.5314286,0.09338339,0.15455034,0.15458167,0.34879726,-0.3324138,-0.41060197,12.917189880704042,80.1161138669069,4663.0,Chennai,10,"{""type"":""MultiPoint"",""coordinates"":[]}",-14.907683884246929,-25.113492702690795,-13.581058141098028,-22.725325109271374
1_1_2_164_0_1_1_2_164_0,0.01195,0.0218,0.00925,0.0167,0.0412,0.058,0.02675,0.045,0.0206,0.0346,0.01525,0.0276,0,0,0.38242894,0.3473054,-0.121323526,-0.11740891,-0.14923291,-0.11254019,0.27380952,0.23966943,12.963902275478256,80.36934894550019,4664.0,Chennai,10,"{""type"":""MultiPoint"",""coordinates"":[]}",-17.43788051827394,-38.47635499449528,-16.416140785876006,-32.57916771470694
1_1_2_165_0_1_1_2_165_0,0.2098,0.2581,0.16485,0.2013,0.1066,0.1062,0.121,0.1232,0.1306,0.134,0.2379,0.2686,6,6,-0.26844016,-0.35378966,-0.06276525,-0.019935448,0.29118046,0.33432686,-0.32571748,-0.3711077,12.900840542533066,80.19148251924453,4665.0,Chennai,10,"{""type"":""MultiPoint"",""coordinates"":[]}",-2.0979465230035217,-15.034455265101265,-0.9426386662721364,-15.542235895828318
1_1_2_166_0_1_1_2_166_0,0.2437,0.2196,0.1793,0.1489,0.0483,0.087,0.0726,0.0869,0.0702,0.0722,0.2736,0.2214,6,6,-0.54094213,-0.4329527,-0.057800114,-0.0040816325,0.591623,0.50817436,-0.58058923,-0.43626338,12.818734525564542,80.16120929416971,4666.0,Chennai,10,"{""type"":""MultiPoint"",""coordinates"":[]}",-9.188425318333802,-17.254104941561287,-7.976293518069749,-15.725581067080732
1_1_2_167_0_1_1_2_167_0,0.27685,0.2842,0.25135,0.2507,0.1478,0.1566,0.1727,0.1838,0.1894,0.2164,0.2278,0.3088,6,6,-0.23167612,-0.21452992,0.09719608,-0.04148398,0.092042185,0.17593297,-0.13757803,-0.25375557,13.112483623471626,80.29056669508292,4667.0,Chennai,10,"{""type"":""MultiPoint"",""coordinates"":[]}",-0.38143692098691795,-14.240169479151284,1.5902109523322907,-13.616455620251388
1_1_2_168_0_1_1_2_168_0,0.29085,0.2778,0.22935,0.2086,0.1034,0.1148,0.1388,0.125,0.1584,0.1324,0.2765,0.2886,6,6,-0.3538927,-0.37934458,0.02529303,-0.019067796,0.27155668,0.3710214,-0.33156756,-0.39555126,12.857631577366917,80.17836711609638,4668.0,Chennai,10,"{""type"":""MultiPoint"",""coordinates"":[]}",-10.744865740862824,-19.05670502994338,-8.483151853922688,-16.101224478448607
1_1_2_169_0_1_1_2_169_0,0.0086,0.022,0.0065,0.0164,0.042,0.0574,0.0277,0.0532,0.01725,0.0381,0.0145,0.0299,0,0,0.5261708,0.41489363,-0.25541127,-0.1522158,-0.08661418,-0.120588236,0.3127962,0.28038508,13.035767498207818,80.32811627395911,4669.0,Chennai,10,"{""type"":""MultiPoint"",""coordinates"":[]}",-16.6088853492432,-29.095651507028165,-17.136590067800906,-29.084992918878534
1_1_2_170_0_1_1_2_170_0,0.2353,0.259,0.1817,0.1933,0.073,0.0984,0.091,0.113,0.08795,0.1102,0.2377,0.3188,6,6,-0.4422311,-0.39247313,-0.005073996,-0.10349602,0.45984954,0.4862471,-0.4463036,-0.47660953,12.854307810815676,80.17180941452231,4670.0,Chennai,10,"{""type"":""MultiPoint"",""coordinates"":[]}",-3.522909485529911,-14.502799878180298,-4.98907134032583,-15.059814804203205
1_1_2_171_0_1_1_2_171_0,0.0108,0.0208,0.0082,0.014,0.0441,0.0557,0.0322,0.0394,0.02265,0.0294,0.01745,0.0241,0,0,0.4976744,0.3089701,-0.23539823,-0.07349666,-0.1296758,-0.09906542,0.29707956,0.24094488,13.060830494634752,80.36386922226707,4671.0,Chennai,10,"{""type"":""MultiPoint"",""coordinates"":[]}",-16.742846141644797,-28.440673740401316,-17.267968470552645,-32.20409524105598
1_1_2_172_0_1_1_2_172_0,0.2645,0.2984,0.1985,0.2426,0.0664,0.1028,0.0812,0.1212,0.0775,0.1302,0.2444,0.3078,6,6,-0.5302285,-0.42230695,0.039496955,-0.015506433,0.518484,0.40547946,-0.5012285,-0.43496504,13.055710097515272,80.12365971529351,4672.0,Chennai,10,"{""type"":""MultiPoint"",""coordinates"":[]}",-7.813956029433954,-16.60991957302153,-0.8093648135673664,-12.611165058807018
1_1_2_173_0_1_1_2_173_0,0.1464,0.1833,0.0723,0.0939,0.0518,0.0646,0.0786,0.085,0.0561,0.0648,0.3308,0.3224,4,4,-0.30133334,-0.36638093,-0.3864208,-0.27506426,0.7100026,0.6652893,-0.6160234,-0.5827197,12.884760698947328,80.16327541932318,4673.0,Chennai,10,"{""type"":""MultiPoint"",""coordinates"":[]}",-11.588388376088437,-18.234047521780333,-10.499262912064706,-17.93243652009076
1_1_2_174_0_1_1_2_174_0,0.21015,0.2476,0.1768,0.2017,0.0894,0.0906,0.105,0.1166,0.1314,0.141,0.2133,0.2564,6,6,-0.33365065,-0.35969248,-0.007438895,-0.017460318,0.23759791,0.2903875,-0.34024504,-0.37479892,12.989953418717722,80.20289112335286,4674.0,Chennai,10,"{""type"":""MultiPoint"",""coordinates"":[]}",-5.522750644668505,-15.292681274729246,-6.462303943977989,-15.719453355541141
1_1_2_175_0_1_1_2_175_0,0.0109,0.0238,0.0089,0.0177,0.04845,0.0536,0.0321,0.0412,0.0204,0.0292,0.0171,0.026,0,0,0.49302325,0.2676923,-0.22142857,-0.044176705,-0.088,-0.057971016,0.30487806,0.22619048,12.910362684544731,80.33395532330589,4675.0,Chennai,10,"{""type"":""MultiPoint"",""coordinates"":[]}",-17.52754524130356,-32.890011649645714,-17.304008631566674,-32.685697159552944
1_1_2_176_0_1_1_2_176_0,0.25745,0.2564,0.22145,0.2267,0.0954,0.1114,0.1249,0.1344,0.1667,0.1558,0.2364,0.2412,6,6,-0.3466719,-0.31218013,0.04262428,0.030546624,0.17290995,0.21511336,-0.30860782,-0.28434506,13.18767261275243,80.31509070233938,4676.0,Chennai,10,"{""type"":""MultiPoint"",""coordinates"":[]}",-8.973693409588826,-16.546009868315274,-8.29923280643649,-16.098069673174294
1_1_2_177_0_1_1_2_177_0,0.2981,0.3274,0.196,0.21375,0.06,0.0879,0.0736,0.1043,0.077,0.105,0.2554,0.267,6,6,-0.60398173,-0.5167941,0.077145435,0.10161507,0.53670275,0.43548387,-0.5525836,-0.43819013,13.114819243210336,80.04415881264893,4677.0,Chennai,10,"{""type"":""MultiPoint"",""coordinates"":[]}",-12.735614269257287,-17.984181061078996,-9.75134974457478,-15.243938363384075
1_1_2_178_0_1_1_2_178_0,0.2073,0.26775,0.1621,0.22075,0.07,0.1447,0.0876,0.1566,0.093,0.1755,0.2062,0.2812,6,6,-0.4059003,-0.26193002,0.0026602177,-0.02450132,0.37834224,0.23144296,-0.40367597,-0.28460485,12.884221709776854,80.077755804275,4678.0,Chennai,10,"{""type"":""MultiPoint"",""coordinates"":[]}",-3.9739470083819595,-15.140305680278045,-3.840881025522369,-14.958786180971433
1_1_2_179_0_1_1_2_179_0,0.2801,0.3074,0.24765,0.2574,0.1633,0.166,0.1604,0.1862,0.1918,0.1946,0.2307,0.25,6,6,-0.27173665,-0.24554294,0.09671104,0.10297811,0.092071004,0.124606386,-0.17974943,-0.14626318,12.8747893992936,80.21959978763748,4679.0,Chennai,10,"{""type"":""MultiPoint"",""coordinates"":[]}",-0.7604929539768248,-22.17040948452254,-1.692799037092273,-22.76694500261017
1_1_2_180_0_1_1_2_180_0,0.0072,0.0194,0.0049,0.0147,0.04325,0.0508,0.0317,0.0483,0.0171,0.0325,0.0136,0.0278,0,0,0.62982005,0.4268833,-0.30769232,-0.1779661,-0.11400651,-0.077943616,0.39955848,0.2693824,13.063345777430287,80.31185676731656,4680.0,Chennai,10,"{""type"":""MultiPoint"",""coordinates"":[]}",-17.144760389658835,-29.852177685664874,-17.174293879530683,-29.709833763430286
1_1_2_181_0_1_1_2_181_0,0.22925,0.2368,0.2055,0.1995,0.1174,0.0964,0.145,0.119,0.1595,0.1436,0.2151,0.227,6,6,-0.2251169,-0.33108488,0.031844266,0.021129798,0.14842498,0.22504048,-0.19466814,-0.31213874,12.932191745948836,80.20459792239268,4681.0,Chennai,10,"{""type"":""MultiPoint"",""coordinates"":[]}",-6.007267381301478,-13.768822068061189,-3.5016224277715264,-12.68014964079149
1_1_2_182_0_1_1_2_182_0,0.10005,0.1403,0.05935,0.0937,0.031,0.0435,0.04415,0.0636,0.03465,0.0536,0.1172,0.1232,3,3,-0.38765603,-0.3761648,-0.078941315,0.06489564,0.5436286,0.39366516,-0.4527425,-0.31905782,13.178689459911237,80.29227349412274,4682.0,Chennai,10,"{""type"":""MultiPoint"",""coordinates"":[]}",-8.154763186252987,-15.666742283532082,-11.139318526176613,-17.040631384843216
1_1_2_183_0_1_1_2_183_0,0.3033,0.3013,0.2379,0.2012,0.0948,0.1042,0.1214,0.1382,0.1494,0.151,0.2166,0.245,6,6,-0.42830232,-0.37110353,0.16676284,0.10305693,0.18360655,0.23737374,-0.2816568,-0.27870563,12.872633442611711,80.13434966717453,4683.0,Chennai,10,"{""type"":""MultiPoint"",""coordinates"":[]}",-12.38566884191064,-18.69453701712445,-10.397297065931294,-18.24754886086208
1_1_2_184_0_1_1_2_184_0,0.2143,0.2291,0.1635,0.1881,0.0804,0.1416,0.098,0.147,0.0969,0.1244,0.223,0.2622,6,6,-0.37239835,-0.21829301,-0.019894809,-0.06737228,0.3941857,0.35644075,-0.3894081,-0.28152493,13.008548545098996,80.1010221701337,4684.0,Chennai,10,"{""type"":""MultiPoint"",""coordinates"":[]}",-7.698477981360602,-14.367567845083792,-8.30884106434931,-14.780818541314513
1_1_2_185_0_1_1_2_185_0,0.13965,0.1665,0.11715,0.1389,0.0758,0.0852,0.0861,0.0991,0.0931,0.1008,0.1451,0.152,6,6,-0.2372093,-0.25376505,-0.019139595,0.0455259,0.21830395,0.20253165,-0.2551903,-0.21067303,13.08508500730598,80.28679377088962,4685.0,Chennai,10,"{""type"":""MultiPoint"",""coordinates"":[]}",-5.287942140189218,-12.232216700383438,-5.67113584225903,-13.414129954283503
1_1_2_186_0_1_1_2_186_0,0.0096,0.0192,0.0072,0.0143,0.04135,0.0478,0.0249,0.0377,0.0167,0.028,0.0134,0.022,0,0,0.44347826,0.3251318,-0.16521738,-0.067961164,-0.10963455,-0.12,0.3002611,0.26298156,12.99219920692802,80.35192162898828,4686.0,Chennai,10,"{""type"":""MultiPoint"",""coordinates"":[]}",-18.06042075439975,-30.21153790332275,-16.966810230052197,-34.78784910379443
1_1_2_187_0_1_1_2_187_0,0.3174,0.27035,0.247,0.1964,0.0714,0.0796,0.0995,0.10105,0.1304,0.106,0.2392,0.2241,1,4,-0.5226673,-0.45584276,0.14049587,0.09353828,0.2943723,0.35777038,-0.4124594,-0.3784407,12.93506635485802,80.01792800635265,4687.0,Chennai,10,"{""type"":""MultiPoint"",""coordinates"":[]}",-12.010951009606883,-19.667408230865277,-9.345673729256093,-15.572755823228299
1_1_2_188_0_1_1_2_188_0,0.00895,0.016,0.0067,0.0133,0.0348,0.0462,0.02315,0.035,0.01585,0.0294,0.0112,0.0231,0,0,0.4423676,0.37254903,-0.11166253,-0.18158568,-0.17190388,-0.12,0.34788936,0.20481928,13.093978328618762,80.39620857249537,4688.0,Chennai,10,"{""type"":""MultiPoint"",""coordinates"":[]}",-16.96178788257218,-32.347057975271724,-16.864299018097032,-32.04487202513139
1_1_2_189_0_1_1_2_189_0,0.0083,0.0193,0.00675,0.0163,0.0361,0.051,0.02785,0.0424,0.01715,0.025,0.0115,0.024,0,0,0.54080224,0.3743922,-0.16161616,-0.108545035,-0.19720767,-0.020408163,0.4155019,0.27710843,12.868501192304764,80.27942758555983,4689.0,Chennai,10,"{""type"":""MultiPoint"",""coordinates"":[]}",-17.470070014899363,-29.8073480022778,-18.30468170122973,-32.866050283333585
1_1_2_190_0_1_1_2_190_0,0.0057,0.0183,0.0049,0.0159,0.02755,0.0467,0.0349,0.0542,0.01705,0.0296,0.00505,0.0159,0,0,0.7192118,0.4951724,0.060465116,0.07017544,-0.54298645,-0.3010989,0.747184,0.54636234,12.910811842186792,80.25993414389444,4690.0,Chennai,10,"{""type"":""MultiPoint"",""coordinates"":[]}",-18.768410463245782,-29.147546400881026,-17.91959739755061,-30.731060307259316
1_1_2_191_0_1_1_2_191_0,0.159,0.1504,0.0819,0.07985,0.0323,0.04505,0.0509,0.0661,0.0304,0.04045,0.3264,0.2771,4,4,-0.51500714,-0.38937643,-0.3448702,-0.29637426,0.8295964,0.745237,-0.7301882,-0.6148019,12.963902275478256,80.01280760923316,4691.0,Chennai,10,"{""type"":""MultiPoint"",""coordinates"":[]}",-11.863074940480882,-18.19083386128708,-9.905628073143903,-17.20444348454678
1_1_2_192_0_1_1_2_192_0,0.16605,0.2323,0.09285,0.1635,0.031,0.109,0.0433,0.1202,0.0319,0.1078,0.2592,0.2966,6,6,-0.58633864,-0.31801417,-0.21904762,-0.121573076,0.78083134,0.4668645,-0.713719,-0.42322457,13.049871048168496,80.25104082258166,4692.0,Chennai,10,"{""type"":""MultiPoint"",""coordinates"":[]}",-8.233914419566338,-14.265810908183798,-5.623159223477008,-14.520139957442694
1_1_2_193_0_1_1_2_193_0,0.20355,0.254,0.1876,0.2085,0.0782,0.112,0.0849,0.1266,0.0913,0.1282,0.1231,0.203,6,6,-0.41133645,-0.33473462,0.24628808,0.111597374,0.1483209,0.22584541,-0.18365385,-0.23179612,12.972705765262628,80.18914689950583,4693.0,Chennai,10,"{""type"":""MultiPoint"",""coordinates"":[]}",-9.856123873539754,-11.871197647209621,-8.113260728497604,-13.391193638784681
1_1_2_194_0_1_1_2_194_0,0.0086,0.0184,0.0068,0.0161,0.0397,0.0535,0.02545,0.0407,0.0174,0.0305,0.0133,0.0253,0,0,0.4948605,0.37732658,-0.21461187,-0.15789473,-0.1335505,-0.09318996,0.3135484,0.23333333,13.12002947185823,80.38686609354053,4694.0,Chennai,10,"{""type"":""MultiPoint"",""coordinates"":[]}",-16.242673904278206,-31.741541048962585,-16.844337197719852,-32.70647678772289
1_1_2_195_0_1_1_2_195_0,0.1983,0.2061,0.119,0.1153,0.036,0.0696,0.0576,0.0874,0.0531,0.066,0.2668,0.31,1,1,-0.5498242,-0.4044293,-0.14728016,-0.20131758,0.66802126,0.64893615,-0.64488286,-0.5601409,12.90066087947624,80.109376502276,4695.0,Chennai,10,"{""type"":""MultiPoint"",""coordinates"":[]}",-6.562194330847556,-15.314305938636615,-7.848041387814064,-13.20835876360144
1_1_2_196_0_1_1_2_196_0,0.2072,0.2635,0.1367,0.1902,0.0678,0.1012,0.0986,0.136,0.1028,0.1476,0.2684,0.289,1,6,-0.35513407,-0.31914893,-0.12867956,-0.046153847,0.44612068,0.32386625,-0.4626703,-0.36,12.9852821792403,80.11862914970244,4696.0,Chennai,10,"{""type"":""MultiPoint"",""coordinates"":[]}",-5.663778931954853,-12.972810701766242,-5.819073870652737,-14.708190834550571
1_1_2_197_0_1_1_2_197_0,0.158,0.17545,0.0858,0.0899,0.0418,0.0753,0.0662,0.0946,0.0461,0.07185,0.2908,0.3458,1,1,-0.40945584,-0.299389,-0.29590017,-0.32681054,0.7263283,0.655932,-0.6291317,-0.5703906,12.811098845649523,80.04577578016034,4697.0,Chennai,10,"{""type"":""MultiPoint"",""coordinates"":[]}",-11.073923279803228,-16.773140129942984,-9.986567791087888,-17.679769134341253
1_1_2_198_0_1_1_2_198_0,0.0105,0.0248,0.0094,0.0172,0.0339,0.053,0.0213,0.0384,0.0176,0.0294,0.01215,0.025,0,0,0.33962265,0.21518987,-0.07284768,-0.004016064,-0.18319328,-0.080882356,0.2735426,0.21135646,12.874519904708364,80.37213372288097,4698.0,Chennai,10,"{""type"":""MultiPoint"",""coordinates"":[]}",-17.39575783414599,-31.359020875416345,-17.88575593451617,-32.936897285221754
1_1_2_199_0_1_1_2_199_0,0.0073,0.0146,0.0059,0.0117,0.03755,0.052,0.02885,0.0472,0.0146,0.032,0.00925,0.0239,0,0,0.5961273,0.5275081,-0.11782477,-0.24155845,-0.22431865,-0.1449016,0.5144357,0.32770744,13.154255284183185,80.3378180790276,4699.0,Chennai,10,"{""type"":""MultiPoint"",""coordinates"":[]}",-17.780655212827728,-30.192757507144236,-17.471570164350897,-31.25974867282204
1_1_2_200_0_1_1_2_200_0,0.1978,0.1919,0.11215,0.106,0.03045,0.0456,0.06325,0.0678,0.0398,0.0524,0.2647,0.2928,1,1,-0.5154185,-0.47785908,-0.14464864,-0.20817,0.73858786,0.69640785,-0.61427045,-0.6239601,12.801936029751507,80.20513691156314,4700.0,Chennai,10,"{""type"":""MultiPoint"",""coordinates"":[]}",-7.616502720420425,-13.300691012937468,-7.8373969610451795,-13.270984051559454
1_1_2_201_0_1_1_2_201_0,0.0084,0.0169,0.0065,0.0132,0.0402,0.0502,0.02655,0.039,0.017,0.0299,0.0128,0.0216,0,0,0.5193133,0.39534885,-0.20754717,-0.12207792,-0.1409396,-0.16116504,0.3494282,0.28712872,13.076012022936371,80.36548618977848,4701.0,Chennai,10,"{""type"":""MultiPoint"",""coordinates"":[]}",-17.53322145971665,-29.55210372019044,-17.019769024669554,-31.3588542638091
1_1_2_202_0_1_1_2_202_0,0.00665,0.0191,0.00725,0.0127,0.0307,0.0496,0.0424,0.0582,0.0196,0.0387,0.0082,0.0203,0,0,0.7288481,0.50582147,-0.104377106,-0.030456852,-0.41007194,-0.3118644,0.6758893,0.48280254,13.144733142171516,80.30350243517424,4702.0,Chennai,10,"{""type"":""MultiPoint"",""coordinates"":[]}",-16.589989617108785,-25.01822972794935,-15.200708382280455,-28.12068546561127
1_1_2_203_0_1_1_2_203_0,0.288,0.311,0.2546,0.25515,0.1244,0.1348,0.15,0.1588,0.1704,0.1748,0.2596,0.275,6,6,-0.31506848,-0.32396764,0.051862672,0.061433446,0.20744187,0.22276567,-0.26757812,-0.2678654,13.0611898207484,80.04829106295588,4703.0,Chennai,10,"{""type"":""MultiPoint"",""coordinates"":[]}",-6.5087712396026385,-14.113499350192027,-5.943097693732078,-12.18853695748468
1_1_2_204_0_1_1_2_204_0,0.01015,0.0273,0.00785,0.0225,0.0439,0.0656,0.02835,0.0547,0.0191,0.0468,0.0166,0.0342,0,0,0.47272727,0.33414635,-0.2411215,-0.11219512,-0.070028014,-0.15555556,0.26140156,0.23059617,12.939378268221793,80.33018239911259,4704.0,Chennai,10,"{""type"":""MultiPoint"",""coordinates"":[]}",-17.80133107264899,-28.545068087056684,-17.083797340125166,-31.566150949775075
1_1_2_205_0_1_1_2_205_0,0.2215,0.2235,0.1335,0.1466,0.0652,0.0778,0.093,0.0926,0.0956,0.078,0.2728,0.3022,1,1,-0.40858504,-0.41410947,-0.10378313,-0.14970516,0.4809989,0.5896896,-0.4915254,-0.53090173,12.9957924680645,80.15959232665828,4705.0,Chennai,10,"{""type"":""MultiPoint"",""coordinates"":[]}",-8.737391878309209,-14.165938230475703,-8.026048635063466,-13.2939170592505
1_1_2_206_0_1_1_2_206_0,0.00905,0.0181,0.0077,0.0138,0.03545,0.0546,0.02165,0.0388,0.0143,0.0305,0.0109,0.0242,0,0,0.41042346,0.36379614,-0.092731826,-0.14420804,-0.13492064,-0.115173675,0.33026114,0.23174603,13.117873515176342,80.39764587694997,4706.0,Chennai,10,"{""type"":""MultiPoint"",""coordinates"":[]}",-18.49152265946751,-30.4684209587219,-18.376940994903567,-30.381538229407298
1_1_2_207_0_1_1_2_207_0,0.2049,0.2727,0.1797,0.2101,0.114,0.1552,0.1284,0.1854,0.1466,0.2022,0.1906,0.2618,6,6,-0.22952296,-0.19056974,0.036156762,0.020392891,0.13048635,0.12844828,-0.19498433,-0.17084078,12.986899146751716,80.16821615338584,4707.0,Chennai,10,"{""type"":""MultiPoint"",""coordinates"":[]}",-5.005212228937426,-11.629263732684073,-3.4274925152147464,-10.097072619517649
1_1_2_208_0_1_1_2_208_0,0.19575,0.2424,0.17795,0.2289,0.108,0.1322,0.1239,0.1528,0.1391,0.1676,0.1835,0.1944,6,6,-0.2247771,-0.22672065,0.03230059,0.10989011,0.13763174,0.07403315,-0.1938842,-0.11981567,12.924376402976998,80.19741140011972,4708.0,Chennai,10,"{""type"":""MultiPoint"",""coordinates"":[]}",-8.860693081074354,-17.104782577476104,-7.351405354980854,-15.647855214495612
1_1_2_209_0_1_1_2_209_0,0.00965,0.0248,0.0084,0.0199,0.0395,0.0608,0.025,0.0484,0.01645,0.0391,0.01345,0.0308,0,0,0.44300145,0.32240438,-0.16450216,-0.107913665,-0.10033445,-0.11874106,0.30039012,0.22222222,12.933090061232956,80.31284491412909,4709.0,Chennai,10,"{""type"":""MultiPoint"",""coordinates"":[]}",-18.014542026438495,-33.14357881169532,-17.29624219926652,-31.67631857813712
1_1_2_210_0_1_1_2_210_0,0.0116,0.0185,0.00895,0.0139,0.04015,0.0444,0.02455,0.0331,0.01775,0.024,0.01605,0.0168,0,0,0.3582296,0.28294572,-0.16094032,0.048158642,-0.05029586,-0.1764706,0.2093596,0.3266533,12.88071828016879,80.36584551589213,4710.0,Chennai,10,"{""type"":""MultiPoint"",""coordinates"":[]}",-17.098375865147123,-32.586282346612315,-16.510147972411453,-36.348604694434286
1_1_2_211_0_1_1_2_211_0,0.2332,0.24395,0.1468,0.1593,0.0484,0.05545,0.08,0.0824,0.0593,0.06175,0.2986,0.3298,6,6,-0.48914433,-0.4950207,-0.12297856,-0.14962962,0.6686225,0.6845869,-0.5773904,-0.6001941,12.85358915858838,80.06526922182574,4711.0,Chennai,10,"{""type"":""MultiPoint"",""coordinates"":[]}",-8.454642478466507,-14.290226247233548,-7.170472555831281,-13.290423941537037
1_1_2_212_0_1_1_2_212_0,0.4296,0.43745,0.3222,0.3252,0.1136,0.1281,0.1548,0.156,0.2108,0.1951,0.338,0.333,4,4,-0.47022587,-0.4742607,0.119332984,0.13557012,0.23177843,0.2611248,-0.37175325,-0.36196318,13.17752165004188,80.04056555151246,4712.0,Chennai,10,"{""type"":""MultiPoint"",""coordinates"":[]}",-12.013347497641298,-19.416991335987404,-12.422859177853178,-19.03045232458797
1_1_2_213_0_1_1_2_213_0,0.01025,0.0199,0.00855,0.017,0.04345,0.0584,0.0297,0.045,0.02005,0.031,0.0157,0.0258,0,0,0.48685858,0.38674885,-0.21001926,-0.12910284,-0.12167832,-0.09154929,0.30837005,0.27118644,13.06577122869741,80.36072511877265,4713.0,Chennai,10,"{""type"":""MultiPoint"",""coordinates"":[]}",-17.238722668326893,-29.530412529769123,-15.936753755140414,-30.383810627930302
1_1_2_214_0_1_1_2_214_0,0.29245,0.3209,0.26995,0.2528,0.1718,0.1504,0.2008,0.1648,0.2116,0.1936,0.2244,0.24,7,6,-0.18580842,-0.3213918,0.13166296,0.14423248,0.029357798,0.10701107,-0.055503294,-0.18577075,12.805080133245925,80.21052680326787,4714.0,Chennai,10,"{""type"":""MultiPoint"",""coordinates"":[]}",-4.8963638796159605,-14.249734622497815,-3.2852804302627234,-13.696171387023728
1_1_2_215_0_1_1_2_215_0,0.2293,0.2536,0.2054,0.2123,0.1256,0.1182,0.1386,0.1322,0.1542,0.1464,0.215,0.203,6,6,-0.24653438,-0.3146708,0.03218546,0.1108191,0.16468039,0.16199198,-0.21606335,-0.21121718,13.094068160147176,80.1596821581867,4715.0,Chennai,10,"{""type"":""MultiPoint"",""coordinates"":[]}",-1.6707607776093587,-9.588867990675034,-1.6082160855608545,-9.182010494645242
1_1_2_216_0_1_1_2_216_0,0.3057,0.3538,0.2577,0.3071,0.0794,0.1432,0.1244,0.1808,0.1638,0.2286,0.2402,0.2884,6,6,-0.4215299,-0.32360643,0.11998534,0.101837434,0.18910891,0.11566731,-0.31760833,-0.22932652,13.099907209493953,80.09464413161645,4716.0,Chennai,10,"{""type"":""MultiPoint"",""coordinates"":[]}",-10.097617958024028,-17.05789504523754,-8.931173984539809,-13.673976915006712
1_1_2_217_0_1_1_2_217_0,0.23975,0.2982,0.21225,0.2463,0.0902,0.1538,0.1098,0.171,0.1376,0.2044,0.2109,0.2802,6,6,-0.3717637,-0.27109975,0.06401864,0.031120332,0.21032998,0.15641767,-0.3152479,-0.24202128,13.062806788259817,80.22301338571712,4717.0,Chennai,10,"{""type"":""MultiPoint"",""coordinates"":[]}",-5.025904756314295,-14.143258921014661,-4.598522090003215,-14.183235496164095
1_1_2_218_0_1_1_2_218_0,0.1429,0.1204,0.0903,0.0647,0.0628,0.0384,0.0752,0.0578,0.0797,0.0478,0.1826,0.2326,0,1,-0.31040806,-0.35129067,-0.121966206,-0.317847,0.3922989,0.6590585,-0.41660202,-0.60192835,12.865267257281934,80.10299846375877,4718.0,Chennai,10,"{""type"":""MultiPoint"",""coordinates"":[]}",-9.58163246955865,-15.423030191309907,-9.05113410591058,-14.322638550672032
1_1_2_219_0_1_1_2_219_0,0.2808,0.3572,0.2124,0.2602,0.0668,0.1172,0.0857,0.1232,0.0938,0.1316,0.2258,0.2724,6,6,-0.5323329,-0.48709407,0.10856692,0.13468869,0.41301626,0.34851485,-0.44975922,-0.37714863,13.047445596901373,80.12240207389574,4719.0,Chennai,10,"{""type"":""MultiPoint"",""coordinates"":[]}",-5.630027846234457,-11.692350588712415,-3.296415237170369,-13.322253210527391
1_1_2_220_0_1_1_2_220_0,0.261,0.2354,0.2012,0.1633,0.0766,0.0739,0.0958,0.0893,0.1106,0.0932,0.2384,0.229,6,6,-0.46300447,-0.4499538,0.045254305,0.013781223,0.36618912,0.42147735,-0.4266906,-0.43889412,13.192972672928734,80.11512572009437,4720.0,Chennai,10,"{""type"":""MultiPoint"",""coordinates"":[]}",-9.718639838216522,-16.770495091067907,-8.697091679026817,-15.192945463904568
1_1_2_221_0_1_1_2_221_0,0.0093,0.0226,0.0079,0.0171,0.03915,0.0464,0.0227,0.0334,0.01645,0.0281,0.01375,0.0189,0,0,0.41875,0.19285715,-0.19305857,0.08915663,-0.08940397,-0.19574468,0.24554184,0.27724665,12.869309676060473,80.35605387929523,4721.0,Chennai,10,"{""type"":""MultiPoint"",""coordinates"":[]}",-17.147160383323296,-32.703642565868826,-17.45255575713203,-34.593734757405834
1_1_2_222_0_1_1_2_222_0,0.0076,0.0192,0.007,0.0156,0.04095,0.0509,0.031,0.0434,0.0178,0.0272,0.01265,0.0264,0,0,0.6062176,0.38658148,-0.24938272,-0.15789473,-0.16912971,-0.014925373,0.42038947,0.24355301,12.990133081774546,80.29532776608875,4722.0,Chennai,10,"{""type"":""MultiPoint"",""coordinates"":[]}",-17.118907201228357,-31.151878493650706,-16.870427171807748,-31.74394715426658
1_1_2_223_0_1_1_2_223_0,0.0101,0.0223,0.00815,0.018,0.04195,0.0493,0.0275,0.0367,0.0178,0.0287,0.01595,0.0262,0,0,0.46276596,0.2440678,-0.22456814,-0.08041237,-0.054814816,-0.04553734,0.2658228,0.16693164,12.832209254826337,80.32766711631706,4723.0,Chennai,10,"{""type"":""MultiPoint"",""coordinates"":[]}",-17.885186731678242,-31.484342118868838,-17.240753037107805,-36.19525049666159
1_1_2_224_0_1_1_2_224_0,0.0072,0.0186,0.00595,0.0107,0.04265,0.052,0.042,0.0514,0.0188,0.0313,0.01115,0.0209,0,0,0.70731705,0.46857142,-0.21525885,-0.05822785,-0.25542572,-0.19923371,0.5804327,0.4218534,13.091912203465288,80.31131777814608,4724.0,Chennai,10,"{""type"":""MultiPoint"",""coordinates"":[]}",-17.855935903686582,-29.919333641432168,-20.472379116809396,-36.75053889977914
1_1_2_225_0_1_1_2_225_0,0.00885,0.0223,0.00755,0.0187,0.0317,0.0496,0.02045,0.033,0.01565,0.027,0.0124,0.0258,0,0,0.39590445,0.19349006,-0.16705883,-0.072765075,-0.11586453,-0.022727273,0.24505328,0.12244898,12.817117558053129,80.39072884926225,4725.0,Chennai,10,"{""type"":""MultiPoint"",""coordinates"":[]}",-16.205893616792533,-30.533502458437457,-17.984163261911185,-35.38411698462152
1_1_2_226_0_1_1_2_226_0,0.1784,0.2306,0.15295,0.1853,0.06695,0.1126,0.08055,0.1168,0.08115,0.1204,0.1824,0.2524,6,6,-0.37787217,-0.32757628,-0.011086474,-0.045134574,0.38417757,0.35407725,-0.387336,-0.3672806,13.03909126475906,80.19813005234701,4726.0,Chennai,10,"{""type"":""MultiPoint"",""coordinates"":[]}",-2.8825687437348884,-14.39021867688642,-3.9265450933493535,-15.0157933509781
1_1_2_227_0_1_1_2_227_0,0.2877,0.3092,0.21065,0.2489,0.06595,0.115,0.096,0.1474,0.1117,0.1664,0.2363,0.2386,4,6,-0.49960908,-0.3543583,0.0980916,0.12887916,0.35804597,0.1782716,-0.42220885,-0.23626943,13.180216595894237,80.23037957104691,4727.0,Chennai,10,"{""type"":""MultiPoint"",""coordinates"":[]}",-10.355034888781807,-16.751859366751496,-8.547610379565896,-17.698632739440963
1_1_2_228_0_1_1_2_228_0,0.073,0.0955,0.0472,0.06095,0.0518,0.06465,0.0562,0.07005,0.0466,0.0545,0.0471,0.0862,0,0,-0.13003096,-0.15372999,0.21565363,0.05118327,0.0053361794,0.22530206,0.08809293,-0.10336,13.169616475541629,80.03733161648962,4728.0,Chennai,10,"{""type"":""MultiPoint"",""coordinates"":[]}",-11.199242873591173,-17.697773306600407,-13.505085092814328,-19.89967860117652
1_1_2_229_0_1_1_2_229_0,0.2934,0.2526,0.2601,0.2017,0.1058,0.1158,0.1428,0.1358,0.1868,0.1252,0.2508,0.2424,6,6,-0.34525448,-0.3007209,0.07828005,0.020606061,0.14625229,0.3188248,-0.27439025,-0.28186145,13.090385067482284,80.12904960699822,4729.0,Chennai,10,"{""type"":""MultiPoint"",""coordinates"":[]}",-11.318823179457478,-20.469886113653683,-8.185110552745979,-14.820569584045018
1_1_2_230_0_1_1_2_230_0,0.1831,0.1939,0.1114,0.1084,0.0629,0.1044,0.0936,0.121,0.07,0.0996,0.3672,0.346,6,6,-0.323455,-0.23150207,-0.3345448,-0.28171885,0.6797804,0.5529623,-0.59375,-0.4817987,12.910542347601556,80.08997289213903,4730.0,Chennai,10,"{""type"":""MultiPoint"",""coordinates"":[]}",-7.106413217667286,-13.655216094767852,-8.439799512060205,-14.739835659488298
1_1_2_231_0_1_1_2_231_0,0.2293,0.2478,0.185,0.1927,0.0734,0.0922,0.1038,0.1144,0.1228,0.1084,0.242,0.2928,6,6,-0.37676373,-0.36830482,-0.026946744,-0.083240844,0.3267544,0.45962113,-0.399653,-0.43811396,13.127126162602773,80.14530911364079,4731.0,Chennai,10,"{""type"":""MultiPoint"",""coordinates"":[]}",-8.261464098393764,-15.129877789278016,-7.721901948547256,-14.21892400108409
1_1_2_232_0_1_1_2_232_0,0.0065,0.0166,0.0044,0.0114,0.03005,0.0465,0.0373,0.0552,0.01575,0.0328,0.0067,0.0206,0,0,0.70319635,0.53760445,-0.015151516,-0.10752688,-0.40311804,-0.22846442,0.69545454,0.45646438,13.122275260068529,80.30520923421406,4732.0,Chennai,10,"{""type"":""MultiPoint"",""coordinates"":[]}",-17.930559490575334,-31.24280757202917,-17.480257717129,-31.74568043633712
1_1_2_233_0_1_1_2_233_0,0.0075,0.0171,0.00595,0.0119,0.0375,0.049,0.0247,0.0408,0.01525,0.0273,0.01135,0.0194,0,0,0.5341615,0.40932643,-0.20424403,-0.063013695,-0.14661655,-0.16916488,0.370319,0.3554817,13.180306427422648,80.3663845050626,4733.0,Chennai,10,"{""type"":""MultiPoint"",""coordinates"":[]}",-16.770295124546646,-31.364843158943252,-17.323886457564626,-32.94350793725019
1_1_2_234_0_1_1_2_234_0,0.01065,0.0231,0.0088,0.0181,0.04465,0.0614,0.02835,0.045,0.0205,0.0307,0.01735,0.026,0,0,0.45384616,0.3215859,-0.23928571,-0.059063137,-0.083223246,-0.08289242,0.24070022,0.26760563,12.966148063688555,80.37258288052303,4734.0,Chennai,10,"{""type"":""MultiPoint"",""coordinates"":[]}",-18.353808483563668,-31.17228676247422,-16.33546102628752,-32.85003596095138
1_1_2_235_0_1_1_2_235_0,0.20865,0.3105,0.1992,0.3106,0.0875,0.1734,0.08715,0.1668,0.09605,0.1738,0.1225,0.186,6,6,-0.4107505,-0.3010685,0.260154,0.25075528,0.12102494,0.033907726,-0.16861436,-0.054421768,13.107093731766907,80.23217620161515,4735.0,Chennai,10,"{""type"":""MultiPoint"",""coordinates"":[]}",-4.8529036212908245,-10.304231720640697,-4.266587096996263,-10.081248943867486
1_1_2_236_0_1_1_2_236_0,0.00875,0.0179,0.0065,0.0144,0.0406,0.0504,0.0297,0.0421,0.01565,0.0259,0.0136,0.0236,0,0,0.54486346,0.40333334,-0.21700224,-0.1373494,-0.07008547,-0.046464648,0.37182447,0.28158295,12.962015813381605,80.29451928233304,4736.0,Chennai,10,"{""type"":""MultiPoint"",""coordinates"":[]}",-18.138287015629288,-32.23324001824872,-18.312331507901035,-32.63235583102113
1_1_2_237_0_1_1_2_237_0,0.00915,0.0161,0.0068,0.0137,0.039,0.0469,0.02445,0.0358,0.016,0.0223,0.0129,0.0191,0,0,0.45535713,0.37957612,-0.17006803,-0.08522727,-0.10726643,-0.077294685,0.30923694,0.30418944,12.882065753094968,80.30458041351518,4737.0,Chennai,10,"{""type"":""MultiPoint"",""coordinates"":[]}",-17.994902794788963,-31.57703447857709,-17.844947562018767,-31.292114865237643
1_1_2_238_0_1_1_2_238_0,0.24685,0.3079,0.1916,0.2533,0.0728,0.2758,0.0964,0.3016,0.1032,0.322,0.2683,0.358,6,6,-0.43831027,-0.010336341,-0.04163836,-0.07523652,0.44441453,0.052941177,-0.47134632,-0.085506365,12.941713887960503,80.19678257942084,4738.0,Chennai,10,"{""type"":""MultiPoint"",""coordinates"":[]}",-5.963877855389185,-14.088155120210484,-5.3691328013521495,-14.777311290339076
1_1_2_239_0_1_1_2_239_0,0.18435,0.203,0.14755,0.15,0.0453,0.0698,0.05785,0.0855,0.0523,0.0753,0.1767,0.2376,6,6,-0.5222956,-0.407279,0.021188201,-0.078529276,0.5432314,0.51869607,-0.506715,-0.4707521,13.042504862838715,80.219060798467,4739.0,Chennai,10,"{""type"":""MultiPoint"",""coordinates"":[]}",-5.978787360321791,-14.355617865275189,-5.456363459781449,-14.554594684168498
1_1_2_240_0_1_1_2_240_0,0.0205,0.1763,0.0186,0.0807,0.0342,0.0698,0.0352,0.1258,0.0282,0.07375,0.0248,0.4304,0,4,0.2639138,-0.1671632,-0.09492274,-0.41882315,-0.064150944,0.70742834,0.17333333,-0.54764473,13.126856668017538,80.05404028077425,4740.0,Chennai,10,"{""type"":""MultiPoint"",""coordinates"":[]}",-19.591244618659903,-26.3179261451023,-16.749778731816562,-25.0803944139513
1_1_2_241_0_1_1_2_241_0,0.0076,0.0214,0.00585,0.0184,0.0326,0.0548,0.03515,0.05,0.01905,0.0311,0.01165,0.0235,0,0,0.64444447,0.40056023,-0.21038961,-0.046770602,-0.24104235,-0.13919415,0.50213677,0.3605442,12.854667136929322,80.26316807891727,4741.0,Chennai,10,"{""type"":""MultiPoint"",""coordinates"":[]}",-18.141452839490103,-28.899316934313628,-17.34049069402946,-33.15272651371403
1_1_2_242_0_1_1_2_242_0,0.2463,0.3038,0.2051,0.2418,0.05615,0.1366,0.086,0.1604,0.1099,0.1614,0.2548,0.31,6,6,-0.48239544,-0.30891857,-0.016962683,-0.01010101,0.39731285,0.31523123,-0.49530515,-0.3180272,13.079515452544438,80.21052680326787,4742.0,Chennai,10,"{""type"":""MultiPoint"",""coordinates"":[]}",-10.304685691569698,-16.430726943778787,-9.507594876281596,-15.69546422323315
1_1_2_243_0_1_1_2_243_0,0.24045,0.2681,0.18095,0.1963,0.0725,0.1058,0.09905,0.1204,0.1112,0.135,0.2222,0.2512,6,6,-0.41649485,-0.38018018,0.039446667,0.03254381,0.33293343,0.30088037,-0.3833463,-0.3519914,13.19414048279809,80.190494372432,4743.0,Chennai,10,"{""type"":""MultiPoint"",""coordinates"":[]}",-9.286723143622101,-18.960821245963213,-3.688677574224693,-14.95438243275146
1_1_2_244_0_1_1_2_244_0,0.034,0.02625,0.0196,0.0181,0.0379,0.0754,0.0407,0.0753,0.0269,0.05675,0.1232,0.0786,3,0,0.0896921,0.4830133,-0.56743,-0.49928468,0.6415723,0.16143332,-0.5033557,-0.021442495,13.138983924353152,80.04811139989906,4744.0,Chennai,10,"{""type"":""MultiPoint"",""coordinates"":[]}",-16.12978470580933,-21.28277707104887,-18.664987387398362,-23.210274465365046
1_1_2_245_0_1_1_2_245_0,0.0907,0.12485,0.0513,0.0628,0.0383,0.07325,0.0576,0.08505,0.0379,0.06305,0.2116,0.211,4,4,-0.22319622,-0.1896141,-0.39993384,-0.25651333,0.6961924,0.539865,-0.57206535,-0.4254349,13.158118039904895,80.05188432409236,4745.0,Chennai,10,"{""type"":""MultiPoint"",""coordinates"":[]}",-11.71832314925885,-19.17188425958598,-11.147297742299735,-18.04741700533069
1_1_2_246_0_1_1_2_246_0,0.0098,0.0168,0.0075,0.0124,0.0407,0.0512,0.02805,0.0376,0.0172,0.0274,0.01385,0.0246,0,0,0.48216644,0.38235295,-0.17124736,-0.1884058,-0.1078905,-0.053846154,0.33890215,0.20900321,13.149224718592114,80.36584551589213,4746.0,Chennai,10,"{""type"":""MultiPoint"",""coordinates"":[]}",-16.870401593651742,-30.940733997519935,-17.839417316886276,-30.36459585600152
1_1_2_247_0_1_1_2_247_0,0.00895,0.0219,0.00685,0.0152,0.03985,0.054,0.0282,0.0438,0.0154,0.0304,0.01325,0.0244,0,0,0.5181696,0.33333334,-0.1936937,-0.05399568,-0.07504363,-0.10948905,0.3606755,0.28445747,12.981778749632236,80.3002685001514,4747.0,Chennai,10,"{""type"":""MultiPoint"",""coordinates"":[]}",-18.09414768302832,-30.32228561433035,-16.590567728198597,-29.81453902476524
1_1_2_248_0_1_1_2_248_0,0.17545,0.2129,0.13845,0.1783,0.078,0.1076,0.10155,0.1236,0.1056,0.1416,0.1812,0.1996,6,6,-0.266787,-0.2653789,-0.016122248,0.032242425,0.26359832,0.16998827,-0.2816976,-0.23514852,13.068735669135004,80.24017120764381,4748.0,Chennai,10,"{""type"":""MultiPoint"",""coordinates"":[]}",-12.931982397504955,-16.283692911337656,-9.335451447707197,-16.263658172633228
1_1_2_249_0_1_1_2_249_0,0.00925,0.0187,0.0083,0.0137,0.0349,0.0451,0.0221,0.0376,0.0159,0.0269,0.0113,0.0244,0,0,0.40988836,0.33570158,-0.09975669,-0.13225058,-0.16911764,-0.048732944,0.3233533,0.21290323,13.144283984529457,80.3942322788703,4749.0,Chennai,10,"{""type"":""MultiPoint"",""coordinates"":[]}",-16.68478736055765,-32.62128938896878,-16.267371947787126,-32.824854968262265
1_1_2_250_0_1_1_2_250_0,0.0074,0.0182,0.00615,0.0137,0.0353,0.0556,0.0228,0.0466,0.01175,0.0346,0.00945,0.0239,0,0,0.50993377,0.4382716,-0.12166172,-0.13539192,-0.108490564,-0.18290599,0.41395348,0.3219858,13.111585308187506,80.33611127998778,4750.0,Chennai,10,"{""type"":""MultiPoint"",""coordinates"":[]}",-17.009864727824993,-29.75950310093918,-18.146481204557993,-29.592171133037102
1_1_2_251_0_1_1_2_251_0,0.24965,0.2767,0.2066,0.175,0.084,0.0934,0.1113,0.1238,0.162,0.1208,0.21,0.332,6,6,-0.38329408,-0.3817728,0.08626129,-0.09084935,0.12903225,0.46643108,-0.30718955,-0.4567793,13.11913115657411,80.24044070222905,4751.0,Chennai,10,"{""type"":""MultiPoint"",""coordinates"":[]}",-2.3194672394934486,-17.874525364969877,-4.648115942119635,-17.707439220547666
1_1_2_252_0_1_1_2_252_0,0.2301,0.2728,0.1914,0.2209,0.1196,0.1698,0.144,0.202,0.1582,0.2104,0.2621,0.2916,6,6,-0.23015237,-0.14911541,-0.06501422,-0.03330971,0.24720438,0.16175298,-0.29081506,-0.1815235,13.02166394824714,80.26828847603676,4752.0,Chennai,10,"{""type"":""MultiPoint"",""coordinates"":[]}",-8.832499565315876,-12.93193504678646,-7.890864400419408,-13.166258174638038
1_1_2_253_0_1_1_2_253_0,0.0065,0.0156,0.00525,0.011,0.03365,0.0554,0.03175,0.0458,0.01475,0.0304,0.0085,0.0215,0,0,0.66013074,0.49185666,-0.13333334,-0.15902965,-0.26881722,-0.17148362,0.57763976,0.36106983,13.184259014672776,80.34662156881197,4753.0,Chennai,10,"{""type"":""MultiPoint"",""coordinates"":[]}",-17.112405990683285,-27.99559548484371,-16.638267237701175,-34.841316354767635
1_1_2_254_0_1_1_2_254_0,0.2219,0.1516,0.137,0.0758,0.0706,0.06275,0.1014,0.0796,0.0744,0.0521,0.2958,0.3354,2,4,-0.37271884,-0.31141868,-0.14274676,-0.37741274,0.5980551,0.73109674,-0.489426,-0.6163855,13.159914670473135,80.01496356591505,4754.0,Chennai,10,"{""type"":""MultiPoint"",""coordinates"":[]}",-11.810488087604272,-17.80464057627291,-11.571946547139087,-18.03023958557182
1_1_2_255_0_1_1_2_255_0,0.2558,0.22455,0.1556,0.1274,0.0532,0.0721,0.0756,0.09225,0.0758,0.0742,0.257,0.2759,4,6,-0.54375374,-0.41761363,-0.0023400935,-0.10260765,0.54447114,0.5761211,-0.5453999,-0.49884558,12.892126884277106,80.06050815081991,4755.0,Chennai,10,"{""type"":""MultiPoint"",""coordinates"":[]}",-11.123347781263417,-16.769433835542607,-8.633010381502643,-13.994884915530477
1_1_2_256_0_1_1_2_256_0,0.22455,0.213,0.208,0.1862,0.174,0.1312,0.2042,0.1504,0.2261,0.163,0.2741,0.2252,6,6,-0.04746356,-0.17226197,-0.0993683,-0.027841168,0.095961615,0.16022669,-0.14614259,-0.19914803,13.09568512765859,80.23864407166081,4756.0,Chennai,10,"{""type"":""MultiPoint"",""coordinates"":[]}",-3.211510376652691,-9.400284098874433,-3.4886613166723928,-10.75592271966461
1_1_2_257_0_1_1_2_257_0,0.2446,0.2054,0.1621,0.1207,0.0548,0.061,0.0786,0.0804,0.088,0.0648,0.2562,0.2724,5,1,-0.5136139,-0.43736878,-0.023162939,-0.14022604,0.48866937,0.61565834,-0.53046596,-0.5442177,12.838766956400407,80.09230851187773,4757.0,Chennai,10,"{""type"":""MultiPoint"",""coordinates"":[]}",-10.144917631862791,-15.783006069554325,-8.113205406014865,-14.468181651107084
1_1_2_258_0_1_1_2_258_0,0.0626,0.01925,0.0313,0.01335,0.0396,0.0512,0.0588,0.0562,0.043,0.04245,0.1302,0.0301,3,0,-0.031301484,0.4897283,-0.35062242,-0.21985815,0.5034642,-0.17022742,-0.37777779,0.30243337,13.024718220213147,80.06221494985974,4758.0,Chennai,10,"{""type"":""MultiPoint"",""coordinates"":[]}",-11.427699097462774,-16.579420476181483,-18.74751550764319,-28.186511888227024
1_1_2_259_0_1_1_2_259_0,0.3102,0.2758,0.2665,0.2331,0.1394,0.192,0.1514,0.1986,0.1892,0.1968,0.259,0.2522,6,6,-0.34402078,-0.16273187,0.08995081,0.044696968,0.15573405,0.1233853,-0.26218325,-0.11889973,12.925005223675882,80.13048691145282,4759.0,Chennai,10,"{""type"":""MultiPoint"",""coordinates"":[]}",-6.367909406276221,-19.052279143625878,-1.6706348960271864,-16.19302754590049
1_1_2_260_0_1_1_2_260_0,0.21905,0.1894,0.1402,0.156,0.0385,0.1026,0.0612,0.136,0.06485,0.1312,0.2109,0.1958,1,6,-0.5632471,-0.16410571,0.018955693,-0.016614746,0.5296464,0.19755352,-0.55016536,-0.18022905,12.860596017804513,80.22031843986477,4760.0,Chennai,10,"{""type"":""MultiPoint"",""coordinates"":[]}",-11.111024284869991,-16.563243598561627,-9.095641440503371,-17.943951061594515
1_1_2_261_0_1_1_2_261_0,0.13265,0.1583,0.1199,0.146,0.09145,0.0908,0.0994,0.0938,0.0995,0.0936,0.1131,0.1272,6,6,-0.14328809,-0.25585085,0.07955239,0.1089317,0.063969895,0.1521739,-0.06447059,-0.15113123,13.05562026598686,80.25562223053066,4761.0,Chennai,10,"{""type"":""MultiPoint"",""coordinates"":[]}",-0.17202047103460408,-11.29639200206936,-0.1176799335946328,-12.41842176993696
1_1_2_262_0_1_1_2_262_0,0.00975,0.014,0.008,0.0119,0.03405,0.0467,0.0176,0.0362,0.0139,0.0262,0.0107,0.022,0,0,0.28702012,0.4422311,-0.04645477,-0.22222222,-0.1300813,-0.08713693,0.24381626,0.24398625,12.904433803669544,80.38183552794946,4762.0,Chennai,10,"{""type"":""MultiPoint"",""coordinates"":[]}",-17.01990017028287,-36.28791108590065,-17.392099911449776,-33.84477640008514
1_1_2_263_0_1_1_2_263_0,0.3254,0.3455,0.3167,0.344,0.1416,0.1778,0.1324,0.1688,0.1386,0.1682,0.247,0.2712,6,6,-0.42158148,-0.34357378,0.13696715,0.12047997,0.28112033,0.23441055,-0.30205587,-0.23272727,13.078706968788731,80.15608889705022,4763.0,Chennai,10,"{""type"":""MultiPoint"",""coordinates"":[]}",-3.3060584932060832,-11.78453547609464,-1.7350889243557361,-10.041363065433057
1_1_2_264_0_1_1_2_264_0,0.0064,0.0157,0.0064,0.01,0.03195,0.0481,0.0349,0.0494,0.014,0.029,0.0056,0.0163,0,0,0.69007266,0.51766515,0.06666667,-0.01875,-0.42857143,-0.2803532,0.7234568,0.50380516,13.100536030192837,80.30044816320823,4764.0,Chennai,10,"{""type"":""MultiPoint"",""coordinates"":[]}",-18.515670907694602,-30.256314989166842,-20.5964736049696,-28.779353785309745
1_1_2_265_0_1_1_2_265_0,0.1418,0.1953,0.1267,0.1782,0.0619,0.1272,0.0693,0.1262,0.0686,0.1358,0.097,0.161,6,6,-0.34343913,-0.21493001,0.1876047,0.09626719,0.17149758,0.08490566,-0.16656645,-0.12116992,13.05337447777656,80.13875141206671,4765.0,Chennai,10,"{""type"":""MultiPoint"",""coordinates"":[]}",-7.105455047866491,-9.732303585986672,-6.289402626937273,-10.296609116360742
1_1_2_266_0_1_1_2_266_0,0.14675,0.1082,0.11355,0.0788,0.0888,0.0756,0.1157,0.0929,0.1248,0.0854,0.2278,0.1938,6,6,-0.118308246,-0.07608155,-0.21639301,-0.28344372,0.29211572,0.38825214,-0.32634643,-0.35193583,13.07538320223749,80.24071019681428,4766.0,Chennai,10,"{""type"":""MultiPoint"",""coordinates"":[]}",-6.35568080097459,-15.534007118416737,-7.384071105367871,-15.45355859162731
1_1_2_267_0_1_1_2_267_0,0.01005,0.0239,0.0083,0.0163,0.0429,0.051,0.027,0.0371,0.01795,0.028,0.01735,0.026,0,0,0.45748988,0.21639344,-0.26642334,-0.04208417,-0.016997168,-0.037037037,0.21758737,0.17591125,12.955997100978005,80.36324040156819,4767.0,Chennai,10,"{""type"":""MultiPoint"",""coordinates"":[]}",-18.12166010423595,-31.840026966847308,-17.50881937002441,-31.787989437778034
1_1_2_268_0_1_1_2_268_0,0.01375,0.3177,0.01185,0.2608,0.0566,0.1388,0.0725,0.1624,0.0538,0.1672,0.0294,0.194,0,7,0.68115944,-0.3234743,-0.3626883,0.2417432,-0.29326922,0.07419712,0.42296368,-0.08866442,13.14302634313169,80.21358107523388,4768.0,Chennai,10,"{""type"":""MultiPoint"",""coordinates"":[]}",-19.541711565847795,-28.792461889746136,-10.847383454336676,-21.130315058729416
1_1_2_269_0_1_1_2_269_0,0.14735,0.17,0.1205,0.1355,0.0745,0.092,0.08195,0.0946,0.08795,0.0946,0.1306,0.1716,6,6,-0.28521588,-0.28495842,0.060262635,-0.0046838406,0.19514985,0.2892562,-0.22888732,-0.2892562,13.10763272093738,80.18663161671029,4769.0,Chennai,10,"{""type"":""MultiPoint"",""coordinates"":[]}",-8.929637635848865,-15.06974728988263,-8.093258202481667,-14.841404094310686
1_1_2_270_0_1_1_2_270_0,0.1564,0.1729,0.14815,0.1532,0.1142,0.1106,0.1358,0.1246,0.1512,0.1488,0.1501,0.173,6,6,-0.07049966,-0.16235293,0.020554649,-0.0002891009,-0.0036508464,0.07520199,-0.050017487,-0.1626344,13.103680133687254,80.29748372277064,4770.0,Chennai,10,"{""type"":""MultiPoint"",""coordinates"":[]}",1.4564065494260454,-11.72213137182435,1.6987007165488617,-9.414029186876972
1_1_2_271_0_1_1_2_271_0,0.16295,0.2114,0.08165,0.1047,0.0278,0.0703,0.0487,0.1034,0.03225,0.067,0.2479,0.3572,1,1,-0.5398063,-0.34307498,-0.20676646,-0.25641927,0.7697662,0.6841113,-0.6716116,-0.5510204,12.886198003401915,80.19561476955148,4771.0,Chennai,10,"{""type"":""MultiPoint"",""coordinates"":[]}",-2.9579077284144617,-9.575903959205942,-2.3100505681136903,-9.337215249878936
1_1_2_272_0_1_1_2_272_0,0.1506,0.1105,0.0702,0.0635,0.0471,0.1592,0.073,0.1562,0.0464,0.1282,0.3696,0.182,1,0,-0.3470483,0.17135358,-0.42099193,-0.24444444,0.77692306,0.1734365,-0.670131,-0.07628622,13.112842949585271,80.07730664663295,4772.0,Chennai,10,"{""type"":""MultiPoint"",""coordinates"":[]}",-8.726473647641491,-14.956903885702147,-10.186131565438325,-17.706440652516644
1_1_2_273_0_1_1_2_273_0,0.2154,0.2856,0.19535,0.2553,0.1012,0.192,0.1184,0.228,0.1313,0.2476,0.2108,0.3018,6,6,-0.29059318,-0.11214953,0.0107930545,-0.027579162,0.23238818,0.09865308,-0.28068045,-0.13929784,13.16234012174026,80.25876633402508,4773.0,Chennai,10,"{""type"":""MultiPoint"",""coordinates"":[]}",-3.8634308965287945,-12.666287562763143,-0.8659673273104169,-14.37495495926117
1_1_2_274_0_1_1_2_274_0,0.0093,0.0173,0.00745,0.0123,0.0409,0.0494,0.02745,0.0429,0.018,0.0298,0.0139,0.0228,0,0,0.49387756,0.42524916,-0.19827586,-0.13715711,-0.12852664,-0.13307984,0.32769045,0.30593607,12.98393470631412,80.31634834373715,4774.0,Chennai,10,"{""type"":""MultiPoint"",""coordinates"":[]}",-16.61293434516825,-28.29267156953451,-19.394023729772798,-31.213481863190484
1_1_2_275_0_1_1_2_275_0,0.15585,0.2147,0.1445,0.1987,0.0937,0.13,0.1096,0.142,0.1228,0.172,0.1348,0.178,6,6,-0.17423244,-0.20381273,0.072423875,0.09345556,0.04658385,0.017142856,-0.10310966,-0.1125,12.8499958974519,80.22642698379678,4775.0,Chennai,10,"{""type"":""MultiPoint"",""coordinates"":[]}",-4.497000967309313,-17.784454566788035,-2.6427566207339237,-13.330744007402668
1_1_2_276_0_1_1_2_276_0,0.1772,0.1829,0.098,0.1031,0.0356,0.0526,0.056,0.0678,0.0487,0.0494,0.2156,0.2318,1,1,-0.51972556,-0.4591145,-0.09775967,-0.11791657,0.6314794,0.6486486,-0.58762884,-0.54739654,12.851882359548553,80.09230851187773,4776.0,Chennai,10,"{""type"":""MultiPoint"",""coordinates"":[]}",-8.159553619586019,-14.368692718931314,-7.369059190328414,-14.342625791752466
1_1_2_277_0_1_1_2_277_0,0.3289,0.3277,0.306,0.2838,0.1292,0.12,0.1587,0.1384,0.1996,0.1584,0.2517,0.237,6,6,-0.3490566,-0.40613604,0.1329659,0.16061626,0.11544427,0.19878604,-0.22660819,-0.26265317,12.926262865073648,80.1994775252732,4777.0,Chennai,10,"{""type"":""MultiPoint"",""coordinates"":[]}",-11.55626676213915,-15.349755730214875,-7.445146896014618,-15.809814132612033
1_1_2_278_0_1_1_2_278_0,0.31565,0.364,0.32045,0.3825,0.1336,0.1916,0.1433,0.187,0.1629,0.1862,0.1909,0.2408,6,6,-0.3755311,-0.3212341,0.24627382,0.2037037,0.07914076,0.12786885,-0.14242968,-0.1257597,13.097212263641593,80.21124545549516,4778.0,Chennai,10,"{""type"":""MultiPoint"",""coordinates"":[]}",4.692785164680943,-11.235097513944476,5.3661036912754945,-8.415016465196205
1_1_2_279_0_1_1_2_279_0,0.0079,0.0229,0.00545,0.0168,0.0326,0.068,0.03625,0.083,0.02225,0.0616,0.01455,0.0414,0,0,0.6421291,0.5675165,-0.2962138,-0.28771386,-0.20923913,-0.1961165,0.42716536,0.33440515,13.15542309405254,80.17594166482927,4779.0,Chennai,10,"{""type"":""MultiPoint"",""coordinates"":[]}",-19.025205714516794,-30.326067398160816,-19.28007721336304,-28.314961568710395
1_1_2_280_0_1_1_2_280_0,0.2463,0.0761,0.1343,0.0412,0.03585,0.0736,0.066,0.0782,0.0528,0.0629,0.2926,0.1002,2,0,-0.5773295,0.013609851,-0.08591575,-0.13669881,0.6942675,0.22869405,-0.63190186,-0.12331839,12.891138737464576,80.20738269977345,4780.0,Chennai,10,"{""type"":""MultiPoint"",""coordinates"":[]}",-12.687714307786624,-19.542900791291256,-10.225765085806058,-16.704628229412812
1_1_2_281_0_1_1_2_281_0,0.23745,0.2582,0.1927,0.2016,0.118,0.1472,0.1359,0.1656,0.1461,0.1622,0.2214,0.2268,6,6,-0.2719968,-0.21849929,0.03497875,0.06474227,0.20489796,0.16606684,-0.23929471,-0.1559633,13.118322672818405,80.17297722439167,4781.0,Chennai,10,"{""type"":""MultiPoint"",""coordinates"":[]}",-6.117826861941688,-13.854089835328502,-6.524936538561339,-14.45615736758141
1_1_2_282_0_1_1_2_282_0,0.205,0.2684,0.15445,0.1939,0.0595,0.1642,0.07885,0.1754,0.0687,0.1872,0.233,0.3552,6,6,-0.44442487,-0.20955385,-0.06392694,-0.13919179,0.5445807,0.30973452,-0.49430817,-0.33886167,12.968932841069323,80.19507578038102,4782.0,Chennai,10,"{""type"":""MultiPoint"",""coordinates"":[]}",-5.215420512132079,-13.660994715780095,-5.924138739049802,-15.514438811616369
1_1_2_283_0_1_1_2_283_0,0.0146,0.0526,0.0121,0.0408,0.04535,0.0932,0.0503,0.0918,0.03605,0.0678,0.0263,0.0798,0,0,0.550077,0.27146813,-0.28606358,-0.20543806,-0.1563753,0.08130081,0.31331593,0.06993007,12.898774417379592,80.18842824727852,4783.0,Chennai,10,"{""type"":""MultiPoint"",""coordinates"":[]}",-16.841598025549565,-26.491547970491865,-19.819512321343023,-27.47944687813526
1_1_2_284_0_1_1_2_284_0,0.1346,0.1072,0.0787,0.0602,0.053,0.0793,0.0792,0.0879,0.0758,0.0785,0.1528,0.1645,0,1,-0.25912067,-0.09892363,-0.06332637,-0.21089438,0.3368329,0.35390946,-0.31724137,-0.30348653,13.188211601922902,80.06904214601904,4784.0,Chennai,10,"{""type"":""MultiPoint"",""coordinates"":[]}",-11.422560135245597,-18.773409032583558,-12.517322288828057,-17.939208302453277
1_1_2_285_0_1_1_2_285_0,0.00785,0.0201,0.0065,0.0153,0.0374,0.0568,0.0264,0.0445,0.01525,0.0338,0.01095,0.0253,0,0,0.54160583,0.37770897,-0.16489361,-0.11453745,-0.16412213,-0.14382403,0.41365463,0.27507162,13.195128629610622,80.36620484200579,4785.0,Chennai,10,"{""type"":""MultiPoint"",""coordinates"":[]}",-17.256061235633144,-30.468497549994957,-17.171553656184987,-31.322707633052282
1_1_2_286_0_1_1_2_286_0,0.0111,0.0134,0.0091,0.0106,0.03895,0.044,0.02415,0.031,0.0179,0.0203,0.014,0.0205,0,0,0.37021276,0.3963964,-0.11553785,-0.20943953,-0.122257054,0.004901961,0.26605505,0.2038835,12.824753237968142,80.34060285640837,4786.0,Chennai,10,"{""type"":""MultiPoint"",""coordinates"":[]}",-17.248343081173797,-33.304956445304576,-16.949545892827146,-31.357369214123445
1_1_2_287_0_1_1_2_287_0,0.00685,0.0186,0.00525,0.0151,0.0351,0.0601,0.0201,0.0499,0.0123,0.0348,0.00885,0.0278,0,0,0.4916512,0.4569343,-0.12738854,-0.19827586,-0.16312057,-0.111821085,0.38860103,0.2844273,13.126587173432302,80.34320797073232,4787.0,Chennai,10,"{""type"":""MultiPoint"",""coordinates"":[]}",-17.51731921176318,-33.044905026964564,-17.149719489231092,-31.193080506140806
1_1_2_288_0_1_1_2_288_0,0.1225,0.0933,0.0686,0.05465,0.0512,0.0612,0.0808,0.0798,0.0576,0.06205,0.1422,0.196,3,4,-0.20511559,-0.0779896,-0.07442388,-0.3549948,0.4234234,0.51908547,-0.27533633,-0.42131978,13.062627125202992,80.03436717605203,4788.0,Chennai,10,"{""type"":""MultiPoint"",""coordinates"":[]}",-12.070381829882484,-18.483732056408506,-10.819632104663988,-17.913624575992973
1_1_2_289_0_1_1_2_289_0,0.25925,0.2499,0.16865,0.1642,0.05045,0.0579,0.0749,0.0914,0.066,0.076,0.2566,0.312,6,6,-0.5516983,-0.46440083,0.0051371525,-0.11051789,0.59082454,0.6082474,-0.54811466,-0.54685175,13.048074417600256,80.24780688755882,4789.0,Chennai,10,"{""type"":""MultiPoint"",""coordinates"":[]}",-10.197137376048156,-15.803160834244698,-8.336233266235846,-14.962400548995094
1_1_2_290_0_1_1_2_290_0,0.00625,0.0164,0.00515,0.0127,0.04145,0.0544,0.042,0.0562,0.01835,0.0373,0.01165,0.026,0,0,0.74093264,0.54820937,-0.30167598,-0.2264151,-0.22333333,-0.178515,0.56570363,0.3673966,13.179228449081704,80.32658913797611,4790.0,Chennai,10,"{""type"":""MultiPoint"",""coordinates"":[]}",-16.828417484259845,-30.770193932443952,-17.350069184890742,-29.184858357358454
1_1_2_291_0_1_1_2_291_0,0.00835,0.0186,0.0069,0.015,0.0406,0.0543,0.02615,0.0415,0.0138,0.0324,0.01225,0.0261,0,0,0.51594204,0.3810316,-0.18932039,-0.16778524,-0.05950096,-0.10769231,0.36197916,0.22781065,13.125239700506125,80.3626115808693,4791.0,Chennai,10,"{""type"":""MultiPoint"",""coordinates"":[]}",-17.36257228170748,-32.60530819271687,-17.910247002911333,-32.434887256957126
1_1_2_292_0_1_1_2_292_0,0.1716,0.1747,0.0973,0.085,0.0435,0.0614,0.0558,0.0728,0.0528,0.0528,0.206,0.2676,1,1,-0.50923485,-0.41171718,-0.0911017,-0.21003844,0.59196293,0.670412,-0.5737204,-0.57226795,12.867333382435408,80.10111200166212,4792.0,Chennai,10,"{""type"":""MultiPoint"",""coordinates"":[]}",-9.928114222309963,-16.037690343449718,-7.97037660184354,-14.580221365460194
1_1_2_293_0_1_1_2_293_0,0.005,0.0193,0.0046,0.0159,0.0316,0.0475,0.02985,0.048,0.014,0.0275,0.0073,0.0188,0,0,0.71305597,0.42644873,-0.18699187,0.0131233595,-0.31455398,-0.18790497,0.6069987,0.43712574,12.971178629279624,80.27340887315623,4793.0,Chennai,10,"{""type"":""MultiPoint"",""coordinates"":[]}",-18.489140452545048,-29.432773942964698,-16.954181388517892,-29.539053639666157
1_1_2_294_0_1_1_2_294_0,0.3204,0.042,0.2235,0.0235,0.061,0.0546,0.0794,0.06075,0.0867,0.04665,0.2468,0.1112,5,0,-0.6028014,0.18248175,0.12976022,-0.45169714,0.48005998,0.40893254,-0.5131821,-0.29339924,12.989953418717722,80.05233348173442,4794.0,Chennai,10,"{""type"":""MultiPoint"",""coordinates"":[]}",-11.101830099303811,-19.64582145904022,-10.962606896676581,-18.729628932118764
1_1_2_295_0_1_1_2_295_0,0.19135,0.1892,0.1743,0.1558,0.0501,0.0684,0.0641,0.0826,0.08,0.0932,0.1201,0.18,6,6,-0.49814054,-0.39220014,0.22876866,0.024918742,0.2003998,0.31771597,-0.30401736,-0.37090632,13.181025079649944,80.29811254346951,4795.0,Chennai,10,"{""type"":""MultiPoint"",""coordinates"":[]}",-6.651946124380908,-10.874089550121212,-5.675395599804952,-11.354716659327938
1_1_2_296_0_1_1_2_296_0,0.0114,0.0183,0.0103,0.01455,0.0251,0.03885,0.0234,0.0542,0.0194,0.03865,0.0066,0.01855,0,0,0.3448276,0.4951724,0.26666668,-0.0067842607,-0.4923077,-0.3513986,0.56,0.49003437,12.90236767851607,80.07667782593406,4796.0,Chennai,10,"{""type"":""MultiPoint"",""coordinates"":[]}",-19.846135136785815,-25.522733203124233,-18.74935865598419,-25.96001817192322
1_1_2_297_0_1_1_2_297_0,0.008,0.0247,0.0066,0.0181,0.0386,0.0589,0.02855,0.0523,0.0172,0.0394,0.01455,0.0321,0,0,0.5622435,0.35844156,-0.29046562,-0.13028169,-0.08346457,-0.1020979,0.32482597,0.23933649,13.0446608195206,80.32784677937387,4797.0,Chennai,10,"{""type"":""MultiPoint"",""coordinates"":[]}",-17.725519898019783,-29.672818448607572,-17.330275724625874,-29.234267737915218
1_1_2_298_0_1_1_2_298_0,0.2238,0.2445,0.1895,0.1955,0.0796,0.1314,0.102,0.1318,0.1146,0.12,0.1946,0.1754,6,6,-0.37384897,-0.29949507,0.06978968,0.16456299,0.2587322,0.18754232,-0.312205,-0.14192708,12.939917257392263,80.14207517861796,4798.0,Chennai,10,"{""type"":""MultiPoint"",""coordinates"":[]}",-5.031491978503503,-14.762844981730757,-4.272377890660581,-14.72130118561677
1_1_2_299_0_1_1_2_299_0,0.1997,0.2559,0.1462,0.2002,0.054,0.0928,0.0694,0.1074,0.0644,0.1296,0.2072,0.2268,6,6,-0.48420662,-0.4087531,-0.018432047,0.060285892,0.52577317,0.27272728,-0.49819234,-0.3572711,12.890779411350929,80.08395417973543,4799.0,Chennai,10,"{""type"":""MultiPoint"",""coordinates"":[]}",-7.569817064548337,-13.64099539996877,-7.180191030813241,-14.127927131737955
1_1_2_300_0_1_1_2_300_0,0.2106,0.2529,0.1358,0.1789,0.052,0.0558,0.0746,0.08,0.072,0.0747,0.2532,0.246,4,4,-0.47685835,-0.5193752,-0.09184994,0.013830427,0.55719554,0.53414404,-0.5448444,-0.5092025,12.829604140502388,80.13327168883359,4800.0,Chennai,10,"{""type"":""MultiPoint"",""coordinates"":[]}",-10.55713210546707,-17.197475736046286,-10.047174511031173,-16.406779794765583
1_1_2_301_0_1_1_2_301_0,0.28665,0.3006,0.2106,0.2125,0.06945,0.0813,0.09395,0.1114,0.1146,0.1248,0.2357,0.2902,5,1,-0.5063058,-0.4592233,0.09753996,0.01760325,0.3457037,0.3985542,-0.43000153,-0.44521913,12.824663406439733,80.19013504631836,4801.0,Chennai,10,"{""type"":""MultiPoint"",""coordinates"":[]}",-10.831290781267153,-17.616937954309762,-9.77996317059269,-17.192882688999994
1_1_2_302_0_1_1_2_302_0,0.0096,0.0225,0.00835,0.0171,0.0409,0.0532,0.02795,0.0434,0.0178,0.0296,0.0139,0.0254,0,0,0.48868176,0.3171472,-0.18297872,-0.060542796,-0.12302839,-0.07636364,0.33572283,0.2616279,12.821788797530548,80.2911955157818,4802.0,Chennai,10,"{""type"":""MultiPoint"",""coordinates"":[]}",-19.362425551604947,-30.468343242487258,-17.298644021794566,-31.446126622101698
1_1_2_303_0_1_1_2_303_0,0.12325,0.1642,0.0617,0.1135,0.0383,0.0796,0.06585,0.1026,0.0453,0.108,0.3696,0.2622,1,6,-0.3035431,-0.23088455,-0.49984783,-0.22983114,0.78163415,0.4165316,-0.69755423,-0.4375,12.89230654733393,80.23666777803575,4803.0,Chennai,10,"{""type"":""MultiPoint"",""coordinates"":[]}",-9.544463477894901,-14.802389548444852,-8.491116009001122,-14.520813413766891
1_1_2_304_0_1_1_2_304_0,0.2174,0.3523,0.1944,0.2611,0.1069,0.2554,0.1246,0.284,0.1344,0.3104,0.1634,0.33,6,6,-0.27134502,-0.10733931,0.14180672,0.03268357,0.097380795,0.030605871,-0.13472222,-0.07491857,12.806607269228929,80.19768089470496,4804.0,Chennai,10,"{""type"":""MultiPoint"",""coordinates"":[]}",-10.466315362957257,-11.700954958707491,-7.785802762326812,-12.703422333708456
1_1_2_305_0_1_1_2_305_0,0.2404,0.2496,0.1515,0.152,0.0445,0.1338,0.0664,0.1328,0.0542,0.112,0.3016,0.2714,6,6,-0.5671447,-0.30543932,-0.11291513,-0.04184261,0.69533443,0.41575378,-0.6391304,-0.34289956,13.144104321472632,80.09158985965044,4805.0,Chennai,10,"{""type"":""MultiPoint"",""coordinates"":[]}",-7.377433500563184,-13.835799357676127,-5.123297965014584,-13.46849060365085
1_1_2_306_0_1_1_2_306_0,0.2832,0.315,0.2019,0.2311,0.0589,0.163,0.0863,0.1754,0.088,0.1676,0.2176,0.3244,6,6,-0.5328823,-0.28466558,0.13099042,-0.014701283,0.42408377,0.31869918,-0.43205002,-0.29811925,13.093619002505116,80.10380694751447,4806.0,Chennai,10,"{""type"":""MultiPoint"",""coordinates"":[]}",-9.560428092860306,-18.032593181252736,-10.421326443198137,-16.533808229756257
1_1_2_307_0_1_1_2_307_0,0.2109,0.23585,0.1113,0.1365,0.0426,0.0573,0.0639,0.07945,0.0486,0.0559,0.2596,0.3009,1,1,-0.5349345,-0.49603552,-0.10350691,-0.12119236,0.6846204,0.6866592,-0.6049459,-0.5822269,12.82699902617844,80.03230105089855,4807.0,Chennai,10,"{""type"":""MultiPoint"",""coordinates"":[]}",-8.688339155679746,-14.416028031697586,-8.552075574482034,-13.261722451911641
1_1_2_308_0_1_1_2_308_0,0.2865,0.2517,0.1926,0.168,0.0588,0.0717,0.0804,0.0876,0.0896,0.0905,0.227,0.2348,5,5,-0.5617334,-0.4836428,0.11587147,0.034737922,0.4339861,0.44359052,-0.47690305,-0.4565757,12.962015813381605,80.10290863223035,4808.0,Chennai,10,"{""type"":""MultiPoint"",""coordinates"":[]}",-10.430440937845106,-18.40076800456186,-8.488911443261518,-14.994116028731025
1_1_2_309_0_1_1_2_309_0,0.00595,0.0264,0.0051,0.0191,0.02895,0.058,0.03105,0.0564,0.01585,0.0367,0.00855,0.0302,0,0,0.6783784,0.36231884,-0.17931035,-0.06713781,-0.29918033,-0.09715994,0.5681818,0.30254042,12.951685187614231,80.27017493813341,4809.0,Chennai,10,"{""type"":""MultiPoint"",""coordinates"":[]}",-17.259188406263227,-35.07427930812634,-17.70600036315846,-29.961350409764297
1_1_2_310_0_1_1_2_310_0,0.2534,0.2807,0.2371,0.2586,0.1236,0.1396,0.1341,0.159,0.1717,0.1654,0.1945,0.2062,6,6,-0.30787095,-0.27677962,0.13150257,0.15300883,0.06226106,0.10979548,-0.1838101,-0.12924425,13.064513587299643,80.27071392730387,4810.0,Chennai,10,"{""type"":""MultiPoint"",""coordinates"":[]}",-0.26415610356446606,-14.880179012506344,0.6172714228800986,-14.131216847490641
1_1_2_311_0_1_1_2_311_0,0.2432,0.2791,0.19865,0.2076,0.1029,0.1586,0.1201,0.1496,0.1313,0.1514,0.2209,0.2872,6,6,-0.33883843,-0.30207604,0.04804999,-0.014303373,0.2544009,0.3096215,-0.29560116,-0.31501833,12.898954080436416,80.18169088264763,4811.0,Chennai,10,"{""type"":""MultiPoint"",""coordinates"":[]}",-8.769042304108371,-15.978843956447443,-7.048300097660788,-13.220112715312656
1_1_2_312_0_1_1_2_312_0,0.2445,0.24865,0.1801,0.1866,0.0644,0.0691,0.0803,0.0744,0.0932,0.08135,0.1782,0.1696,6,6,-0.50554186,-0.5393902,0.15684883,0.1890018,0.31319085,0.35166368,-0.3787234,-0.39016393,13.051218521094674,80.06203528680291,4812.0,Chennai,10,"{""type"":""MultiPoint"",""coordinates"":[]}",-9.092137540126402,-14.682276097508469,-6.871151056728809,-12.947047357101109
1_1_2_313_0_1_1_2_313_0,0.1087,0.0306,0.06,0.0231,0.0434,0.0402,0.0711,0.053,0.0415,0.0394,0.1822,0.0564,3,0,-0.20912124,0.26794258,-0.25266415,-0.29655173,0.62896734,0.17745303,-0.43861035,-0.03107861,12.80669710075734,80.1168325191342,4813.0,Chennai,10,"{""type"":""MultiPoint"",""coordinates"":[]}",-10.682717585887394,-16.88117781505416,-15.128505577378073,-22.48737023939889
1_1_2_314_0_1_1_2_314_0,0.2771,0.2263,0.211,0.1225,0.0928,0.0716,0.1296,0.0937,0.1538,0.0785,0.2632,0.3638,6,4,-0.3626752,-0.414375,0.025726449,-0.23301135,0.2623501,0.6450373,-0.3401222,-0.5903825,13.0694543213623,80.04631476933082,4814.0,Chennai,10,"{""type"":""MultiPoint"",""coordinates"":[]}",-11.77538032058315,-18.219292440979245,-9.537692159972732,-16.049349920277855
1_1_2_315_0_1_1_2_315_0,0.2884,0.28905,0.2146,0.21365,0.09,0.0817,0.1166,0.1175,0.1306,0.1061,0.253,0.3093,6,6,-0.42419752,-0.42196533,0.065386035,-0.03384307,0.31908238,0.48916706,-0.3690476,-0.44939083,12.920244152670048,80.07128793422935,4815.0,Chennai,10,"{""type"":""MultiPoint"",""coordinates"":[]}",-5.8579391845067805,-17.20376528458327,-6.792202354455742,-14.971329956542668
1_1_2_316_0_1_1_2_316_0,0.2,0.22235,0.1222,0.135,0.0368,0.0599,0.0628,0.08065,0.0493,0.0632,0.2264,0.2564,1,1,-0.52207,-0.46765676,-0.061913695,-0.07112271,0.64236486,0.60450566,-0.5656985,-0.521436,12.82601087936591,80.06266410750179,4816.0,Chennai,10,"{""type"":""MultiPoint"",""coordinates"":[]}",-8.396631826336847,-13.620712731054041,-8.719867039041262,-13.660551581290953
1_1_2_317_0_1_1_2_317_0,0.27435,0.2441,0.22505,0.1657,0.0852,0.0716,0.1336,0.0944,0.1401,0.0928,0.2729,0.2662,6,6,-0.34501776,-0.4422452,0.0026496118,-0.04330786,0.32154962,0.48300835,-0.34268144,-0.47642818,12.821519302945312,80.2325355277288,4817.0,Chennai,10,"{""type"":""MultiPoint"",""coordinates"":[]}",-6.074581127159768,-14.960317952867637,-5.661393738820049,-12.017079085310339
1_1_2_318_0_1_1_2_318_0,0.0095,0.0148,0.007,0.0123,0.0384,0.0444,0.02715,0.0384,0.01555,0.0261,0.0133,0.0209,0,0,0.48158255,0.44360903,-0.16666667,-0.17086835,-0.0779896,-0.1106383,0.34239802,0.2951096,12.876406366805014,80.28607511866232,4818.0,Chennai,10,"{""type"":""MultiPoint"",""coordinates"":[]}",-18.965253658420323,-30.911986074355,-16.669987950256616,-33.86632299106817
1_1_2_319_0_1_1_2_319_0,0.1545,0.1863,0.0705,0.0872,0.0288,0.0362,0.047,0.0608,0.0319,0.0393,0.2536,0.2916,1,1,-0.53349876,-0.50789154,-0.24283265,-0.22033899,0.7765324,0.762466,-0.6872921,-0.65493757,12.807056426870988,80.10632223031,4819.0,Chennai,10,"{""type"":""MultiPoint"",""coordinates"":[]}",-8.259158498827372,-14.45670630292101,-7.374690357802045,-14.02500230810171
1_1_2_320_0_1_1_2_320_0,0.0081,0.0181,0.0065,0.0144,0.03785,0.049,0.0254,0.0378,0.0147,0.0278,0.01065,0.0242,0,0,0.5164179,0.35241503,-0.136,-0.14420804,-0.1597633,-0.06923077,0.40915394,0.21935484,13.10350047063043,80.35874882514759,4820.0,Chennai,10,"{""type"":""MultiPoint"",""coordinates"":[]}",-17.76028162233323,-30.60647831592723,-17.12857832612128,-34.03315736624851
1_1_2_321_0_1_1_2_321_0,0.2786,0.2711,0.23245,0.2155,0.07365,0.1038,0.10115,0.1434,0.1409,0.1832,0.2328,0.2834,6,6,-0.4672811,-0.308082,0.08955807,-0.022182146,0.24591918,0.21474497,-0.39422068,-0.32802248,12.93695281695467,80.25616121970114,4821.0,Chennai,10,"{""type"":""MultiPoint"",""coordinates"":[]}",-10.456886652247842,-18.210781159091173,-10.012098075351696,-17.0038066104606
1_1_2_322_0_1_1_2_322_0,0.21015,0.2388,0.19135,0.2232,0.1177,0.1324,0.1389,0.1588,0.1495,0.1738,0.2263,0.238,6,6,-0.20412548,-0.20120725,-0.037003092,0.0016778524,0.20436402,0.15590093,-0.23932092,-0.19959678,13.035767498207818,80.17405520273262,4822.0,Chennai,10,"{""type"":""MultiPoint"",""coordinates"":[]}",-3.239806080341885,-15.203929559798963,-4.475561950372099,-16.604683546656116
1_1_2_323_0_1_1_2_323_0,0.0072,0.0161,0.00695,0.0112,0.03345,0.0458,0.01965,0.0353,0.0132,0.0248,0.01135,0.0234,0,0,0.46368715,0.37354085,-0.22371967,-0.18481013,-0.07535642,-0.029045643,0.26774195,0.20272572,12.908476222448082,80.39935267598979,4823.0,Chennai,10,"{""type"":""MultiPoint"",""coordinates"":[]}",-16.23973152120839,-31.543414986956332,-16.91141450186614,-33.51733690725914
1_1_2_324_0_1_1_2_324_0,0.0064,0.0194,0.0057,0.0161,0.03455,0.0496,0.0344,0.0482,0.0165,0.0316,0.0101,0.0252,0,0,0.6862745,0.4260355,-0.22424242,-0.13004485,-0.24060151,-0.112676054,0.5460674,0.3133515,12.989234766490426,80.28122421612807,4824.0,Chennai,10,"{""type"":""MultiPoint"",""coordinates"":[]}",-16.973364497764276,-26.451253174753838,-17.573005404533983,-31.082412540565365
1_1_2_325_0_1_1_2_325_0,0.0092,0.0247,0.00735,0.0186,0.03575,0.0508,0.02005,0.0382,0.01415,0.0286,0.01255,0.0233,0,0,0.37094018,0.21462639,-0.15402299,0.029166667,-0.059925094,-0.10211946,0.23006135,0.24227643,12.837149988888992,80.36755231493196,4825.0,Chennai,10,"{""type"":""MultiPoint"",""coordinates"":[]}",-16.940619642310708,-31.329602609183908,-17.211235997520035,-39.58851554842966
1_1_2_326_0_1_1_2_326_0,0.1836,0.1873,0.11565,0.1463,0.04105,0.1302,0.06435,0.1454,0.051,0.1364,0.2476,0.2118,6,6,-0.48094374,-0.12593928,-0.148423,-0.061388124,0.6584059,0.21654221,-0.5874339,-0.18589026,12.996960277933857,80.21591669497258,4826.0,Chennai,10,"{""type"":""MultiPoint"",""coordinates"":[]}",-4.731551293930624,-14.529889139916996,-5.162644066001851,-15.929619035039666
1_1_2_327_0_1_1_2_327_0,0.23245,0.2994,0.2089,0.2763,0.0764,0.1794,0.0993,0.1946,0.1065,0.2202,0.1677,0.2566,6,6,-0.40135643,-0.21214575,0.16181432,0.076978415,0.22319475,0.076342285,-0.25617978,-0.13741134,13.099188557266656,80.26532403559916,4827.0,Chennai,10,"{""type"":""MultiPoint"",""coordinates"":[]}",-4.149636486067995,-14.323955010276086,1.1052283025568945,-15.016453223263909
1_1_2_328_0_1_1_2_328_0,0.2954,0.285,0.2861,0.2736,0.1247,0.141,0.138,0.1588,0.18,0.1772,0.2215,0.2048,6,6,-0.3631749,-0.28436232,0.14296769,0.1637403,0.10336239,0.07225131,-0.23226704,-0.12651265,13.070891625816891,80.19309948675595,4828.0,Chennai,10,"{""type"":""MultiPoint"",""coordinates"":[]}",-4.255270317137264,-12.195255705549537,-1.9128761549243962,-12.855140599147239
1_1_2_329_0_1_1_2_329_0,0.18385,0.2214,0.15005,0.1705,0.07395,0.0903,0.0943,0.1022,0.1098,0.105,0.1678,0.2214,6,6,-0.3219486,-0.368356,0.045641974,0.0,0.20893371,0.35661766,-0.2804273,-0.368356,13.074125560839722,80.23154738091627,4829.0,Chennai,10,"{""type"":""MultiPoint"",""coordinates"":[]}",-6.271323647746189,-13.840008011920887,-5.04169200769063,-12.565942489961797
1_1_2_330_0_1_1_2_330_0,0.3442,0.3409,0.2819,0.3283,0.0983,0.1858,0.1456,0.2044,0.1758,0.2204,0.264,0.2862,6,6,-0.40547162,-0.2503209,0.13186452,0.08722692,0.2005457,0.12988551,-0.2890625,-0.1667346,13.148775560950051,80.10757987170777,4830.0,Chennai,10,"{""type"":""MultiPoint"",""coordinates"":[]}",-13.288656873602008,-20.598795691524757,-8.796286957221609,-14.97460533816273
1_1_2_331_0_1_1_2_331_0,0.1285,0.1889,0.0671,0.10565,0.0392,0.0696,0.0667,0.0871,0.0484,0.0659,0.2238,0.2774,1,1,-0.31659836,-0.36884058,-0.27050808,-0.18979198,0.64437914,0.6160792,-0.54079175,-0.5220851,13.148416234836406,80.04936904129683,4831.0,Chennai,10,"{""type"":""MultiPoint"",""coordinates"":[]}",-10.211523273915617,-15.559087466543707,-10.87365863700115,-15.97174731435566
1_1_2_332_0_1_1_2_332_0,0.0096,0.0169,0.00735,0.0122,0.03905,0.0468,0.0267,0.034,0.0203,0.026,0.0167,0.0212,0,0,0.47107437,0.33595285,-0.26996198,-0.112860896,-0.097297296,-0.10169491,0.23041475,0.23188406,12.913506788039152,80.38686609354053,4832.0,Chennai,10,"{""type"":""MultiPoint"",""coordinates"":[]}",-17.557591794064447,-33.349244478126316,-16.65279108557826,-33.99534938090814
1_1_2_333_0_1_1_2_333_0,0.1926,0.19565,0.1113,0.1186,0.0633,0.0759,0.0908,0.0944,0.0618,0.07115,0.364,0.3332,6,6,-0.3592096,-0.34907773,-0.30794108,-0.26009265,0.7097229,0.6480772,-0.6007036,-0.55846584,13.13988223963727,80.03625363814868,4833.0,Chennai,10,"{""type"":""MultiPoint"",""coordinates"":[]}",-10.17282223939235,-15.534955185335292,-9.592566871798669,-16.917446449039506
1_1_2_334_0_1_1_2_334_0,0.0097,0.0223,0.0076,0.0197,0.0428,0.0618,0.0498,0.0675,0.0365,0.0539,0.0171,0.0397,0,0,0.6739496,0.5033408,-0.2761194,-0.28064516,-0.3619403,-0.15170941,0.48878923,0.25932837,13.107992047051027,80.14135652639067,4834.0,Chennai,10,"{""type"":""MultiPoint"",""coordinates"":[]}",-20.77727815136692,-27.690629221578163,-21.20752276841483,-31.18147893556015
1_1_2_335_0_1_1_2_335_0,0.2378,0.3081,0.204,0.2643,0.0758,0.2364,0.1012,0.2652,0.1024,0.2546,0.2056,0.336,6,6,-0.40294984,-0.07482993,0.07262066,-0.043316256,0.33506495,0.13782594,-0.34028682,-0.11776447,12.97611936334228,80.13156488979376,4835.0,Chennai,10,"{""type"":""MultiPoint"",""coordinates"":[]}",-0.8510017335982143,-10.564598808369418,-0.6080289184599768,-12.777574565893453
1_1_2_336_0_1_1_2_336_0,0.00905,0.0231,0.00715,0.017,0.037,0.0507,0.02515,0.0407,0.01715,0.0314,0.0136,0.0296,0,0,0.47076023,0.27586207,-0.200883,-0.12333966,-0.115447156,-0.029508196,0.29806453,0.15789473,12.885030193532565,80.29919052181046,4836.0,Chennai,10,"{""type"":""MultiPoint"",""coordinates"":[]}",-16.829176731286488,-31.62234532707413,-16.786310419440465,-32.286244584553145
1_1_2_337_0_1_1_2_337_0,0.0082,0.0211,0.0075,0.013,0.0404,0.0532,0.0276,0.045,0.0175,0.0326,0.0131,0.0272,0,0,0.54189944,0.36157337,-0.23004694,-0.126294,-0.14379086,-0.09030101,0.35626537,0.2465374,13.026874176895037,80.32389419212375,4837.0,Chennai,10,"{""type"":""MultiPoint"",""coordinates"":[]}",-17.74660977470518,-30.425454563824935,-18.29800243591622,-29.74488499276253
1_1_2_338_0_1_1_2_338_0,0.01105,0.0194,0.0089,0.0164,0.0428,0.0462,0.0278,0.0388,0.01975,0.0254,0.01435,0.0207,0,0,0.43114543,0.33333334,-0.12992126,-0.03241895,-0.15835777,-0.10195228,0.31909847,0.3042017,12.828705825218268,80.32829593701594,4838.0,Chennai,10,"{""type"":""MultiPoint"",""coordinates"":[]}",-17.217807674517466,-32.0991048855474,-16.693021151372122,-32.238381644208836
1_1_2_339_0_1_1_2_339_0,0.1302,0.1561,0.07025,0.0794,0.04585,0.0445,0.06945,0.0727,0.05795,0.0495,0.3544,0.4172,0,1,-0.3042825,-0.36451048,-0.4626496,-0.45543346,0.7189281,0.7878723,-0.6722897,-0.70320475,12.94378001311398,80.22786428825137,4839.0,Chennai,10,"{""type"":""MultiPoint"",""coordinates"":[]}",-10.089646224009776,-15.028181255328398,-10.826998780255035,-14.702587481533493
1_1_2_340_0_1_1_2_340_0,0.2317,0.25225,0.1612,0.1698,0.0797,0.1057,0.1022,0.1244,0.1124,0.1338,0.2414,0.2682,4,4,-0.38784066,-0.3394398,-0.020503065,-0.030646555,0.3646128,0.33432835,-0.40512222,-0.36627612,13.17258091597922,80.06221494985974,4840.0,Chennai,10,"{""type"":""MultiPoint"",""coordinates"":[]}",-11.951023927226176,-17.418257766834444,-12.123152045689228,-18.173609698043116
1_1_2_341_0_1_1_2_341_0,0.01015,0.0249,0.00795,0.0192,0.0441,0.0514,0.0301,0.0384,0.0216,0.0326,0.01605,0.0273,0,0,0.49565217,0.21327014,-0.22519083,-0.04597701,-0.14741036,-0.0884808,0.30444205,0.16894977,13.026335187724564,80.38623727284164,4841.0,Chennai,10,"{""type"":""MultiPoint"",""coordinates"":[]}",-17.194994353051246,-31.71561328248165,-17.9875138420349,-32.633831696899534
1_1_2_342_0_1_1_2_342_0,0.2093,0.2574,0.1523,0.1701,0.0772,0.081,0.0982,0.1278,0.1116,0.0982,0.1792,0.3156,0,1,-0.36130083,-0.3364486,0.07747748,-0.10157068,0.23246217,0.5253746,-0.2919971,-0.42354533,12.876406366805014,80.12024611721385,4842.0,Chennai,10,"{""type"":""MultiPoint"",""coordinates"":[]}",-10.613119513718159,-17.247266989494182,-8.492736664728767,-14.902654197485628
1_1_2_343_0_1_1_2_343_0,0.18465,0.1838,0.1333,0.1218,0.0709,0.1238,0.087,0.131,0.08995,0.111,0.2099,0.235,6,6,-0.35946992,-0.16772553,-0.063996956,-0.12225406,0.40003335,0.3583815,-0.4139441,-0.284153,13.014297762917362,80.24160851209841,4843.0,Chennai,10,"{""type"":""MultiPoint"",""coordinates"":[]}",-8.73933995879938,-15.193973316316935,-7.955256552357982,-13.788079678896995
1_1_2_344_0_1_1_2_344_0,0.2273,0.0275,0.1198,0.01975,0.0445,0.0433,0.0806,0.04845,0.0518,0.03805,0.366,0.0349,1,0,-0.4764534,0.27583936,-0.23377718,-0.118589744,0.7520345,-0.04318026,-0.6390506,0.16256748,12.982407570331118,80.04595544321717,4844.0,Chennai,10,"{""type"":""MultiPoint"",""coordinates"":[]}",-9.084530411778442,-14.776922958567248,-20.266853629263935,-25.931028289814986
1_1_2_345_0_1_1_2_345_0,0.2534,0.2096,0.18065,0.1412,0.098,0.0885,0.1201,0.1136,0.1366,0.1188,0.2672,0.2416,6,6,-0.35689425,-0.2970297,-0.026507875,-0.07092199,0.32342744,0.3407325,-0.37980893,-0.36036035,13.140421228807742,80.21744383095559,4845.0,Chennai,10,"{""type"":""MultiPoint"",""coordinates"":[]}",-8.987462688112265,-15.39031076205778,-8.00655574988204,-14.809289891115224
1_1_2_346_0_1_1_2_346_0,0.2265,0.2636,0.2084,0.2418,0.119,0.1426,0.13,0.1594,0.1484,0.1732,0.186,0.2096,6,6,-0.27068722,-0.2463357,0.09818182,0.114116654,0.11244019,0.09508882,-0.17721519,-0.13604335,12.98429403242777,80.12473769363446,4846.0,Chennai,10,"{""type"":""MultiPoint"",""coordinates"":[]}",-4.775978567856576,-15.259473233113107,-5.755207024047992,-16.773391407785855
1_1_2_347_0_1_1_2_347_0,0.00985,0.0219,0.00825,0.0176,0.0387,0.0518,0.02615,0.0388,0.0176,0.031,0.01445,0.0248,0,0,0.45277777,0.27841845,-0.18930042,-0.0620985,-0.09828393,-0.11111111,0.28817734,0.22012578,12.954469964995,80.37455917414809,4847.0,Chennai,10,"{""type"":""MultiPoint"",""coordinates"":[]}",-17.198441525718614,-30.93654343614302,-17.825407681758453,-31.901371428255693
1_1_2_348_0_1_1_2_348_0,0.3092,0.3157,0.252,0.2858,0.0886,0.128,0.126,0.156,0.1678,0.2079,0.285,0.2864,4,6,-0.4209559,-0.33856264,0.040727027,0.048663013,0.25883391,0.15881044,-0.38686132,-0.29475588,13.166831698160856,80.04748257920018,4848.0,Chennai,10,"{""type"":""MultiPoint"",""coordinates"":[]}",-9.364420463358767,-19.376587697204435,-9.311419602655196,-19.417568898021827
1_1_2_349_0_1_1_2_349_0,0.13375,0.1328,0.12175,0.113,0.0832,0.0914,0.09405,0.093,0.1012,0.104,0.10985,0.1108,6,6,-0.17427568,-0.17626218,0.09811166,0.09031199,0.040985547,0.031657357,-0.07748897,-0.08734053,12.996600951820207,80.18986555173312,4849.0,Chennai,10,"{""type"":""MultiPoint"",""coordinates"":[]}",-1.0741554874371757,-16.00477292003791,-1.5675457814609604,-17.417400285443392
1_1_2_350_0_1_1_2_350_0,0.01135,0.021,0.0088,0.0147,0.042,0.052,0.0284,0.039,0.02095,0.0299,0.01595,0.0248,0,0,0.42893082,0.3,-0.16849817,-0.082969435,-0.13550135,-0.093235835,0.28072155,0.22257054,13.049511722054849,80.37357102733556,4850.0,Chennai,10,"{""type"":""MultiPoint"",""coordinates"":[]}",-17.04793426227012,-28.378163018039064,-18.168444784943695,-32.378969210215146
1_1_2_351_0_1_1_2_351_0,0.2573,0.2658,0.15555,0.1744,0.04505,0.0513,0.07455,0.0772,0.07095,0.075,0.2663,0.2376,6,4,-0.5507006,-0.5498542,-0.017188694,0.05601907,0.5792439,0.5201535,-0.5625642,-0.5095299,12.883143731435911,80.24205766974046,4851.0,Chennai,10,"{""type"":""MultiPoint"",""coordinates"":[]}",-11.069599624588381,-16.243101657071605,-8.495437881846376,-15.653058420741024
1_1_2_352_0_1_1_2_352_0,0.0105,0.0131,0.0086,0.0094,0.04005,0.0424,0.02565,0.0393,0.01915,0.0266,0.01395,0.0202,0,0,0.41908714,0.5,-0.1411043,-0.21321322,-0.1570997,-0.13675214,0.29545453,0.3210084,12.876765692918664,80.33135020898195,4852.0,Chennai,10,"{""type"":""MultiPoint"",""coordinates"":[]}",-17.108286047890726,-30.887186919943737,-16.747674610289625,-31.723339509151785
1_1_2_353_0_1_1_2_353_0,0.2615,0.3332,0.1795,0.2661,0.0588,0.0937,0.0822,0.1242,0.0804,0.16,0.24,0.2332,5,4,-0.5216759,-0.4569305,0.042871386,0.17655367,0.49812734,0.1861648,-0.48975793,-0.30498043,13.021394453661904,80.10820869240665,4853.0,Chennai,10,"{""type"":""MultiPoint"",""coordinates"":[]}",-10.13516663639517,-14.481312037018888,-9.600476981038927,-16.81588066602032
1_1_2_354_0_1_1_2_354_0,0.01035,0.0211,0.0087,0.0151,0.04105,0.0475,0.02695,0.036,0.01775,0.0261,0.01575,0.0218,0,0,0.44504023,0.2609457,-0.20689656,-0.016317016,-0.05970149,-0.089770354,0.26229507,0.24567474,12.814692106786003,80.30808384312324,4854.0,Chennai,10,"{""type"":""MultiPoint"",""coordinates"":[]}",-16.650364949035332,-29.454929274214088,-17.366842841440175,-32.40908939743655
1_1_2_355_0_1_1_2_355_0,0.2432,0.2709,0.2134,0.23105,0.1376,0.1544,0.1546,0.166,0.1698,0.2031,0.22,0.2439,6,6,-0.22272499,-0.24010071,0.050086357,0.052447554,0.12878399,0.09127517,-0.17458622,-0.19004636,12.857451914310094,80.0710184396441,4855.0,Chennai,10,"{""type"":""MultiPoint"",""coordinates"":[]}",-7.810156391332713,-13.788896403599715,-7.61661561349051,-14.293299523127097
1_1_2_356_0_1_1_2_356_0,0.0086,0.0173,0.00735,0.0142,0.03895,0.0505,0.0249,0.0406,0.01465,0.0318,0.01255,0.0256,0,0,0.48656717,0.40241796,-0.18676123,-0.19347319,-0.07720588,-0.108013935,0.32977304,0.2265861,13.133504201120022,80.37177439676732,4856.0,Chennai,10,"{""type"":""MultiPoint"",""coordinates"":[]}",-16.84138811318072,-29.275641224835496,-17.681097831219322,-31.399707946993697
1_1_2_357_0_1_1_2_357_0,0.1961,0.2237,0.1977,0.2118,0.0882,0.1204,0.0928,0.129,0.1056,0.1366,0.1172,0.155,6,6,-0.35756317,-0.26850015,0.25183532,0.18141009,0.05206463,0.06310014,-0.11619048,-0.09154929,13.002978990337455,80.16309575626636,4857.0,Chennai,10,"{""type"":""MultiPoint"",""coordinates"":[]}",-16.878595879153227,-24.697057015305667,-17.511019729839926,-24.436750929884433
1_1_2_358_0_1_1_2_358_0,0.00715,0.0192,0.00495,0.0155,0.04215,0.0601,0.03985,0.0586,0.01685,0.0377,0.0099,0.03,0,0,0.6957447,0.50642675,-0.16129032,-0.2195122,-0.25981307,-0.11373708,0.6020101,0.3227991,13.19458964044015,80.33611127998778,4858.0,Chennai,10,"{""type"":""MultiPoint"",""coordinates"":[]}",-17.487283248389186,-29.134981811748077,-17.374588177732587,-30.90735208867171
1_1_2_359_0_1_1_2_359_0,0.22775,0.2869,0.2068,0.247,0.1048,0.141,0.1083,0.1602,0.1317,0.1816,0.199,0.2344,6,6,-0.35545304,-0.2833818,0.067369655,0.100709766,0.2035077,0.12692308,-0.29515132,-0.18803851,13.172221589865574,80.24556109934854,4859.0,Chennai,10,"{""type"":""MultiPoint"",""coordinates"":[]}",-9.734878759876457,-16.384113225105384,-7.812284748906628,-13.51071553098349
1_1_2_360_0_1_1_2_360_0,0.31,0.2263,0.2394,0.1506,0.0786,0.092,0.105,0.1086,0.1418,0.1056,0.2128,0.2226,5,5,-0.4939759,-0.3514482,0.18592195,0.008242371,0.2002256,0.35648996,-0.33920705,-0.3442029,12.834544874565044,80.11467656245232,4860.0,Chennai,10,"{""type"":""MultiPoint"",""coordinates"":[]}",-11.586292616113706,-18.62873353248918,-10.682438524517593,-16.30347099225297
1_1_2_361_0_1_1_2_361_0,0.25075,0.2616,0.2201,0.2293,0.1281,0.124,0.1462,0.1364,0.172,0.1568,0.2044,0.1734,6,6,-0.2633833,-0.31457287,0.10183456,0.20275863,0.08607864,0.05027256,-0.16600114,-0.11943189,13.05831521183922,80.27574449289494,4861.0,Chennai,10,"{""type"":""MultiPoint"",""coordinates"":[]}",-1.1469260751267993,-15.789319280281655,-4.197904870278303,-15.207880297320898
1_1_2_362_0_1_1_2_362_0,0.0102,0.0193,0.0081,0.0164,0.03875,0.0509,0.0234,0.038,0.01595,0.0245,0.01475,0.02,0,0,0.39285713,0.32635254,-0.18236473,-0.017811704,-0.039087947,-0.101123594,0.22673656,0.31034482,12.92078314184052,80.35785050986347,4862.0,Chennai,10,"{""type"":""MultiPoint"",""coordinates"":[]}",-18.142485156554937,-33.29246604664928,-17.541782102127016,-33.03618687970858
1_1_2_363_0_1_1_2_363_0,0.3048,0.2928,0.2638,0.23585,0.146,0.1074,0.1452,0.1252,0.1736,0.1239,0.2546,0.2636,6,6,-0.35466668,-0.40095693,0.08973901,0.05248023,0.18916394,0.36051613,-0.27363682,-0.35596707,12.939647762807027,80.05511825911519,4863.0,Chennai,10,"{""type"":""MultiPoint"",""coordinates"":[]}",-7.770442769739779,-17.395166320362186,-5.052846062198222,-15.845701761619926
1_1_2_364_0_1_1_2_364_0,0.21305,0.1373,0.1544,0.0676,0.0728,0.0582,0.10495,0.0855,0.1068,0.067,0.16,0.257,4,1,-0.33993712,-0.23249552,0.14220613,-0.30357596,0.1994003,0.58641976,-0.20777506,-0.5007299,13.185516656070542,80.24277632196775,4864.0,Chennai,10,"{""type"":""MultiPoint"",""coordinates"":[]}",-8.462070311952106,-15.48698162166607,-7.555248204527513,-13.557980883759331
1_1_2_365_0_1_1_2_365_0,0.2343,0.2479,0.2117,0.2172,0.1132,0.1124,0.1306,0.123,0.1456,0.1478,0.186,0.1842,6,6,-0.28418744,-0.33674845,0.11491792,0.14741957,0.12183353,0.10963856,-0.1749842,-0.19921875,12.96542941146126,80.14710574420903,4865.0,Chennai,10,"{""type"":""MultiPoint"",""coordinates"":[]}",-7.991168442385687,-12.931444091576402,-7.8862868268955495,-12.618517870163988
1_1_2_366_0_1_1_2_366_0,0.2641,0.18235,0.1508,0.10985,0.0496,0.05945,0.0771,0.07805,0.065,0.0614,0.3082,0.2203,5,1,-0.54806566,-0.40053764,-0.07705749,-0.09425059,0.65166134,0.56407523,-0.59979236,-0.476789,12.96686671591585,80.0521538186776,4866.0,Chennai,10,"{""type"":""MultiPoint"",""coordinates"":[]}",-10.911666975959717,-16.476466508432612,-9.882924185191875,-14.526559905117225
1_1_2_367_0_1_1_2_367_0,0.3828,0.4263,0.2876,0.3168,0.0902,0.112,0.1256,0.1478,0.1542,0.1994,0.2954,0.344,4,6,-0.50590086,-0.48510712,0.12887055,0.10684149,0.31405693,0.2661023,-0.4033254,-0.39894265,12.88763530785651,80.11602403537849,4867.0,Chennai,10,"{""type"":""MultiPoint"",""coordinates"":[]}",-10.079216910673289,-15.617955772798144,-9.537574928875737,-17.467411234132374
1_1_2_368_0_1_1_2_368_0,0.2683,0.262,0.1923,0.1761,0.085,0.1126,0.1206,0.133,0.1356,0.1296,0.2802,0.2884,6,6,-0.37978914,-0.32658228,-0.021695534,-0.047965117,0.34776336,0.3799043,-0.39820358,-0.36877078,12.991300891643904,80.11413757328184,4868.0,Chennai,10,"{""type"":""MultiPoint"",""coordinates"":[]}",-11.947643017315139,-17.581691723094558,-9.110880173015179,-15.832616193730766
1_1_2_369_0_1_1_2_369_0,0.0115,0.0239,0.00945,0.0191,0.04475,0.0568,0.02745,0.0429,0.0204,0.033,0.0166,0.0267,0,0,0.40949935,0.28443113,-0.18149467,-0.05533597,-0.1027027,-0.10552764,0.24631101,0.23275863,13.023550410343791,80.37599647860269,4869.0,Chennai,10,"{""type"":""MultiPoint"",""coordinates"":[]}",-17.197580112451774,-32.03443480120335,-16.53474787073202,-32.300139512509595
1_1_2_370_0_1_1_2_370_0,0.0096,0.0223,0.00725,0.0179,0.0322,0.0509,0.01995,0.0353,0.01235,0.0284,0.0116,0.0238,0,0,0.35025382,0.22569445,-0.094339624,-0.03253796,-0.03131524,-0.08812261,0.2646593,0.19458544,12.875508051520896,80.38560845214276,4870.0,Chennai,10,"{""type"":""MultiPoint"",""coordinates"":[]}",-17.850462174268685,-32.011380775903184,-16.613517744280347,-37.00607751577384
1_1_2_371_0_1_1_2_371_0,0.2458,0.2746,0.1977,0.2267,0.1422,0.165,0.186,0.1824,0.2218,0.1922,0.2818,0.2648,6,6,-0.13849004,-0.20175055,-0.06823351,0.018168336,0.119142175,0.15886214,-0.20478837,-0.1842576,13.110417498318151,80.0919491857641,4871.0,Chennai,10,"{""type"":""MultiPoint"",""coordinates"":[]}",-3.9760603986441803,-16.45725889729524,-1.5313651352389515,-15.471036769203568
1_1_2_372_0_1_1_2_372_0,0.0106,0.0166,0.0077,0.01065,0.0394,0.04945,0.0463,0.05205,0.0366,0.0393,0.0167,0.02465,0,0,0.6274165,0.51638746,-0.22344323,-0.19515151,-0.37335834,-0.22908522,0.46984127,0.357236,12.991750049285962,80.04478763334781,4872.0,Chennai,10,"{""type"":""MultiPoint"",""coordinates"":[]}",-20.180298424621462,-28.645439580892624,-20.90578662181943,-28.084861125800217
1_1_2_373_0_1_1_2_373_0,0.12845,0.2988,0.07605,0.2248,0.05735,0.1278,0.0776,0.1648,0.06225,0.1872,0.2147,0.3176,6,6,-0.24678476,-0.28904226,-0.2513478,-0.030499676,0.5504604,0.25832012,-0.46903867,-0.31674957,13.15775871379125,80.2611019537638,4873.0,Chennai,10,"{""type"":""MultiPoint"",""coordinates"":[]}",-10.288325533214353,-16.434395298490106,-9.540392841937082,-16.869909341873957
1_1_2_374_0_1_1_2_374_0,0.324,0.2041,0.2259,0.1138,0.0932,0.0665,0.1216,0.0935,0.1486,0.0713,0.2824,0.2912,4,1,-0.45421904,-0.3716398,0.068601586,-0.17585301,0.31044084,0.60662067,-0.3980198,-0.51390696,13.180935248121532,80.15806519067529,4874.0,Chennai,10,"{""type"":""MultiPoint"",""coordinates"":[]}",-11.631894807999739,-17.085429463251884,-10.663406280319785,-15.890145659318637
1_1_2_375_0_1_1_2_375_0,0.2747,0.2311,0.2301,0.1549,0.0608,0.0601,0.1009,0.0843,0.0944,0.0642,0.2822,0.3075,4,4,-0.4627263,-0.46544072,-0.013467409,-0.14184923,0.49867234,0.65456015,-0.47324458,-0.5696784,13.161172311870905,80.02080261526183,4875.0,Chennai,10,"{""type"":""MultiPoint"",""coordinates"":[]}",-7.872322480187849,-14.61800343142875,-11.270814006683306,-17.695572410486115
1_1_2_376_0_1_1_2_376_0,0.2096,0.2407,0.1236,0.1469,0.0486,0.0732,0.0774,0.1052,0.0522,0.0744,0.346,0.3116,6,6,-0.46062717,-0.3917317,-0.24550036,-0.12837227,0.7378202,0.6145078,-0.63438827,-0.49520153,12.962554802552075,80.14144635791908,4876.0,Chennai,10,"{""type"":""MultiPoint"",""coordinates"":[]}",-7.544401613944621,-11.934025420827393,-6.260201410397855,-12.19528333095171
1_1_2_377_0_1_1_2_377_0,0.0113,0.0242,0.00875,0.021,0.04255,0.0484,0.0288,0.04,0.0214,0.029,0.01805,0.0248,0,0,0.43640897,0.24610592,-0.22998296,-0.012244898,-0.08491762,-0.078066915,0.22945571,0.2345679,12.80984120425176,80.34257915003343,4877.0,Chennai,10,"{""type"":""MultiPoint"",""coordinates"":[]}",-16.26967685185678,-30.060899365257647,-16.954773160207242,-32.66473539008541
1_1_2_378_0_1_1_2_378_0,0.2142,0.2528,0.17295,0.1939,0.0805,0.1068,0.10085,0.1178,0.1071,0.1156,0.2921,0.2844,6,6,-0.35978416,-0.36427414,-0.15386134,-0.05882353,0.46342686,0.422,-0.48670316,-0.4142218,13.175545356416816,80.30080748932188,4878.0,Chennai,10,"{""type"":""MultiPoint"",""coordinates"":[]}",-6.917291391401589,-15.285427889818003,-4.106102705637349,-13.978071304406871
1_1_2_379_0_1_1_2_379_0,0.0089,0.022,0.00715,0.0151,0.03775,0.05,0.02615,0.0425,0.0162,0.0296,0.0133,0.0252,0,0,0.49215406,0.31782946,-0.1981982,-0.06779661,-0.098305084,-0.08029197,0.32572877,0.25553915,12.914584766380097,80.29478877691828,4879.0,Chennai,10,"{""type"":""MultiPoint"",""coordinates"":[]}",-17.864638585764897,-31.480613575127606,-17.66060851968144,-32.19261994755337
1_1_2_380_0_1_1_2_380_0,0.0098,0.0233,0.0078,0.0182,0.0427,0.0548,0.0275,0.0464,0.01665,0.0314,0.0142,0.0243,0,0,0.47453085,0.33142036,-0.18333334,-0.021008404,-0.07941653,-0.12746859,0.31894484,0.3125884,12.86374012129893,80.32515183352152,4880.0,Chennai,10,"{""type"":""MultiPoint"",""coordinates"":[]}",-17.999849196785192,-31.587353267090037,-17.326962326545345,-35.67239247726426
1_1_2_381_0_1_1_2_381_0,0.26645,0.2867,0.26455,0.2471,0.2484,0.2168,0.2848,0.2494,0.3057,0.2756,0.3172,0.3028,6,6,0.033287983,-0.06957657,-0.0869528,-0.02731128,0.018462032,0.04702628,-0.0538206,-0.096704096,13.058944032538102,80.26388673114457,4881.0,Chennai,10,"{""type"":""MultiPoint"",""coordinates"":[]}",-5.626566408481555,-11.758807374434038,-6.671545614087277,-14.730432076075349
1_1_2_382_0_1_1_2_382_0,0.01015,0.0153,0.00925,0.0126,0.03815,0.0426,0.025,0.0301,0.0179,0.0234,0.0144,0.0175,0,0,0.4224751,0.32599118,-0.17311609,-0.067073174,-0.108359136,-0.14425428,0.26903552,0.2647059,13.051847341793556,80.39081868079066,4882.0,Chennai,10,"{""type"":""MultiPoint"",""coordinates"":[]}",-17.173565937950944,-30.205217769903655,-17.001466272295804,-32.94720718676666
1_1_2_383_0_1_1_2_383_0,0.26515,0.3324,0.22515,0.2775,0.1224,0.16,0.1414,0.1864,0.1641,0.2018,0.2267,0.2736,6,6,-0.3043906,-0.28141865,0.07817424,0.0970297,0.16018423,0.1510307,-0.2317305,-0.18956521,12.904433803669544,80.19139268771612,4883.0,Chennai,10,"{""type"":""MultiPoint"",""coordinates"":[]}",-8.121390311609051,-16.72710616120441,-4.409599504542109,-15.642571923108012
1_1_2_384_0_1_1_2_384_0,0.2005,0.2566,0.113,0.16705,0.0449,0.081,0.0654,0.105,0.0562,0.1069,0.2292,0.2465,1,4,-0.5080857,-0.41924778,-0.06679078,0.020075532,0.6061668,0.3950198,-0.55600816,-0.40256044,12.937761300710378,80.01559238661393,4884.0,Chennai,10,"{""type"":""MultiPoint"",""coordinates"":[]}",-9.506647995023945,-14.55013327012585,-9.853865006100941,-17.77491249010955
1_1_2_385_0_1_1_2_385_0,0.2547,0.2633,0.1948,0.19645,0.0736,0.10075,0.108,0.1144,0.1034,0.1054,0.2662,0.2726,6,6,-0.4044665,-0.39422822,-0.022077175,-0.017353984,0.44047618,0.44232804,-0.42276856,-0.40878552,13.1370974622565,80.05511825911519,4885.0,Chennai,10,"{""type"":""MultiPoint"",""coordinates"":[]}",-7.057561678491091,-14.813086229598918,-6.46752901367703,-15.115176831438191
1_1_2_386_0_1_1_2_386_0,0.00835,0.0185,0.00695,0.0148,0.03595,0.052,0.0196,0.0382,0.01275,0.0333,0.00975,0.0242,0,0,0.40250447,0.3474427,-0.07734807,-0.13348946,-0.13333334,-0.15826087,0.33560476,0.22435898,13.198093070048216,80.37860159292663,4886.0,Chennai,10,"{""type"":""MultiPoint"",""coordinates"":[]}",-17.444048677903098,-31.444586754728526,-17.594166228555146,-31.457339990983186
1_1_2_387_0_1_1_2_387_0,0.2218,0.2732,0.1593,0.2033,0.089,0.1326,0.1144,0.1598,0.1156,0.1794,0.2828,0.2708,6,6,-0.3194527,-0.26189378,-0.12088783,0.004411765,0.41967872,0.20302089,-0.42396778,-0.25777984,12.984114369370946,80.13425983564612,4887.0,Chennai,10,"{""type"":""MultiPoint"",""coordinates"":[]}",-4.244933938538702,-14.914435157622481,-4.976361903121234,-14.004128046919506
1_1_2_388_0_1_1_2_388_0,0.2913,0.3211,0.2385,0.23785,0.1146,0.131,0.1388,0.1492,0.1736,0.167,0.2554,0.2782,6,6,-0.3545687,-0.3655114,0.06566673,0.07158352,0.19067599,0.24977538,-0.29578894,-0.301825,13.05795588572557,80.06095730846197,4888.0,Chennai,10,"{""type"":""MultiPoint"",""coordinates"":[]}",-8.688044917690933,-13.846031717493588,-5.99756255558926,-13.250474767966852
1_1_2_389_0_1_1_2_389_0,0.1392,0.0405,0.0674,0.02625,0.0604,0.06145,0.0828,0.0682,0.0517,0.0485,0.3964,0.0621,3,0,-0.25405404,0.2548298,-0.4802091,-0.21052632,0.76924795,0.12296564,-0.654424,0.04681504,13.119580314216169,80.05430977535949,4889.0,Chennai,10,"{""type"":""MultiPoint"",""coordinates"":[]}",-9.622549529067367,-16.037415203835085,-19.33304872232779,-26.11460503901782
1_1_2_390_0_1_1_2_390_0,0.2279,0.2667,0.20935,0.2294,0.0983,0.1214,0.1198,0.1352,0.134,0.1448,0.1555,0.1866,6,6,-0.3109002,-0.32719582,0.18883672,0.17670417,0.07426598,0.12613156,-0.12967671,-0.15972655,13.022202937417614,80.22148624973413,4890.0,Chennai,10,"{""type"":""MultiPoint"",""coordinates"":[]}",-6.150001516175875,-15.958956123471424,-3.644660308390504,-14.891559248176192
1_1_2_391_0_1_1_2_391_0,0.0102,0.0239,0.00795,0.0156,0.04045,0.0536,0.02435,0.0414,0.0174,0.0302,0.0146,0.0214,0,0,0.40955138,0.26799387,-0.17741935,0.05518764,-0.0875,-0.17054264,0.2503209,0.31847134,12.945037654511747,80.3610844448863,4891.0,Chennai,10,"{""type"":""MultiPoint"",""coordinates"":[]}",-17.02523039449623,-31.320655800646886,-16.90453216744558,-30.198552217747192
1_1_2_392_0_1_1_2_392_0,0.1851,0.13725,0.1322,0.11285,0.0606,0.1024,0.0932,0.119,0.1001,0.1214,0.2438,0.2023,6,0,-0.33021918,-0.07121951,-0.13686174,-0.19157709,0.41785404,0.24992277,-0.44688427,-0.25925925,13.067208533152002,80.0709286081157,4892.0,Chennai,10,"{""type"":""MultiPoint"",""coordinates"":[]}",-8.772057592745222,-15.480574023392133,-9.580859691497142,-18.195630365707864
1_1_2_393_0_1_1_2_393_0,0.2504,0.2658,0.1826,0.1872,0.0592,0.0749,0.08185,0.1022,0.1071,0.1148,0.1991,0.2286,1,1,-0.5072987,-0.4445652,0.11412681,0.07524272,0.3004572,0.33139196,-0.41733405,-0.38210398,12.822597281286257,80.17872644221003,4893.0,Chennai,10,"{""type"":""MultiPoint"",""coordinates"":[]}",-12.182872560673486,-18.01888489527593,-11.5820375211139,-17.59818502481452
1_1_2_394_0_1_1_2_394_0,0.26185,0.2732,0.23885,0.2353,0.1194,0.1186,0.1356,0.134,0.1454,0.1448,0.2096,0.197,6,6,-0.31765002,-0.34184676,0.110828295,0.1620587,0.18084507,0.15272088,-0.21436848,-0.19033232,13.078796800317145,80.27942758555983,4894.0,Chennai,10,"{""type"":""MultiPoint"",""coordinates"":[]}",-0.035852876738983436,-13.963361525241707,0.44014309617402486,-14.821379169180036
1_1_2_395_0_1_1_2_395_0,0.1516,0.1605,0.0776,0.0826,0.0402,0.05,0.0616,0.0762,0.0455,0.0576,0.291,0.322,4,2,-0.42213884,-0.35614702,-0.31495708,-0.33471504,0.7295691,0.69652265,-0.6505956,-0.61727774,12.83059228731492,80.10290863223035,4895.0,Chennai,10,"{""type"":""MultiPoint"",""coordinates"":[]}",-11.787652532929815,-17.743689155427372,-10.153170886281346,-16.48466104636851
1_1_2_396_0_1_1_2_396_0,0.0095,0.0236,0.00795,0.0192,0.04015,0.0538,0.02565,0.044,0.019,0.0297,0.01275,0.0268,0,0,0.45945945,0.30177516,-0.14606741,-0.06349207,-0.19685039,-0.051327433,0.3359375,0.24293785,12.957075079318948,80.31625851220873,4896.0,Chennai,10,"{""type"":""MultiPoint"",""coordinates"":[]}",-18.09036337170523,-33.89292324840785,-16.75373259929788,-28.942759598906843
1_1_2_397_0_1_1_2_397_0,0.2462,0.2145,0.1751,0.1476,0.0826,0.0678,0.0952,0.0879,0.1002,0.0836,0.2452,0.275,6,6,-0.44229642,-0.4186508,0.002035002,-0.123595506,0.4198031,0.5337423,-0.44065806,-0.51556903,12.911710157470912,80.12707331337316,4897.0,Chennai,10,"{""type"":""MultiPoint"",""coordinates"":[]}",-12.697591329164638,-19.96557347758498,-13.399571973126786,-19.076302468411278
1_1_2_398_0_1_1_2_398_0,0.2479,0.25425,0.1931,0.18135,0.0835,0.0815,0.1038,0.09915,0.1122,0.0991,0.2106,0.2429,6,1,-0.4097242,-0.43887946,0.081352234,0.022830132,0.30483273,0.42046782,-0.33969465,-0.4202602,12.94566647521063,80.07335405938282,4898.0,Chennai,10,"{""type"":""MultiPoint"",""coordinates"":[]}",-5.346456570304234,-13.62320222821793,-6.659739560899725,-13.826083364735727
1_1_2_399_0_1_1_2_399_0,0.2383,0.3031,0.20875,0.2505,0.09405,0.1456,0.1347,0.2002,0.1816,0.2348,0.2442,0.3152,6,6,-0.277748,-0.20445062,-0.0122279795,-0.019569788,0.14701737,0.14618182,-0.28899446,-0.22312766,13.011602817065002,80.250681496468,4899.0,Chennai,10,"{""type"":""MultiPoint"",""coordinates"":[]}",-14.964260364807007,-21.00635149566195,-15.252763888258222,-21.244597157072516
1_1_2_400_0_1_1_2_400_0,0.00975,0.0182,0.00805,0.0144,0.0334,0.044,0.021,0.0323,0.01555,0.0217,0.0126,0.0203,0,0,0.36585367,0.27920792,-0.12751678,-0.054545455,-0.10479574,-0.033333335,0.25,0.22813688,12.888713286197452,80.38920171327923,4900.0,Chennai,10,"{""type"":""MultiPoint"",""coordinates"":[]}",-18.49996002584261,-31.10805351827817,-17.35798539335793,-35.68337825802954
1_1_2_401_0_1_1_2_401_0,0.2585,0.269,0.2221,0.2393,0.1086,0.1328,0.119,0.1598,0.14,0.1608,0.197,0.2266,6,6,-0.36953643,-0.25466418,0.13501647,0.085552864,0.16913946,0.16985029,-0.24683544,-0.17287785,12.986539820638068,80.09482379467327,4901.0,Chennai,10,"{""type"":""MultiPoint"",""coordinates"":[]}",-0.850696611888238,-15.046067129162484,0.0026188702235871364,-14.571090478408259
1_1_2_402_0_1_1_2_402_0,0.2667,0.27655,0.2189,0.22495,0.1268,0.1371,0.1712,0.1521,0.1816,0.1617,0.2396,0.2322,6,6,-0.21808632,-0.2903301,0.05352558,0.087174445,0.13770181,0.17897944,-0.16650438,-0.20843092,12.948810578705048,80.04927920976841,4902.0,Chennai,10,"{""type"":""MultiPoint"",""coordinates"":[]}",-8.625825528492834,-15.40479288489074,-9.191150917958977,-15.917278157904168
1_1_2_403_0_1_1_2_403_0,0.2527,0.2663,0.1979,0.2112,0.0836,0.0992,0.1166,0.1116,0.1194,0.1048,0.2556,0.2944,6,6,-0.36853507,-0.40936756,-0.0057052923,-0.050115928,0.3632,0.4749499,-0.37345514,-0.4502463,13.024987714798383,80.11287993188408,4903.0,Chennai,10,"{""type"":""MultiPoint"",""coordinates"":[]}",-4.270797282617443,-13.962809078498836,-2.1985457585246686,-14.201815067532914
1_1_2_404_0_1_1_2_404_0,0.2005,0.2081,0.1539,0.1558,0.0542,0.062,0.0711,0.0849,0.0612,0.07,0.217,0.269,6,6,-0.47643593,-0.4204778,-0.039520957,-0.1276462,0.56002873,0.58702064,-0.5064214,-0.5202035,13.080234104771735,80.25894599708191,4904.0,Chennai,10,"{""type"":""MultiPoint"",""coordinates"":[]}",-8.452447735250901,-14.845768274342666,-6.982921852882519,-14.369982059706821
1_1_2_405_0_1_1_2_405_0,0.2465,0.3055,0.1799,0.2485,0.0908,0.1614,0.1114,0.189,0.1104,0.219,0.2656,0.2822,6,6,-0.37747973,-0.2355915,-0.0372974,0.039646078,0.41276595,0.12609737,-0.40901858,-0.19779287,13.045648966333133,80.13219371049264,4905.0,Chennai,10,"{""type"":""MultiPoint"",""coordinates"":[]}",-7.347725902503481,-15.819299004837866,-6.54990414303422,-14.721542059831636
1_1_2_406_0_1_1_2_406_0,0.00835,0.0177,0.0062,0.01,0.04295,0.0505,0.0384,0.0492,0.0173,0.035,0.0119,0.0262,0,0,0.6427807,0.47085202,-0.17530864,-0.19362187,-0.1849315,-0.14379086,0.52683896,0.3050398,13.073676403197664,80.31482120775415,4906.0,Chennai,10,"{""type"":""MultiPoint"",""coordinates"":[]}",-17.663043020455945,-29.432041485686902,-17.764735670098705,-28.980241259509746
1_1_2_407_0_1_1_2_407_0,0.22955,0.2551,0.2293,0.2247,0.06915,0.0977,0.08735,0.1156,0.1035,0.1154,0.1539,0.199,6,6,-0.448722,-0.3763151,0.19728778,0.12354107,0.1958042,0.2659033,-0.27585492,-0.26509854,13.09846990503936,80.27035460119022,4907.0,Chennai,10,"{""type"":""MultiPoint"",""coordinates"":[]}",-3.59668418998093,-12.198684475129086,-1.5706066630664028,-13.68441653698531
1_1_2_408_0_1_1_2_408_0,0.0118,0.0224,0.0107,0.0169,0.0335,0.0347,0.0405,0.048,0.032,0.0331,0.0262,0.0257,0,0,0.5487572,0.36363637,-0.37894738,-0.06860707,-0.09965636,-0.12585033,0.2143928,0.30257803,12.89221671580552,80.15240580438534,4908.0,Chennai,10,"{""type"":""MultiPoint"",""coordinates"":[]}",-21.201889348734753,-28.953485966297162,-19.29410563009168,-30.6032271360742
1_1_2_409_0_1_1_2_409_0,0.00845,0.0249,0.0079,0.0167,0.0455,0.0508,0.02675,0.0472,0.01585,0.0336,0.01735,0.028,0,0,0.5198864,0.30929264,-0.34496123,-0.058601134,0.045180723,-0.09090909,0.21315193,0.25531915,12.946474958966338,80.33018239911259,4909.0,Chennai,10,"{""type"":""MultiPoint"",""coordinates"":[]}",-18.13834392315974,-30.091758390410114,-16.101434133090894,-33.83376039819399
1_1_2_410_0_1_1_2_410_0,0.126,0.2317,0.096,0.1387,0.0619,0.0801,0.0892,0.1011,0.0952,0.0903,0.2254,0.3806,4,4,-0.17100371,-0.3924279,-0.28286853,-0.24318145,0.40611354,0.6164791,-0.4329307,-0.5802367,13.163238437024376,80.01720935412534,4910.0,Chennai,10,"{""type"":""MultiPoint"",""coordinates"":[]}",-10.542138485965562,-16.23074955892776,-10.751929206551997,-18.789014067815348
1_1_2_411_0_1_1_2_411_0,0.255,0.2507,0.1993,0.1814,0.1156,0.1068,0.1378,0.1274,0.167,0.1416,0.2184,0.28,6,6,-0.29837066,-0.3261042,0.07731306,-0.0552101,0.13336793,0.32827324,-0.22627737,-0.37457046,12.959141204472424,80.16408390307889,4911.0,Chennai,10,"{""type"":""MultiPoint"",""coordinates"":[]}",-8.01522903364325,-14.02822803723112,-8.001581386364728,-14.696332948892595
1_1_2_412_0_1_1_2_412_0,0.00825,0.018,0.0069,0.0143,0.04605,0.055,0.02815,0.0434,0.0169,0.03,0.0149,0.0257,0,0,0.5467033,0.4136808,-0.28725702,-0.17620137,-0.062893085,-0.07719928,0.30778164,0.2561505,12.95761406848942,80.32075008862934,4912.0,Chennai,10,"{""type"":""MultiPoint"",""coordinates"":[]}",-17.484979732070443,-32.04948040201155,-17.416081585419256,-29.762279847003306
1_1_2_413_0_1_1_2_413_0,0.19255,0.2749,0.15845,0.2291,0.0686,0.11,0.08025,0.1418,0.0789,0.1398,0.1906,0.2602,6,6,-0.4116569,-0.31941444,0.0050893906,0.027471501,0.41447124,0.301,-0.40742108,-0.29452735,13.166652035104033,80.2423271643257,4913.0,Chennai,10,"{""type"":""MultiPoint"",""coordinates"":[]}",-9.589256841914377,-14.584976522201256,-9.19049211714374,-15.065891609706023
1_1_2_414_0_1_1_2_414_0,0.2701,0.2647,0.24175,0.225,0.1345,0.1364,0.1594,0.1636,0.1886,0.1872,0.2307,0.2354,6,6,-0.25774157,-0.2360495,0.07867412,0.05858828,0.10040544,0.11405584,-0.18277365,-0.17994988,13.101793671590602,80.17899593679527,4914.0,Chennai,10,"{""type"":""MultiPoint"",""coordinates"":[]}",-7.616140884264042,-14.939179442687935,-4.404504277310314,-12.858052074761119
1_1_2_415_0_1_1_2_415_0,0.2482,0.2219,0.1961,0.1573,0.0868,0.0992,0.1104,0.1104,0.1302,0.1182,0.2078,0.216,6,6,-0.38427216,-0.33554018,0.08859649,0.013473396,0.2295858,0.29263914,-0.3060968,-0.32352942,13.046816776202489,80.09671025676992,4915.0,Chennai,10,"{""type"":""MultiPoint"",""coordinates"":[]}",-9.964641015270262,-17.778682083869096,-8.991274784213473,-17.563229900926874
1_1_2_416_0_1_1_2_416_0,0.0078,0.0245,0.00615,0.0174,0.0381,0.0585,0.02745,0.0471,0.01735,0.0304,0.0126,0.0307,0,0,0.55744684,0.31564245,-0.23529412,-0.11231884,-0.15859766,0.004909984,0.37078652,0.21079692,13.003517979507928,80.30386176128789,4916.0,Chennai,10,"{""type"":""MultiPoint"",""coordinates"":[]}",-17.218743886833504,-28.19421103366345,-16.974116870107654,-30.61120847931931
1_1_2_417_0_1_1_2_417_0,0.2485,0.2641,0.21475,0.2168,0.09115,0.0905,0.109,0.1078,0.1185,0.1368,0.1867,0.206,6,6,-0.3902098,-0.42027426,0.14200367,0.12359072,0.22346003,0.20186698,-0.26276633,-0.31293818,12.85278067483267,80.24026103917222,4917.0,Chennai,10,"{""type"":""MultiPoint"",""coordinates"":[]}",-4.9476983273593405,-15.734494252036669,-2.3969008191565795,-16.931862165345635
1_1_2_418_0_1_1_2_418_0,0.3375,0.299,0.257,0.20715,0.1086,0.09395,0.1324,0.1222,0.1544,0.1159,0.2846,0.3181,6,6,-0.43647584,-0.41975307,0.08503456,-0.030951224,0.29658315,0.4658986,-0.364988,-0.4449239,12.801397040581035,80.07739647816135,4918.0,Chennai,10,"{""type"":""MultiPoint"",""coordinates"":[]}",-9.183087821161417,-18.589271227022238,-6.690594793585723,-14.660743175275158
1_1_2_419_0_1_1_2_419_0,0.1255,0.06565,0.0604,0.04015,0.0492,0.06995,0.0956,0.07985,0.06,0.0626,0.302,0.1582,3,3,-0.13523293,0.0975945,-0.4128655,-0.41344652,0.6685083,0.432971,-0.5191147,-0.32913253,13.143295837716924,80.05224365020601,4919.0,Chennai,10,"{""type"":""MultiPoint"",""coordinates"":[]}",-9.936402368618687,-17.217893783980177,-9.94683270958188,-17.340919562189356
1_1_2_420_0_1_1_2_420_0,0.2529,0.3089,0.2311,0.2612,0.07325,0.0988,0.0863,0.1146,0.0937,0.1176,0.1621,0.226,6,6,-0.49115565,-0.45879576,0.21879518,0.15498224,0.2673964,0.31548312,-0.30515298,-0.32706988,12.98573133688236,80.22391170100124,4920.0,Chennai,10,"{""type"":""MultiPoint"",""coordinates"":[]}",-4.469294045325514,-16.83138507041274,-6.204002959563082,-16.466804391776968
1_1_2_421_0_1_1_2_421_0,0.0114,0.01915,0.0099,0.01465,0.0295,0.05445,0.0355,0.0568,0.03,0.04265,0.0122,0.0304,0,0,0.5138593,0.49572086,-0.033898305,-0.22704339,-0.42180094,-0.16769336,0.4884696,0.3027523,13.025526703968856,80.06724551545081,4921.0,Chennai,10,"{""type"":""MultiPoint"",""coordinates"":[]}",-16.878208740838044,-21.166964130470845,-18.896952834047557,-29.53040617699483
1_1_2_422_0_1_1_2_422_0,0.0105,0.0233,0.00815,0.0176,0.03695,0.0478,0.02315,0.0368,0.0166,0.029,0.01455,0.0224,0,0,0.37592867,0.22462562,-0.16167665,0.019693654,-0.06581059,-0.12840466,0.2281167,0.24324325,12.92446623450541,80.36836079868766,4922.0,Chennai,10,"{""type"":""MultiPoint"",""coordinates"":[]}",-17.913484979625274,-29.599536152624918,-17.618446703999602,-31.879263750936772
1_1_2_423_0_1_1_2_423_0,0.01005,0.0216,0.00785,0.0167,0.0412,0.0543,0.0255,0.0434,0.0184,0.0306,0.0145,0.0275,0,0,0.43459916,0.3353846,-0.18126273,-0.120162934,-0.11854103,-0.053356282,0.275,0.22425953,12.99219920692802,80.34329780226074,4923.0,Chennai,10,"{""type"":""MultiPoint"",""coordinates"":[]}",-18.184728301133738,-30.46109387490101,-17.20266917023035,-29.327902133481693
1_1_2_424_0_1_1_2_424_0,0.2421,0.2518,0.18965,0.2005,0.0578,0.0688,0.07105,0.0872,0.07205,0.0858,0.2268,0.2484,6,6,-0.5462239,-0.48554572,0.032629557,0.006797281,0.51781833,0.486535,-0.52291423,-0.48033375,13.04232519978189,80.23082872868896,4924.0,Chennai,10,"{""type"":""MultiPoint"",""coordinates"":[]}",-7.347061845111897,-14.044283510420964,-6.294531722915355,-13.282017733186455
1_1_2_425_0_1_1_2_425_0,0.123,0.1149,0.09065,0.0853,0.07535,0.0928,0.0931,0.1136,0.0794,0.088,0.11805,0.1418,0,0,-0.13836187,-0.005689278,0.020535158,-0.10479159,0.19574575,0.23411663,-0.118162446,-0.110415034,12.949978388574404,80.17854677915321,4925.0,Chennai,10,"{""type"":""MultiPoint"",""coordinates"":[]}",-10.826273095914672,-18.033349193602596,-10.287457352199379,-16.81311704697958
1_1_2_426_0_1_1_2_426_0,0.1611,0.1419,0.0761,0.0703,0.0447,0.0377,0.0624,0.0674,0.044,0.04385,0.3062,0.321,4,4,-0.44161072,-0.3559484,-0.31050718,-0.38690862,0.74871504,0.7596272,-0.6614216,-0.65293515,12.811997160933643,80.0694014721327,4926.0,Chennai,10,"{""type"":""MultiPoint"",""coordinates"":[]}",-9.104476371807971,-15.134317850025083,-8.892051796038276,-17.659071841768586
1_1_2_427_0_1_1_2_427_0,0.01075,0.0141,0.0083,0.0123,0.0411,0.0443,0.02755,0.0358,0.01955,0.0235,0.0155,0.0186,0,0,0.4386423,0.43486974,-0.18095239,-0.13761468,-0.115549214,-0.11638955,0.27990708,0.31617647,12.861314670031806,80.33799774208443,4927.0,Chennai,10,"{""type"":""MultiPoint"",""coordinates"":[]}",-17.940108313378815,-29.991282651482308,-17.351606255573365,-30.65564677971329
1_1_2_428_0_1_1_2_428_0,0.2566,0.2503,0.2234,0.20415,0.1212,0.1204,0.1362,0.131,0.1308,0.1321,0.2128,0.2298,6,6,-0.3065173,-0.312877,0.09331061,0.042699438,0.23864959,0.26996407,-0.21948424,-0.27383593,13.098559736567772,80.07209641798505,4928.0,Chennai,10,"{""type"":""MultiPoint"",""coordinates"":[]}",-10.37041630923423,-20.314046396166457,-8.996620120222317,-18.80663605761029
1_1_2_429_0_1_1_2_429_0,0.2979,0.2687,0.2392,0.2124,0.1098,0.1237,0.1432,0.1413,0.173,0.1657,0.2954,0.2583,6,6,-0.35071412,-0.3107317,0.00421372,0.019734345,0.2613151,0.21839623,-0.34701324,-0.2927928,13.114639580153511,80.0641912434848,4929.0,Chennai,10,"{""type"":""MultiPoint"",""coordinates"":[]}",4.32026636774888,-15.584138494401037,4.059637205161801,-15.046285856189163
1_1_2_430_0_1_1_2_430_0,0.2045,0.2161,0.1258,0.135,0.0548,0.084,0.0769,0.1098,0.1004,0.1138,0.291,0.2436,4,4,-0.45344704,-0.32617366,-0.17457114,-0.059821624,0.48696986,0.36317852,-0.5819516,-0.3786078,12.807415752984635,80.16462289224935,4930.0,Chennai,10,"{""type"":""MultiPoint"",""coordinates"":[]}",-11.092976193239501,-18.423076236715584,-9.95136849574477,-18.20122065054274
1_1_2_431_0_1_1_2_431_0,0.00805,0.0166,0.00755,0.0132,0.037,0.0522,0.02255,0.0396,0.01525,0.0278,0.0127,0.025,0,0,0.4738562,0.40925267,-0.22409639,-0.20192307,-0.09123435,-0.053030305,0.27943262,0.2260062,12.986809315223304,80.36315057003978,4931.0,Chennai,10,"{""type"":""MultiPoint"",""coordinates"":[]}",-17.25655625322704,-29.532690144379764,-17.903450307553552,-30.251126488704575
1_1_2_432_0_1_1_2_432_0,0.0078,0.0162,0.0062,0.0125,0.0354,0.0513,0.02325,0.0402,0.0139,0.0303,0.0096,0.0254,0,0,0.49758455,0.42553192,-0.10344828,-0.22115384,-0.18297872,-0.08797128,0.4155251,0.22560975,13.1107768244318,80.36988793467067,4932.0,Chennai,10,"{""type"":""MultiPoint"",""coordinates"":[]}",-17.180996673161825,-31.291633241034273,-17.08764919227434,-32.53539438394955
1_1_2_433_0_1_1_2_433_0,0.2334,0.2766,0.20705,0.2163,0.0903,0.133,0.0995,0.1348,0.1198,0.1362,0.1845,0.2438,6,6,-0.4022229,-0.3446767,0.11701364,0.06302844,0.21261913,0.28315789,-0.29929578,-0.2879028,13.037564128776058,80.18366717627269,4933.0,Chennai,10,"{""type"":""MultiPoint"",""coordinates"":[]}",7.885136292462532,-7.94974638967607,3.4707285255409284,-12.488055476649171
1_1_2_434_0_1_1_2_434_0,0.01005,0.0217,0.0075,0.0175,0.041,0.049,0.0243,0.0348,0.0182,0.0278,0.0157,0.0214,0,0,0.41484717,0.2318584,-0.21941748,0.006960557,-0.073746316,-0.1300813,0.215,0.23843417,12.897337112925,80.35937764584648,4934.0,Chennai,10,"{""type"":""MultiPoint"",""coordinates"":[]}",-18.111186198626548,-34.47998605923868,-16.474298514863936,-33.206014277949755
1_1_2_435_0_1_1_2_435_0,0.35055,0.367,0.33855,0.3247,0.158,0.173,0.2168,0.2228,0.2681,0.2518,0.3046,0.309,7,0,-0.23574513,-0.24448965,0.07013661,0.085798815,0.06373319,0.101997145,-0.16839279,-0.16209102,13.03819294947494,80.28131404765648,4935.0,Chennai,10,"{""type"":""MultiPoint"",""coordinates"":[]}",-11.008144204836395,-21.67783467728601,-10.88574833110134,-22.110570320900415
1_1_2_436_0_1_1_2_436_0,0.2775,0.28725,0.1841,0.1864,0.0594,0.0731,0.0716,0.0855,0.0841,0.09405,0.2106,0.2381,5,5,-0.5898023,-0.5412475,0.13706207,0.09355668,0.4292501,0.4336896,-0.49255848,-0.47156984,13.04277435742395,80.01783817482423,4936.0,Chennai,10,"{""type"":""MultiPoint"",""coordinates"":[]}",-13.311947584769792,-18.69150485026277,-11.469926198673225,-17.518339178664093
1_1_2_437_0_1_1_2_437_0,0.01005,0.0218,0.00815,0.0161,0.0445,0.0529,0.02935,0.0409,0.0203,0.034,0.0177,0.0246,0,0,0.48984772,0.3046252,-0.27567568,-0.060344826,-0.06842105,-0.16040955,0.24760893,0.24885496,13.022652095059671,80.3708760814832,4937.0,Chennai,10,"{""type"":""MultiPoint"",""coordinates"":[]}",-16.774753486614678,-30.734381102551424,-17.31679435401385,-29.151596300662057
1_1_2_438_0_1_1_2_438_0,0.187,0.2459,0.1408,0.1986,0.0598,0.2546,0.07755,0.2568,0.07945,0.2526,0.1722,0.3086,6,6,-0.4137214,0.021682912,0.04120267,-0.11307484,0.36856747,0.09978617,-0.37897897,-0.091616556,13.060381336992693,80.246100088519,4938.0,Chennai,10,"{""type"":""MultiPoint"",""coordinates"":[]}",-0.7322072671390777,-10.009825706894716,-1.736688365304848,-11.058477314193764
1_1_2_439_0_1_1_2_439_0,0.0108,0.0203,0.00825,0.0171,0.0425,0.0462,0.0264,0.0374,0.0175,0.0293,0.01555,0.0248,0,0,0.41935483,0.2963605,-0.18026565,-0.09977827,-0.059001513,-0.083179295,0.25864124,0.20257235,12.966327726745378,80.38417114768816,4939.0,Chennai,10,"{""type"":""MultiPoint"",""coordinates"":[]}",-16.918465320982314,-30.736530483957814,-18.290391993414318,-39.817800714357595
1_1_2_440_0_1_1_2_440_0,0.28925,0.3108,0.25945,0.2561,0.1168,0.1438,0.1469,0.1664,0.1781,0.1758,0.2349,0.2898,6,6,-0.32637855,-0.30259848,0.10369169,0.034965035,0.13753027,0.24484536,-0.23048717,-0.27049538,12.904343972141133,80.1919316768866,4940.0,Chennai,10,"{""type"":""MultiPoint"",""coordinates"":[]}",-8.827684334162438,-12.881483519035266,-7.960172848210277,-13.118947245978699
1_1_2_441_0_1_1_2_441_0,0.192,0.2041,0.1139,0.119,0.0389,0.0654,0.0634,0.0788,0.0496,0.059,0.2176,0.2514,1,1,-0.5035239,-0.4429127,-0.0625,-0.10384193,0.6287425,0.6198454,-0.54875445,-0.5227135,12.840114429326588,80.09823739275292,4941.0,Chennai,10,"{""type"":""MultiPoint"",""coordinates"":[]}",-9.3442495296185,-13.275942506152221,-7.966228612400843,-15.140455488467184
1_1_2_442_0_1_1_2_442_0,0.3142,0.3468,0.224,0.2392,0.0705,0.0706,0.1002,0.0917,0.1222,0.1115,0.258,0.2442,5,5,-0.5164093,-0.581756,0.098217405,0.17360406,0.35718042,0.3730672,-0.44053602,-0.45400417,12.932730735119309,80.02385688722784,4942.0,Chennai,10,"{""type"":""MultiPoint"",""coordinates"":[]}",-10.90569294842259,-19.567103550016924,-11.882213483938724,-19.00388366590419
1_1_2_443_0_1_1_2_443_0,0.0087,0.0234,0.0074,0.0194,0.0314,0.0468,0.01715,0.0371,0.01285,0.0278,0.00995,0.0259,0,0,0.32688588,0.22644629,-0.06702413,-0.05070994,-0.12719299,-0.03538175,0.26568267,0.17777778,12.873262263310597,80.38381182157453,4943.0,Chennai,10,"{""type"":""MultiPoint"",""coordinates"":[]}",-17.53775961413625,-31.8868017242384,-15.96187001968312,-33.07591792778323
1_1_2_444_0_1_1_2_444_0,0.0091,0.018,0.0076,0.0158,0.0408,0.0494,0.0256,0.0382,0.0172,0.0284,0.0131,0.0244,0,0,0.4755043,0.3594306,-0.18018018,-0.1509434,-0.13531353,-0.07575758,0.32299742,0.22044729,13.113292107227332,80.38399148463135,4944.0,Chennai,10,"{""type"":""MultiPoint"",""coordinates"":[]}",-18.33793340192361,-31.87714020903741,-17.785306552048265,-35.67130209719882
1_1_2_445_0_1_1_2_445_0,0.2858,0.2617,0.2417,0.2167,0.0888,0.1482,0.1238,0.1672,0.1574,0.1666,0.2232,0.2316,6,6,-0.3955078,-0.22033107,0.12298625,0.061017636,0.17288491,0.16323456,-0.28645533,-0.16148445,13.092271529578936,80.12464786210604,4945.0,Chennai,10,"{""type"":""MultiPoint"",""coordinates"":[]}",-5.959028093676999,-15.440841805066064,-4.404365108313721,-16.10199556949568
1_1_2_446_0_1_1_2_446_0,0.00605,0.0156,0.00545,0.0117,0.037,0.0552,0.03505,0.0544,0.0149,0.0362,0.00885,0.025,0,0,0.7055961,0.5542857,-0.18791947,-0.23152709,-0.25473684,-0.18300654,0.59681094,0.37027708,13.072688256385131,80.30134647849235,4946.0,Chennai,10,"{""type"":""MultiPoint"",""coordinates"":[]}",-18.453969251561727,-30.1278319070337,-18.97716014650012,-30.262786784617994
1_1_2_447_0_1_1_2_447_0,0.2516,0.2965,0.2724,0.273,0.0921,0.1082,0.111,0.1276,0.1178,0.146,0.1566,0.175,6,7,-0.3877551,-0.39825514,0.23272905,0.25768822,0.14139941,0.09034268,-0.17040358,-0.15664244,12.989234766490426,80.16426356613572,4947.0,Chennai,10,"{""type"":""MultiPoint"",""coordinates"":[]}",-17.124706290059258,-25.817575811538852,-17.560361730084416,-25.12781515535307
1_1_2_448_0_1_1_2_448_0,0.2427,0.241,0.15395,0.1604,0.04385,0.0478,0.0621,0.0653,0.0782,0.071,0.2163,0.2044,1,5,-0.5925197,-0.5736206,0.05751634,0.082173325,0.4689304,0.48438635,-0.5538793,-0.5157583,12.818465030979306,80.23244569620039,4948.0,Chennai,10,"{""type"":""MultiPoint"",""coordinates"":[]}",-10.232284115878059,-14.706068349277926,-9.680811826327936,-16.082251818764945
1_1_2_449_0_1_1_2_449_0,0.2692,0.1761,0.1624,0.088,0.0561,0.0578,0.0893,0.0904,0.0713,0.0623,0.3384,0.2978,4,1,-0.5018131,-0.321576,-0.113890715,-0.25680524,0.65194046,0.653985,-0.5824176,-0.5342607,12.808583562853991,80.12662415573111,4949.0,Chennai,10,"{""type"":""MultiPoint"",""coordinates"":[]}",-12.23067404654323,-18.25424346119586,-7.633510090453282,-13.168998296038891
1_1_2_450_0_1_1_2_450_0,0.26845,0.2975,0.22375,0.2233,0.0846,0.084,0.10995,0.1142,0.1278,0.1044,0.247,0.3078,6,6,-0.41886893,-0.44522712,0.041614123,-0.017016355,0.3180363,0.49344978,-0.38394734,-0.45876777,12.976748184041163,80.21142511855199,4950.0,Chennai,10,"{""type"":""MultiPoint"",""coordinates"":[]}",-8.086131415665768,-15.166830508654435,-5.043217548888691,-14.063872156399867
1_1_2_451_0_1_1_2_451_0,0.21605,0.2047,0.1649,0.1361,0.0588,0.0854,0.0817,0.1112,0.0905,0.0856,0.2354,0.2872,6,6,-0.45121747,-0.29597974,-0.04286189,-0.16771701,0.44461492,0.54077256,-0.48470515,-0.44176707,12.818734525564542,80.21429972746117,4951.0,Chennai,10,"{""type"":""MultiPoint"",""coordinates"":[]}",-7.643711289530497,-14.892996605384074,-7.893193244403664,-15.612315183169049
1_1_2_452_0_1_1_2_452_0,0.2704,0.2794,0.20625,0.1994,0.081,0.0617,0.1005,0.0884,0.1187,0.0771,0.2466,0.3312,6,6,-0.45807496,-0.519304,0.046034817,-0.08483459,0.3501232,0.6223365,-0.42091617,-0.5786463,12.976388857927518,80.23999154458699,4952.0,Chennai,10,"{""type"":""MultiPoint"",""coordinates"":[]}",-7.973345415380405,-15.689263401667915,-8.032844142188559,-14.723690365762526
1_1_2_453_0_1_1_2_453_0,0.2234,0.28685,0.1421,0.1997,0.0434,0.06015,0.0656,0.0755,0.0581,0.0746,0.2534,0.2602,6,6,-0.54602075,-0.58327585,-0.06291946,0.04871584,0.6269663,0.5543608,-0.5887147,-0.5501936,12.886467497987152,80.0101126633808,4953.0,Chennai,10,"{""type"":""MultiPoint"",""coordinates"":[]}",-6.804960918853523,-14.08002748968688,-5.470962925378323,-14.524116235719344
1_1_2_454_0_1_1_2_454_0,0.0077,0.0177,0.00635,0.0144,0.03245,0.055,0.0358,0.0547,0.0209,0.0291,0.0141,0.0212,0,0,0.645977,0.51104975,-0.29357797,-0.08997429,-0.19428572,-0.15705766,0.43486974,0.44137022,12.855295957628206,80.25849683943984,4954.0,Chennai,10,"{""type"":""MultiPoint"",""coordinates"":[]}",-17.861381934671673,-31.42475031009465,-18.300024169596306,-32.38850847832231
1_1_2_455_0_1_1_2_455_0,0.0062,0.0195,0.0049,0.0115,0.03785,0.0516,0.0346,0.053,0.0152,0.0324,0.0106,0.027,0,0,0.6960784,0.46206897,-0.26190478,-0.16129032,-0.17829457,-0.09090909,0.53097343,0.325,13.063615272015523,80.29972951098094,4955.0,Chennai,10,"{""type"":""MultiPoint"",""coordinates"":[]}",-17.699102285395355,-29.307308359295345,-18.82089833499307,-28.691623130644924
1_1_2_456_0_1_1_2_456_0,0.2249,0.2066,0.1862,0.1665,0.0706,0.0896,0.0977,0.105,0.1344,0.1158,0.1748,0.177,6,6,-0.39429635,-0.32605904,0.12534401,0.07716371,0.13065977,0.2090164,-0.28293577,-0.25531915,13.182462384104536,80.14737523879427,4956.0,Chennai,10,"{""type"":""MultiPoint"",""coordinates"":[]}",-16.001830749655543,-22.181288515604276,-14.383890897239098,-20.093337254230313
1_1_2_457_0_1_1_2_457_0,0.2498,0.2595,0.2008,0.1984,0.0808,0.1216,0.1058,0.1268,0.114,0.1238,0.225,0.2762,6,6,-0.40494937,-0.3435154,0.05223252,-0.031174164,0.32743362,0.381,-0.36033857,-0.3707196,13.039270927815885,80.09599160454263,4957.0,Chennai,10,"{""type"":""MultiPoint"",""coordinates"":[]}",-5.103397928078689,-18.426411937782294,-3.8526010691142796,-17.506830613239412
1_1_2_458_0_1_1_2_458_0,0.3552,0.3559,0.271,0.2758,0.0648,0.1564,0.0938,0.15,0.1328,0.1542,0.2308,0.2742,6,6,-0.58218265,-0.40699744,0.2122867,0.12966196,0.26952696,0.28011206,-0.42205793,-0.29278642,13.183450530917067,80.1161138669069,4958.0,Chennai,10,"{""type"":""MultiPoint"",""coordinates"":[]}",-13.864950799224031,-18.814612322335286,-10.52977979041965,-17.816524339082797
1_1_2_459_0_1_1_2_459_0,0.264,0.2361,0.2168,0.1889,0.1212,0.1486,0.14,0.1766,0.1674,0.1866,0.242,0.2348,6,6,-0.3069307,-0.14417252,0.04347826,0.002760671,0.18221788,0.114380635,-0.2670157,-0.14146815,13.016633382656073,80.15330411966946,4959.0,Chennai,10,"{""type"":""MultiPoint"",""coordinates"":[]}",-8.373844043032161,-16.283154581354623,7.277885021473722,-11.815871570163159
1_1_2_460_0_1_1_2_460_0,0.00985,0.0206,0.00715,0.0157,0.04205,0.0518,0.02955,0.0386,0.01905,0.0268,0.0154,0.0229,0,0,0.5,0.30405405,-0.21980198,-0.052873563,-0.10595065,-0.078470826,0.3147942,0.25528455,12.987168641336952,80.31877379500428,4960.0,Chennai,10,"{""type"":""MultiPoint"",""coordinates"":[]}",-17.09621075183194,-30.519196304480175,-16.738426887648142,-31.32787080295635
1_1_2_461_0_1_1_2_461_0,0.09945,0.1429,0.0538,0.0771,0.03075,0.054,0.0436,0.0698,0.0363,0.0536,0.0524,0.1234,3,1,-0.39042294,-0.34367654,0.30984524,0.073225684,0.18151072,0.3943503,-0.09166667,-0.2774327,13.198182901576628,80.28930905368514,4961.0,Chennai,10,"{""type"":""MultiPoint"",""coordinates"":[]}",-12.387337078524096,-19.127289920076866,-11.397809191376588,-17.25485252882178
1_1_2_462_0_1_1_2_462_0,0.2416,0.2381,0.1872,0.1721,0.0474,0.0577,0.0842,0.0866,0.101,0.085,0.2454,0.3136,6,6,-0.48311847,-0.46658453,-0.007802875,-0.13684973,0.41685912,0.57350725,-0.48907766,-0.5672164,12.918896679743868,80.12401904140715,4962.0,Chennai,10,"{""type"":""MultiPoint"",""coordinates"":[]}",-6.347262254456437,-14.07521551187316,-5.550944225629218,-14.550893975439838
1_1_2_463_0_1_1_2_463_0,0.2203,0.2536,0.1504,0.1548,0.054,0.0658,0.085,0.0955,0.091,0.0651,0.206,0.4832,4,4,-0.44317067,-0.45287883,0.03354445,-0.31161782,0.3872054,0.76253873,-0.41580757,-0.6699499,12.99210937539961,80.15806519067529,4963.0,Chennai,10,"{""type"":""MultiPoint"",""coordinates"":[]}",-9.81151463390945,-15.687127507174283,-7.568095171110595,-14.977710638369626
1_1_2_464_0_1_1_2_464_0,0.21035,0.2834,0.1351,0.2441,0.06655,0.1366,0.082,0.1614,0.06825,0.1774,0.2643,0.2722,6,6,-0.43902856,-0.27428058,-0.1136627,0.020158388,0.5895354,0.2108541,-0.5264222,-0.25553507,12.954739459580235,80.16875514255631,4964.0,Chennai,10,"{""type"":""MultiPoint"",""coordinates"":[]}",-8.796952117133115,-13.970918682246884,-3.2986282561403444,-12.460696611715537
1_1_2_465_0_1_1_2_465_0,0.3121,0.3165,0.2429,0.2224,0.075,0.107,0.1034,0.1162,0.1276,0.1166,0.269,0.2912,6,6,-0.5022864,-0.4629073,0.07416968,0.041632384,0.35653052,0.42815104,-0.44468313,-0.42955327,12.881347100867671,80.11512572009437,4965.0,Chennai,10,"{""type"":""MultiPoint"",""coordinates"":[]}",-10.666773991897724,-18.40250664469475,-9.137605402685283,-16.833347941221508
1_1_2_466_0_1_1_2_466_0,0.2427,0.2153,0.1701,0.1518,0.05715,0.0732,0.07955,0.0839,0.0812,0.0798,0.2208,0.217,6,6,-0.50628394,-0.43917114,0.04724919,-0.003932454,0.46225166,0.46226415,-0.47028467,-0.44233966,13.192972672928734,80.23011007646167,4966.0,Chennai,10,"{""type"":""MultiPoint"",""coordinates"":[]}",-10.161389144995907,-16.289801062504186,-6.988509387331727,-13.535810704483726
1_1_2_467_0_1_1_2_467_0,0.1545,0.2307,0.0823,0.136,0.0438,0.0651,0.0675,0.0849,0.0434,0.0748,0.2798,0.26,4,1,-0.3918919,-0.46197718,-0.28851023,-0.059710618,0.73143566,0.5531661,-0.61128706,-0.5076834,12.840383923911824,80.08116940235466,4967.0,Chennai,10,"{""type"":""MultiPoint"",""coordinates"":[]}",-10.825792895765689,-14.981562401667894,-9.083764692829325,-13.811227624388863
1_1_2_468_0_1_1_2_468_0,0.2693,0.3544,0.2056,0.3065,0.0786,0.2266,0.1044,0.2452,0.115,0.2756,0.2238,0.31,6,6,-0.44126305,-0.18212141,0.09227337,0.066827215,0.3211334,0.058743168,-0.36380255,-0.1167147,12.918178027516571,80.09644076218468,4968.0,Chennai,10,"{""type"":""MultiPoint"",""coordinates"":[]}",-7.984745790263888,-15.860064049945105,-8.805560308047248,-13.083599230858097
1_1_2_469_0_1_1_2_469_0,0.2565,0.2544,0.187,0.2016,0.0639,0.0921,0.1005,0.1214,0.1032,0.1373,0.2618,0.2565,6,6,-0.4369748,-0.35391167,-0.010225738,-0.0041103936,0.43452054,0.30269173,-0.44521114,-0.35750198,13.052835488606089,80.0679641676781,4969.0,Chennai,10,"{""type"":""MultiPoint"",""coordinates"":[]}",-10.382064107583574,-17.218640279637807,-9.391862993787552,-15.519206012225727
1_1_2_470_0_1_1_2_470_0,0.32575,0.292,0.27305,0.2745,0.4167,0.156,0.4158,0.186,0.4487,0.2054,0.4637,0.2946,6,6,0.12143483,-0.22175732,-0.17474191,-0.004432322,0.016440159,0.1784,-0.054462764,-0.22596754,13.06613055481106,80.27709196582113,4970.0,Chennai,10,"{""type"":""MultiPoint"",""coordinates"":[]}",-13.67476152427557,-20.390265133121936,-12.677476959932278,-19.451636281113615
1_1_2_471_0_1_1_2_471_0,0.2993,0.3576,0.1861,0.2469,0.0401,0.0822,0.063,0.11,0.052,0.1208,0.285,0.278,5,6,-0.6522219,-0.5295124,0.024473729,0.125236,0.6913947,0.39418253,-0.63793105,-0.4329897,13.181384405763591,80.08134906541147,4971.0,Chennai,10,"{""type"":""MultiPoint"",""coordinates"":[]}",-10.682509708075186,-15.80406547330922,-11.422548910671031,-18.203373253629913
1_1_2_472_0_1_1_2_472_0,0.2793,0.3081,0.2004,0.2116,0.0436,0.0708,0.0618,0.0977,0.0638,0.1156,0.1924,0.2575,6,6,-0.6376429,-0.518482,0.18422726,0.08946252,0.5019516,0.380327,-0.5137687,-0.4498874,12.976478689455927,80.04523679098988,4972.0,Chennai,10,"{""type"":""MultiPoint"",""coordinates"":[]}",-12.700770550429452,-18.238491361211903,-11.475825550023014,-17.88716957043016
1_1_2_473_0_1_1_2_473_0,0.16435,0.1662,0.1111,0.1008,0.06345,0.0629,0.079,0.0756,0.069,0.0612,0.1803,0.2432,6,6,-0.3507294,-0.37468982,-0.046278834,-0.18808012,0.44645005,0.5978975,-0.39066717,-0.52572143,13.10350047063043,80.19848937846066,4973.0,Chennai,10,"{""type"":""MultiPoint"",""coordinates"":[]}",-7.270091859933813,-14.128314717229431,-6.617175398526433,-13.418200305108883
1_1_2_474_0_1_1_2_474_0,0.2673,0.3544,0.2064,0.3017,0.085,0.2588,0.1032,0.3132,0.1186,0.2978,0.2378,0.3468,6,6,-0.442915,-0.061713602,0.058404278,0.010838563,0.33445567,0.076016136,-0.39472142,-0.05090909,12.926442528130472,80.133361520362,4974.0,Chennai,10,"{""type"":""MultiPoint"",""coordinates"":[]}",-2.0644145864380823,-15.084129133277271,-1.7656673384710433,-13.881199230946136
1_1_2_475_0_1_1_2_475_0,0.2274,0.2436,0.1308,0.1583,0.0614,0.0772,0.0776,0.0988,0.0734,0.1016,0.2736,0.2709,1,3,-0.49114755,-0.4228972,-0.09221557,-0.053061225,0.57694525,0.45449665,-0.5580866,-0.46551257,13.166741866632444,80.06392174889956,4975.0,Chennai,10,"{""type"":""MultiPoint"",""coordinates"":[]}",-9.921114584063766,-16.72004428538791,-10.99914182382527,-17.401677407278136
1_1_2_476_0_1_1_2_476_0,0.0161,0.0551,0.0121,0.03255,0.0372,0.03885,0.0454,0.05125,0.0389,0.0379,0.0787,0.09845,0,0,0.47642276,-0.036201224,-0.66033757,-0.28231847,0.33843538,0.44407773,-0.268332,-0.31529728,12.82879565674668,80.02789930600638,4976.0,Chennai,10,"{""type"":""MultiPoint"",""coordinates"":[]}",-12.21817211944834,-23.456979768584265,-19.167445334280178,-28.917494671590664
1_1_2_477_0_1_1_2_477_0,0.0079,0.0211,0.00635,0.016,0.0362,0.0472,0.03565,0.0477,0.01915,0.0321,0.0122,0.0277,0,0,0.6371986,0.3866279,-0.21393035,-0.1352459,-0.2216906,-0.073578596,0.49007314,0.265252,12.902277846987657,80.27331904162781,4977.0,Chennai,10,"{""type"":""MultiPoint"",""coordinates"":[]}",-17.53912451027658,-30.821876045350646,-17.931572764687267,-32.44176079929689
1_1_2_478_0_1_1_2_478_0,0.1212,0.1627,0.0553,0.0766,0.0448,0.0762,0.0648,0.0912,0.0426,0.0708,0.3588,0.4288,1,1,-0.30322582,-0.28160694,-0.495,-0.4498732,0.7877429,0.71657324,-0.69405097,-0.6492308,13.10305131298837,80.14018871652131,4978.0,Chennai,10,"{""type"":""MultiPoint"",""coordinates"":[]}",-9.06611019858785,-16.25831458330967,-9.879350136090906,-17.635940708572583
1_1_2_479_0_1_1_2_479_0,0.1882,0.1963,0.1157,0.1094,0.06115,0.0552,0.0704,0.0704,0.0619,0.0546,0.2448,0.2602,1,1,-0.45552978,-0.472066,-0.13071594,-0.1399781,0.5963482,0.65311307,-0.5532995,-0.5741077,13.001002696712392,80.17737896928385,4979.0,Chennai,10,"{""type"":""MultiPoint"",""coordinates"":[]}",-7.93953818413379,-13.362319967250258,-7.620693319082855,-14.146054215743133
1_1_2_480_0_1_1_2_480_0,0.321,0.31925,0.2536,0.247,0.0894,0.10425,0.1212,0.1288,0.1578,0.1528,0.2314,0.2476,6,6,-0.45183176,-0.42506418,0.1622013,0.12640028,0.18910585,0.23676324,-0.31253546,-0.31562167,13.02840131287804,80.03849942635898,4980.0,Chennai,10,"{""type"":""MultiPoint"",""coordinates"":[]}",-11.114155934932153,-18.168622536171842,-8.709667242724258,-16.186035958308207
1_1_2_481_0_1_1_2_481_0,0.00965,0.0216,0.00905,0.0168,0.0303,0.0494,0.0174,0.0365,0.01265,0.0293,0.00925,0.0235,0,0,0.28650647,0.25645438,0.02116402,-0.042128604,-0.15525115,-0.109848484,0.30581614,0.21666667,12.910901673715204,80.38776440882465,4981.0,Chennai,10,"{""type"":""MultiPoint"",""coordinates"":[]}",-16.602092499367107,-32.226300973004015,-17.456523030541614,-33.65250087836091
1_1_2_482_0_1_1_2_482_0,0.22545,0.2648,0.1903,0.2199,0.0849,0.1914,0.1126,0.2172,0.1254,0.2294,0.2245,0.2886,6,6,-0.33382636,-0.09875519,0.0021113458,-0.043006867,0.28322378,0.114285715,-0.33194897,-0.14116251,13.16979613859845,80.25930532319556,4982.0,Chennai,10,"{""type"":""MultiPoint"",""coordinates"":[]}",-4.833758235391004,-17.12522828762214,-0.6479221349704776,-14.260466387668798
1_1_2_483_0_1_1_2_483_0,0.01055,0.0153,0.00805,0.0155,0.04745,0.0485,0.0298,0.0391,0.01605,0.0267,0.0176,0.022,0,0,0.47707558,0.4375,-0.25044405,-0.17962466,0.046062406,-0.09650924,0.25738397,0.27986908,12.83894661945723,80.31410255552684,4983.0,Chennai,10,"{""type"":""MultiPoint"",""coordinates"":[]}",-18.180057398372732,-33.94567746972734,-17.355673743216,-34.79095398733777
1_1_2_484_0_1_1_2_484_0,0.23215,0.2917,0.2033,0.2523,0.0761,0.1248,0.0921,0.1554,0.1235,0.1974,0.1711,0.2632,6,6,-0.4319198,-0.3048535,0.15139492,0.051360607,0.16157502,0.14285715,-0.30015197,-0.2575251,13.118592167403635,80.29353113552051,4984.0,Chennai,10,"{""type"":""MultiPoint"",""coordinates"":[]}",-2.4733517252370554,-16.83363862449212,0.554131626475957,-15.629012081399406
1_1_2_485_0_1_1_2_485_0,0.0079,0.0157,0.00685,0.0105,0.0369,0.0494,0.0253,0.04,0.0156,0.0299,0.00975,0.022,0,0,0.52409637,0.4362657,-0.10481586,-0.16710876,-0.23076923,-0.1522158,0.4436519,0.29032257,13.144822973699927,80.36647433659101,4985.0,Chennai,10,"{""type"":""MultiPoint"",""coordinates"":[]}",-17.315066402530682,-33.82732223234311,-18.447360114688777,-33.25568023721622
1_1_2_486_0_1_1_2_486_0,0.0246,0.03085,0.0209,0.0181,0.0392,0.05395,0.0522,0.06915,0.0424,0.05395,0.0301,0.0552,0,0,0.359375,0.383,-0.100548446,-0.28297502,-0.16965517,0.01145213,0.26852977,0.112183355,12.910003358431084,80.04146386679658,4986.0,Chennai,10,"{""type"":""MultiPoint"",""coordinates"":[]}",-21.092508181895006,-27.406771885270793,-21.493572750998624,-29.439901328707492
1_1_2_487_0_1_1_2_487_0,0.17495,0.1822,0.1447,0.1517,0.08855,0.1404,0.1019,0.1512,0.1071,0.1314,0.1413,0.1732,6,6,-0.2638613,-0.092981406,0.106403165,0.02532358,0.13768116,0.13722916,-0.16200657,-0.06781751,12.919256005857516,80.17953492596574,4987.0,Chennai,10,"{""type"":""MultiPoint"",""coordinates"":[]}",-9.095887904640335,-14.237585956880832,-9.871552038407541,-15.78791960643331
1_1_2_488_0_1_1_2_488_0,0.0097,0.0239,0.00825,0.0189,0.0425,0.0554,0.0271,0.0466,0.0184,0.0362,0.01585,0.0312,0,0,0.4728261,0.3219858,-0.2407045,-0.13248639,-0.07445256,-0.07418398,0.2619325,0.19794345,12.9176390383461,80.34024353029473,4988.0,Chennai,10,"{""type"":""MultiPoint"",""coordinates"":[]}",-17.93991148297466,-28.8894632500158,-17.291037166920844,-35.26578895467844
1_1_2_489_0_1_1_2_489_0,0.3057,0.3066,0.2435,0.2442,0.0783,0.1019,0.0943,0.1182,0.1102,0.1228,0.204,0.2658,6,6,-0.5285,-0.4435028,0.19952914,0.071278825,0.29853597,0.36798766,-0.36775059,-0.384375,13.049332058998022,80.13156488979376,4989.0,Chennai,10,"{""type"":""MultiPoint"",""coordinates"":[]}",-7.276187077623152,-16.091287389640293,-4.21635333897647,-13.537016017113409
1_1_2_490_0_1_1_2_490_0,0.2064,0.2196,0.155,0.159,0.0514,0.065,0.0645,0.0871,0.0675,0.0795,0.1709,0.1954,6,6,-0.52380955,-0.43201825,0.09408958,0.058313254,0.43372482,0.42160785,-0.4519966,-0.38336283,13.016453719599248,80.21259292842134,4990.0,Chennai,10,"{""type"":""MultiPoint"",""coordinates"":[]}",-5.427931051299016,-14.893024059543762,-7.464275179932379,-15.085953373752766
1_1_2_491_0_1_1_2_491_0,0.0103,0.0247,0.008,0.0176,0.0417,0.0559,0.0279,0.0442,0.0177,0.0342,0.01395,0.0246,0,0,0.460733,0.28301886,-0.15051547,0.0020283975,-0.11848341,-0.1632653,0.33333334,0.2848837,12.830053298144447,80.3167076698508,4991.0,Chennai,10,"{""type"":""MultiPoint"",""coordinates"":[]}",-17.744933595804145,-30.21091449858971,-17.2206122250292,-32.448816277808554
1_1_2_492_0_1_1_2_492_0,0.3067,0.2916,0.228,0.2246,0.0791,0.1424,0.1126,0.18,0.1322,0.1792,0.2802,0.2916,6,6,-0.46291438,-0.23664123,0.045152497,0.0,0.3588749,0.23874256,-0.42668024,-0.23664123,13.145002636756752,80.13443949870295,4992.0,Chennai,10,"{""type"":""MultiPoint"",""coordinates"":[]}",-5.695979876888083,-15.322747527047401,-4.159111496681816,-15.600021957062575
1_1_2_493_0_1_1_2_493_0,0.252,0.2311,0.1685,0.13875,0.0479,0.04605,0.0676,0.0646,0.0748,0.06395,0.205,0.2239,1,1,-0.57697123,-0.56307065,0.10284464,0.015824176,0.4653324,0.55567133,-0.50403523,-0.5521664,12.836431336661695,80.03948757317151,4993.0,Chennai,10,"{""type"":""MultiPoint"",""coordinates"":[]}",-9.82432988334827,-14.907475533177399,-8.80406971760048,-14.898215514593767
1_1_2_494_0_1_1_2_494_0,0.00815,0.0171,0.00695,0.0112,0.0361,0.0452,0.02435,0.042,0.0149,0.0288,0.01205,0.022,0,0,0.49846154,0.42131978,-0.19306931,-0.12531969,-0.10575139,-0.13385826,0.33791208,0.3125,12.956356427091652,80.30377192975948,4994.0,Chennai,10,"{""type"":""MultiPoint"",""coordinates"":[]}",-17.149594855210978,-30.802056767186787,-18.19525797137286,-31.66701718193675
1_1_2_495_0_1_1_2_495_0,0.332,0.29815,0.2883,0.253,0.1042,0.1022,0.1268,0.1264,0.1592,0.1547,0.2656,0.2486,6,6,-0.4472537,-0.404546,0.11111111,0.090626426,0.25047082,0.23282915,-0.3537207,-0.32586667,13.176713166286172,80.01729918565375,4995.0,Chennai,10,"{""type"":""MultiPoint"",""coordinates"":[]}",-11.578978908306436,-16.526200985977024,-9.78688728585022,-16.67183521488414
1_1_2_496_0_1_1_2_496_0,0.3335,0.3649,0.2476,0.2529,0.0747,0.077,0.0958,0.0992,0.1272,0.1203,0.2216,0.2638,6,6,-0.55369204,-0.57250595,0.2015853,0.16080801,0.2706422,0.37360063,-0.39634532,-0.45344353,13.02849114440645,80.03769094260328,4996.0,Chennai,10,"{""type"":""MultiPoint"",""coordinates"":[]}",-11.48705726324116,-17.92091233093757,-9.405259171052696,-16.01106713267245
1_1_2_497_0_1_1_2_497_0,0.2054,0.2315,0.1754,0.1742,0.0569,0.0683,0.078,0.0896,0.07705,0.088,0.2102,0.2548,6,6,-0.44954127,-0.4419184,-0.011549567,-0.04791281,0.46353352,0.4865811,-0.45870924,-0.4796748,13.083557871322975,80.25831717638303,4997.0,Chennai,10,"{""type"":""MultiPoint"",""coordinates"":[]}",-9.00300638841773,-15.22880885192324,-9.149378850446903,-15.802172687560294
1_1_2_498_0_1_1_2_498_0,0.19255,0.1513,0.11175,0.0842,0.03095,0.0575,0.0527,0.0827,0.0507,0.0648,0.2131,0.2558,1,1,-0.5702345,-0.2931624,-0.050659437,-0.2566937,0.6156179,0.59575796,-0.60346127,-0.5113737,12.812805644689352,80.21492854816005,4998.0,Chennai,10,"{""type"":""MultiPoint"",""coordinates"":[]}",-12.121281116840574,-16.615019439498703,-9.508764464265854,-15.983457770798687
1_1_2_499_0_1_1_2_499_0,0.2482,0.2777,0.22925,0.2465,0.10465,0.1262,0.123,0.144,0.1555,0.179,0.2192,0.252,6,6,-0.33728448,-0.31705004,0.062045358,0.048518028,0.17000267,0.16937356,-0.28112215,-0.27272728,13.11499890626716,80.26307824738886,4999.0,Chennai,10,"{""type"":""MultiPoint"",""coordinates"":[]}",0.4542880079118172,-14.549533195791259,1.4098854975675446,-14.576112665869697
1_2_0_0_1_2_0_0,0.1377,0.1568,0.06215,0.0781,0.0501,0.0516,0.0642,0.0632,0.04195,0.0452,0.29,0.292,1,1,-0.3640416,-0.42545456,-0.35609072,-0.30124778,0.7472511,0.7319099,-0.63749295,-0.6441441,9.831117553639835,76.38783594322565,5000.0,Kochi,11,"{""type"":""MultiPoint"",""coordinates"":[]}",-6.135934505779517,-13.039821210106101,-6.595401711247934,-12.579347691027197
1_2_1_0_1_2_1_0,0.01275,0.0146,0.0086,0.0116,0.082,0.0705,0.0794,0.0698,0.0532,0.0433,0.0291,0.0254,0,0,0.7232773,0.6540284,-0.390681,-0.27,-0.2928311,-0.26055312,0.46359447,0.46638656,9.977632776479732,76.1949676517252,5001.0,Kochi,11,"{""type"":""MultiPoint"",""coordinates"":[]}",-23.28736179744373,-33.72940785997981,-21.77366648391982,-34.16550248226116
1_2_2_0_1_2_2_0,0.0117,0.01375,0.0088,0.00965,0.0614,0.0607,0.0636,0.0567,0.0338,0.03695,0.0245,0.02325,0,0,0.689243,0.6096522,-0.35359117,-0.25675675,-0.15951973,-0.22757475,0.44381386,0.4183865,9.818091982020103,76.24796825348825,5002.0,Kochi,11,"{""type"":""MultiPoint"",""coordinates"":[]}",-22.44438485443382,-35.822830524746465,-23.79608575243993,-36.91950063735186
1_2_3_0_1_2_3_0,0.1953,0.19245,0.1318,0.1211,0.0675,0.0547,0.0772,0.07005,0.0567,0.0493,0.2525,0.2657,6,6,-0.4333945,-0.4662857,-0.1277356,-0.15988213,0.6332471,0.6869841,-0.5316955,-0.5827252,9.77928476174614,76.31120964949027,5003.0,Kochi,11,"{""type"":""MultiPoint"",""coordinates"":[]}",-8.415636702901276,-14.229332330135975,-6.369256710672432,-13.060977904399259
1_2_4_0_1_2_4_0,0.009,0.01465,0.0073,0.0104,0.0558,0.0584,0.0465,0.05125,0.0259,0.03095,0.0221,0.02055,0,0,0.6756757,0.55538696,-0.42122185,-0.16761364,-0.079166666,-0.20194174,0.35568514,0.4275766,9.858156843691834,76.1965846192366,5004.0,Kochi,11,"{""type"":""MultiPoint"",""coordinates"":[]}",-24.48293406147561,-41.89425686369694,-24.957169966899603,-38.228964972513644
1_2_5_0_1_2_5_0,0.2514,0.2411,0.1399,0.1587,0.05385,0.099,0.07845,0.129,0.05885,0.1146,0.3658,0.3196,1,6,-0.52432925,-0.3028911,-0.1853532,-0.14000356,0.7228306,0.47213265,-0.6468205,-0.4248774,10.029465568373428,76.4340093488294,5005.0,Kochi,11,"{""type"":""MultiPoint"",""coordinates"":[]}",-10.671486743829776,-16.8809265170159,-10.869811595763355,-16.146517026723906
1_2_6_0_1_2_6_0,0.0144,0.0146,0.0093,0.0128,0.0788,0.069,0.0787,0.0682,0.0472,0.0433,0.0294,0.0258,0,0,0.69065523,0.647343,-0.34246576,-0.27722773,-0.23237598,-0.25325614,0.45605922,0.45106384,9.893909791999793,76.24230886719829,5006.0,Kochi,11,"{""type"":""MultiPoint"",""coordinates"":[]}",-23.269472056537246,-34.404559715472814,-23.38403919554002,-36.01783149876165
1_2_7_0_1_2_7_0,0.0133,0.0176,0.0085,0.0115,0.079,0.07,0.0804,0.07,0.0505,0.0455,0.0295,0.0259,0,0,0.71611524,0.5981735,-0.37850466,-0.1908046,-0.2625,-0.27450982,0.46314833,0.459854,9.94170016511495,76.21886283828277,5007.0,Kochi,11,"{""type"":""MultiPoint"",""coordinates"":[]}",-22.007213274160172,-31.004079522648354,-22.85007562476265,-32.4855747299672
1_2_8_0_1_2_8_0,0.2071,0.2165,0.10075,0.11545,0.0491,0.0553,0.0632,0.0752,0.0473,0.0601,0.2876,0.3318,1,1,-0.53237146,-0.4844018,-0.16272488,-0.21028633,0.7175276,0.6932891,-0.63968074,-0.6304668,9.88241135636306,76.39619027536797,5008.0,Kochi,11,"{""type"":""MultiPoint"",""coordinates"":[]}",-7.9673545146977505,-13.544852451956189,-7.247895871965233,-14.031271962476218
1_2_9_0_1_2_9_0,0.0085,0.01585,0.0063,0.01005,0.0499,0.0586,0.056,0.053,0.0302,0.03295,0.0185,0.0219,0,0,0.7364341,0.5395788,-0.37037036,-0.1602649,-0.2402464,-0.20145853,0.5033557,0.4152203,9.850880489890466,76.21886283828277,5009.0,Kochi,11,"{""type"":""MultiPoint"",""coordinates"":[]}",-23.323230579780947,-36.005548047991866,-26.128852744145803,-37.73837519912884
1_2_10_0_1_2_10_0,0.0082,0.01375,0.0061,0.0105,0.0582,0.06395,0.0604,0.0601,0.0352,0.03545,0.0144,0.02475,0,0,0.7609329,0.62762356,-0.27433628,-0.2857143,-0.41935483,-0.17774086,0.61497325,0.41661757,9.846748239583516,76.24293768789718,5010.0,Kochi,11,"{""type"":""MultiPoint"",""coordinates"":[]}",-23.648835169864338,-35.30706409905646,-23.333191785754718,-35.584112358394755
1_2_11_0_1_2_11_0,0.19635,0.23445,0.10935,0.13655,0.0548,0.0711,0.0712,0.0861,0.06285,0.081,0.2792,0.3106,1,6,-0.46776304,-0.46279833,-0.17421933,-0.13971195,0.6325099,0.5863126,-0.5936073,-0.5659188,9.86947561627174,76.39619027536797,5011.0,Kochi,11,"{""type"":""MultiPoint"",""coordinates"":[]}",-6.225696736147791,-15.180478168379045,-5.687313359603612,-13.4651934436838
1_2_12_0_1_2_12_0,0.2099,0.2005,0.1022,0.1052,0.04045,0.044,0.0562,0.0613,0.04505,0.0412,0.2993,0.3772,1,1,-0.5776024,-0.5317036,-0.17556952,-0.3058681,0.7383476,0.8030593,-0.6838256,-0.72041047,9.908282836545704,76.43607547398287,5012.0,Kochi,11,"{""type"":""MultiPoint"",""coordinates"":[]}",-8.511150466963016,-13.841971695316703,-7.39800738797788,-14.596752493867395
1_2_13_0_1_2_13_0,0.15825,0.1672,0.0824,0.0974,0.0622,0.0502,0.06955,0.0617,0.0534,0.0429,0.2287,0.249,1,1,-0.38937664,-0.46089995,-0.18206486,-0.19654013,0.62141085,0.70606375,-0.5336127,-0.6028323,9.791861175723811,76.31767751953592,5013.0,Kochi,11,"{""type"":""MultiPoint"",""coordinates"":[]}",-8.91010044479552,-15.783761573792479,-8.297788589077568,-15.152088126082647
1_2_14_0_1_2_14_0,0.2092,0.234,0.14445,0.1723,0.0875,0.0922,0.0964,0.1034,0.09575,0.1072,0.2216,0.2232,6,6,-0.36910996,-0.38707766,-0.028783659,0.023622047,0.39656532,0.3510896,-0.3937107,-0.36680955,10.098995171364278,76.31722836189387,5014.0,Kochi,11,"{""type"":""MultiPoint"",""coordinates"":[]}",-7.915421264161641,-14.563218561700696,-8.576344213935084,-13.852862387427386
1_2_15_0_1_2_15_0,0.0138,0.0124,0.0081,0.0101,0.05975,0.0506,0.0616,0.0533,0.04505,0.0395,0.03765,0.0273,0,0,0.63395226,0.62252665,-0.46355686,-0.37531486,-0.08948005,-0.18263473,0.24130982,0.32258064,9.787189936246392,76.33582348827514,5015.0,Kochi,11,"{""type"":""MultiPoint"",""coordinates"":[]}",-21.41106487244924,-28.612445655685992,-20.523547170020922,-28.766778358992507
1_2_16_0_1_2_16_0,0.2236,0.2414,0.1855,0.2234,0.094,0.0955,0.1066,0.1076,0.119,0.1232,0.2166,0.1778,6,6,-0.35433072,-0.3833811,0.015901864,0.15171756,0.29082242,0.18139535,-0.34034654,-0.24597056,9.928135604324746,76.31471307909833,5016.0,Kochi,11,"{""type"":""MultiPoint"",""coordinates"":[]}",-7.6558967690337765,-14.62941811655548,-5.400635473539628,-12.358187715790333
1_2_17_0_1_2_17_0,0.22,0.2371,0.16125,0.1973,0.0723,0.0921,0.08295,0.1046,0.0891,0.115,0.1957,0.2076,6,6,-0.4523849,-0.38776705,0.058455616,0.066336855,0.37429774,0.28704277,-0.40462947,-0.32991672,10.06180491860173,76.34301001054808,5017.0,Kochi,11,"{""type"":""MultiPoint"",""coordinates"":[]}",-8.081355529587988,-13.967097833313137,-8.667018171355227,-13.961703187320772
1_2_18_0_1_2_18_0,0.1622,0.174,0.08915,0.0864,0.05765,0.0512,0.06855,0.0698,0.0525,0.0489,0.2761,0.2968,1,1,-0.4058505,-0.42739952,-0.25986767,-0.26083264,0.68046254,0.71709573,-0.60220516,-0.6192035,9.802820622190072,76.39475297091337,5018.0,Kochi,11,"{""type"":""MultiPoint"",""coordinates"":[]}",-5.772608428185142,-13.119069553014922,-6.7008190806178884,-11.851257504291555
1_2_19_0_1_2_19_0,0.0392,0.052,0.0255,0.0347,0.0609,0.067,0.064,0.0728,0.05585,0.0628,0.0493,0.0665,3,3,0.24031007,0.16666667,-0.11412429,-0.12236287,-0.062291965,0.028615622,0.12974404,0.04522613,10.075010153278289,76.24994454711332,5019.0,Kochi,11,"{""type"":""MultiPoint"",""coordinates"":[]}",-17.577544475263863,-22.687458934774313,-14.523542668018198,-22.08418740456921
1_2_20_0_1_2_20_0,0.0109,0.0135,0.009,0.0118,0.0564,0.0572,0.0442,0.0456,0.0229,0.02915,0.0124,0.0202,0,0,0.6043557,0.5431472,-0.06437768,-0.19881305,-0.29745042,-0.18135765,0.56183743,0.38601825,9.811624111974444,76.19406933644107,5020.0,Kochi,11,"{""type"":""MultiPoint"",""coordinates"":[]}",-24.688256089732,-40.79731764470728,-26.388324403414984,-37.7809513868967
1_2_21_0_1_2_21_0,0.0155,0.019,0.0104,0.0117,0.0828,0.0748,0.0816,0.0776,0.053,0.0512,0.0288,0.029,0,0,0.6807415,0.60662526,-0.30022573,-0.20833333,-0.2958435,-0.276808,0.47826087,0.45590994,9.930471224063457,76.23844611147658,5021.0,Kochi,11,"{""type"":""MultiPoint"",""coordinates"":[]}",-22.79188808123835,-30.678772881489994,-22.23142508878524,-31.068317074543792
1_2_22_0_1_2_22_0,0.0157,0.0156,0.0084,0.0113,0.071,0.0579,0.0543,0.0516,0.0345,0.031,0.0244,0.0202,0,0,0.55142856,0.53571427,-0.2169576,-0.12849163,-0.17147708,-0.2109375,0.37992376,0.4373259,9.874416350334398,76.1761928622871,5022.0,Kochi,11,"{""type"":""MultiPoint"",""coordinates"":[]}",-24.07882040904414,-38.16874005420647,-24.805128142901882,-38.55462625782607
1_2_23_0_1_2_23_0,0.23625,0.24305,0.16405,0.16405,0.0736,0.07695,0.09525,0.0945,0.1064,0.0879,0.2625,0.307,6,1,-0.42533937,-0.44008294,-0.05263158,-0.11626216,0.4231499,0.554824,-0.46750525,-0.5292653,9.938286567035297,76.36735435474773,5023.0,Kochi,11,"{""type"":""MultiPoint"",""coordinates"":[]}",-7.761030400193578,-14.375621746611845,-8.07280007871324,-15.433274734920055
1_2_24_0_1_2_24_0,0.24835,0.282,0.1451,0.1617,0.0642,0.0608,0.08275,0.0742,0.0769,0.0752,0.2696,0.3124,1,1,-0.50015104,-0.5833801,-0.041027125,-0.05114401,0.55613273,0.6119711,-0.53029656,-0.6161407,9.82159541162817,76.42745164725532,5024.0,Kochi,11,"{""type"":""MultiPoint"",""coordinates"":[]}",-8.484170878344917,-14.146352903567426,-6.995484489440145,-13.168999302890732
1_2_25_0_1_2_25_0,0.21655,0.2261,0.11145,0.12895,0.0394,0.0451,0.05735,0.06525,0.04,0.04365,0.3176,0.384,1,1,-0.58123404,-0.5520851,-0.18917906,-0.25881004,0.77628636,0.7958611,-0.6940926,-0.70951587,9.863097577754491,76.44856205643214,5025.0,Kochi,11,"{""type"":""MultiPoint"",""coordinates"":[]}",-7.521176019701435,-13.068348864474444,-5.97296068995761,-13.801654906725187
1_2_26_0_1_2_26_0,0.15805,0.1709,0.08225,0.1104,0.0653,0.05395,0.0776,0.0669,0.05595,0.05115,0.2643,0.2512,1,1,-0.34139615,-0.43734232,-0.25156862,-0.19023928,0.6505855,0.6616504,-0.5460661,-0.57937753,9.761408287592165,76.31641987813815,5026.0,Kochi,11,"{""type"":""MultiPoint"",""coordinates"":[]}",-7.847292174104712,-14.184229591918937,-8.985317612236711,-14.874511489959552
1_2_27_0_1_2_27_0,0.0151,0.0118,0.0094,0.0092,0.0778,0.062,0.0644,0.0568,0.044,0.0326,0.0286,0.0197,0,0,0.6201258,0.65597665,-0.3089245,-0.25079367,-0.21212122,-0.24665391,0.38494623,0.48496732,9.90307260789781,76.19865074439008,5027.0,Kochi,11,"{""type"":""MultiPoint"",""coordinates"":[]}",-25.063643225599435,-38.57019222078631,-25.208070830380784,-37.7475749872642
1_2_28_0_1_2_28_0,0.01665,0.013,0.0105,0.0098,0.0653,0.0658,0.06555,0.0692,0.0527,0.0564,0.03525,0.0381,0,0,0.59489053,0.6836983,-0.3583815,-0.49119374,-0.19840819,-0.1936508,0.30059522,0.28984156,10.04473692820346,76.24482414999383,5028.0,Kochi,11,"{""type"":""MultiPoint"",""coordinates"":[]}",-21.17725911782241,-30.03893886918364,-21.205750127553106,-30.25200616773452
1_2_29_0_1_2_29_0,0.15335,0.1584,0.1564,0.1512,0.10185,0.1554,0.1114,0.1606,0.1226,0.1742,0.1332,0.1778,6,6,-0.15845136,0.0068965517,0.07031932,-0.05770375,0.041438624,0.010227272,-0.089125104,-0.050827425,9.97116490643407,76.37624767606052,5029.0,Kochi,11,"{""type"":""MultiPoint"",""coordinates"":[]}",5.979926831135751,-1.780027130548922,5.001798277893519,-3.302809574839438
1_2_30_0_1_2_30_0,0.2337,0.2494,0.2026,0.2198,0.1078,0.1112,0.124,0.1236,0.1246,0.1284,0.2236,0.207,6,6,-0.30668157,-0.3372654,0.022086158,0.09290096,0.28431937,0.23434705,-0.28653625,-0.2522686,9.941789996643362,76.29818407787053,5030.0,Kochi,11,"{""type"":""MultiPoint"",""coordinates"":[]}",-8.992084547255757,-15.207803173629191,-7.4890740333349735,-12.78979746251113
1_2_31_0_1_2_31_0,0.20225,0.182,0.1422,0.1224,0.0657,0.0744,0.0868,0.0957,0.0754,0.0904,0.2517,0.237,6,6,-0.39941186,-0.31076702,-0.108932704,-0.13126491,0.53897893,0.4477703,-0.48714918,-0.42470694,9.9743988414569,76.31794701412116,5031.0,Kochi,11,"{""type"":""MultiPoint"",""coordinates"":[]}",-6.744164842508004,-13.043283698106132,-4.143842284444642,-10.995763970424367
1_2_32_0_1_2_32_0,0.1724,0.1634,0.086,0.0772,0.0469,0.0479,0.068,0.0644,0.05195,0.0451,0.274,0.2962,1,1,-0.4342762,-0.43459174,-0.22759856,-0.2889469,0.6812394,0.7357164,-0.6023392,-0.6428175,10.014104377014984,76.31722836189387,5032.0,Kochi,11,"{""type"":""MultiPoint"",""coordinates"":[]}",-6.276252171519532,-13.243249403254703,-6.116136422949625,-13.486058407356047
1_2_33_0_1_2_33_0,0.0218,0.017,0.01725,0.013,0.0572,0.0572,0.06045,0.0648,0.0488,0.0495,0.0313,0.0297,0,0,0.4699088,0.5843521,-0.17890772,-0.2719486,-0.2184769,-0.25,0.31771117,0.37142858,10.004043245832843,76.27419905978454,5033.0,Kochi,11,"{""type"":""MultiPoint"",""coordinates"":[]}",-21.699454638935894,-27.596224232995873,-22.065170188521023,-25.856133703927032
1_2_34_0_1_2_34_0,0.2531,0.2071,0.2262,0.1877,0.1015,0.1246,0.1305,0.1616,0.1436,0.19,0.2134,0.2334,0,0,-0.31960374,-0.12340657,0.08510182,-0.05970488,0.19551821,0.102503546,-0.24105845,-0.18177216,10.078333919829529,76.19550664089567,5034.0,Kochi,11,"{""type"":""MultiPoint"",""coordinates"":[]}",-10.155598339702784,-16.15290646278845,-10.142498476874263,-17.230549106935225
1_2_35_0_1_2_35_0,0.0174,0.0138,0.0144,0.01235,0.0664,0.05495,0.0543,0.04435,0.033,0.02795,0.0272,0.02035,0,0,0.5146443,0.5253654,-0.21973094,-0.19180088,-0.096345514,-0.1573499,0.33251533,0.3709428,9.756826879643151,76.16056217634342,5035.0,Kochi,11,"{""type"":""MultiPoint"",""coordinates"":[]}",-23.671497481542026,-38.58281293570777,-25.961254830439266,-37.40463339405583
1_2_36_0_1_2_36_0,0.1685,0.1812,0.1055,0.118,0.05885,0.0615,0.0669,0.0762,0.05415,0.0644,0.251,0.2388,6,6,-0.4316058,-0.4079254,-0.1966627,-0.13714285,0.6450926,0.5751979,-0.57911295,-0.51619047,9.84926352237905,76.33797944495703,5036.0,Kochi,11,"{""type"":""MultiPoint"",""coordinates"":[]}",-6.496917338879072,-14.153862514761983,-7.6773945204569,-14.08703343465136
1_2_37_0_1_2_37_0,0.24335,0.21765,0.1906,0.1652,0.0663,0.07235,0.08285,0.08395,0.07515,0.0686,0.2696,0.2793,6,6,-0.49202943,-0.4433024,-0.051174577,-0.12405675,0.5640319,0.6056338,-0.5298624,-0.5377839,9.921398239693849,76.35783221273606,5037.0,Kochi,11,"{""type"":""MultiPoint"",""coordinates"":[]}",-0.7943679400844438,-10.550121513636185,-1.2057144098283672,-11.087233083826316
1_2_38_0_1_2_38_0,0.0151,0.0135,0.0117,0.0099,0.0731,0.0626,0.0634,0.0567,0.0429,0.0331,0.0272,0.022,0,0,0.61528665,0.61538464,-0.28605202,-0.23943663,-0.22396576,-0.20145191,0.39955848,0.44091487,9.9172659893869,76.16164015468436,5038.0,Kochi,11,"{""type"":""MultiPoint"",""coordinates"":[]}",-23.287651330373453,-35.96844365082177,-25.194218613956526,-36.77649968381204
1_2_39_0_1_2_39_0,0.055,0.0613,0.0232,0.0291,0.0584,0.0512,0.0646,0.059,0.0478,0.0424,0.0714,0.0744,3,3,0.080267556,-0.01911887,-0.12974684,-0.09653648,0.19798657,0.2739726,-0.05,-0.115442276,9.918882956898315,76.25353780824979,5039.0,Kochi,11,"{""type"":""MultiPoint"",""coordinates"":[]}",-13.425852746540762,-19.91769026329561,-13.27141906061109,-18.996245750452967
1_2_40_0_1_2_40_0,0.0206,0.02205,0.0131,0.0136,0.05115,0.0464,0.05505,0.05215,0.0393,0.03685,0.03965,0.04315,0,0,0.45538664,0.4056604,-0.31618258,-0.32361963,0.0044331853,0.07875,0.1626188,0.09443861,9.935142463540878,76.33797944495703,5040.0,Kochi,11,"{""type"":""MultiPoint"",""coordinates"":[]}",-20.01362927914148,-26.0968472059483,-19.22776434218044,-23.457932474784005
1_2_41_0_1_2_41_0,0.15585,0.1672,0.0946,0.1038,0.0518,0.0558,0.058,0.0648,0.045,0.0496,0.2119,0.244,6,6,-0.4575637,-0.4413793,-0.15241332,-0.18677042,0.6496691,0.66212535,-0.5702112,-0.5803109,9.852856783515527,76.40202932471475,5041.0,Kochi,11,"{""type"":""MultiPoint"",""coordinates"":[]}",-7.151749887737367,-12.765216131671064,-6.458838943211363,-11.994049658923506
1_2_42_0_1_2_42_0,0.19295,0.2054,0.11215,0.1252,0.0541,0.05985,0.06635,0.0739,0.06235,0.0609,0.2566,0.287,1,6,-0.48823756,-0.47081992,-0.14158604,-0.16571893,0.60902965,0.6498994,-0.5891005,-0.5904683,9.925081332358738,76.42358889153361,5042.0,Kochi,11,"{""type"":""MultiPoint"",""coordinates"":[]}",-7.5499675724629265,-13.557053781713192,-8.081297680151712,-15.667709335977841
1_2_43_0_1_2_43_0,0.0323,0.03185,0.0212,0.0206,0.0526,0.05525,0.0576,0.06,0.0436,0.04715,0.0414,0.0522,0,0,0.2814238,0.30647796,-0.12347354,-0.24211779,-0.025882352,0.050830398,0.16363636,0.069518715,9.947808709046964,76.33717096120131,5043.0,Kochi,11,"{""type"":""MultiPoint"",""coordinates"":[]}",-18.020685601116952,-23.546275898175928,-15.691369152037586,-22.289435237452466
1_2_44_0_1_2_44_0,0.0146,0.0144,0.0089,0.0105,0.0718,0.0618,0.0624,0.0497,0.0393,0.0307,0.026,0.0192,0,0,0.6207792,0.55070204,-0.28078818,-0.14285715,-0.20367534,-0.23046093,0.4117647,0.44267052,9.868667132516034,76.18517601512829,5044.0,Kochi,11,"{""type"":""MultiPoint"",""coordinates"":[]}",-24.74492504083881,-40.927641865669756,-25.247198343596335,-40.982852186265966
1_2_45_0_1_2_45_0,0.13005,0.1445,0.0549,0.0633,0.0517,0.045,0.069,0.0636,0.0453,0.0439,0.2887,0.2654,1,1,-0.30670685,-0.3887554,-0.37886566,-0.29494998,0.72874254,0.7161332,-0.61420184,-0.6133739,9.837944749799146,76.39511229702703,5045.0,Kochi,11,"{""type"":""MultiPoint"",""coordinates"":[]}",-7.347320857698762,-13.98568986975706,-6.820455961491646,-13.706048110528116
1_2_46_0_1_2_46_0,0.18405,0.1999,0.10325,0.1218,0.05575,0.057,0.0639,0.0648,0.0531,0.058,0.2192,0.2336,1,6,-0.4845735,-0.51038915,-0.08716677,-0.07773933,0.609989,0.6021948,-0.5485694,-0.56568366,9.85698903382248,76.39771741135097,5046.0,Kochi,11,"{""type"":""MultiPoint"",""coordinates"":[]}",-10.252379038913283,-16.33205245839605,-8.976807711045428,-15.235522582139208
1_2_47_0_1_2_47_0,0.13295,0.121,0.08625,0.0668,0.061,0.0483,0.0659,0.0558,0.05375,0.0446,0.1389,0.1472,0,0,-0.33718884,-0.3687783,-0.02188707,-0.097688295,0.44199327,0.5349322,-0.3564453,-0.4502463,9.81925979188946,76.36528822959426,5047.0,Kochi,11,"{""type"":""MultiPoint"",""coordinates"":[]}",-9.858414686435829,-15.235056141728597,-9.805737637486072,-15.888278077705733
1_2_48_0_1_2_48_0,0.0087,0.0139,0.0062,0.01065,0.0566,0.06375,0.0606,0.05935,0.0328,0.0359,0.0153,0.02315,0,0,0.74891776,0.6204778,-0.275,-0.24966262,-0.36382535,-0.21591872,0.59683794,0.43878788,9.851778805174586,76.24320718248241,5048.0,Kochi,11,"{""type"":""MultiPoint"",""coordinates"":[]}",-24.454488254588014,-36.86829946301886,-25.0556246643519,-38.414622846518796
1_2_49_0_1_2_49_0,0.19335,0.2091,0.1405,0.15315,0.077,0.0729,0.0851,0.09195,0.0771,0.0816,0.2008,0.2525,6,6,-0.3887592,-0.389138,-0.018901434,-0.0940208,0.44512415,0.5115235,-0.40468696,-0.46610537,9.769043967507178,76.30824520905267,5049.0,Kochi,11,"{""type"":""MultiPoint"",""coordinates"":[]}",-7.032298372031033,-14.768910281783004,-6.051098952960446,-12.21256967242322
1_2_50_0_1_2_50_0,0.1939,0.198,0.1298,0.1345,0.051,0.0604,0.0672,0.0787,0.053,0.0636,0.2436,0.2454,6,6,-0.4852547,-0.43115288,-0.1136,-0.10690122,0.64261633,0.5883495,-0.5675676,-0.51434743,9.883040177061943,76.28426019096668,5050.0,Kochi,11,"{""type"":""MultiPoint"",""coordinates"":[]}",-7.143392253593603,-13.406412233557976,-6.514786040886447,-13.667439744818823
1_2_51_0_1_2_51_0,0.0124,0.0133,0.008,0.0098,0.0786,0.0718,0.0798,0.0682,0.0483,0.0434,0.0289,0.0239,0,0,0.7310195,0.6736196,-0.39951575,-0.28494623,-0.25129533,-0.2897474,0.46826127,0.4809989,9.929393245722514,76.21428143033377,5051.0,Kochi,11,"{""type"":""MultiPoint"",""coordinates"":[]}",-21.52413772693103,-34.29014455390059,-24.11875969320714,-33.5035864801981
1_2_52_0_1_2_52_0,0.0145,0.014,0.0094,0.01055,0.0636,0.0553,0.054,0.04765,0.0302,0.02745,0.0229,0.0208,0,0,0.57664233,0.5458232,-0.22459893,-0.1954023,-0.13747646,-0.13782384,0.40442133,0.39225712,9.78701027318957,76.19442866255473,5052.0,Kochi,11,"{""type"":""MultiPoint"",""coordinates"":[]}",-25.385124763032334,-36.97111837852424,-27.291656127864492,-37.81075601035701
1_2_53_0_1_2_53_0,0.223,0.2477,0.1672,0.2218,0.0664,0.1036,0.083,0.1136,0.0762,0.1126,0.257,0.1892,6,6,-0.45751634,-0.3711597,-0.07083333,0.13389792,0.542617,0.25381047,-0.5117647,-0.24966975,9.90989980405712,76.27419905978454,5053.0,Kochi,11,"{""type"":""MultiPoint"",""coordinates"":[]}",-6.986522753182243,-12.544041046204178,-6.1498524397645005,-12.99049543246049
1_2_54_0_1_2_54_0,0.1776,0.1879,0.10535,0.1071,0.0648,0.0629,0.0755,0.0773,0.0597,0.064,0.2973,0.3388,1,6,-0.40339786,-0.41704375,-0.25205305,-0.28650084,0.66554624,0.68222445,-0.59495705,-0.6284547,9.787818756945276,76.35145417421882,5054.0,Kochi,11,"{""type"":""MultiPoint"",""coordinates"":[]}",-7.608123066401205,-14.710280940989872,-6.878593829042745,-14.254464777418285
1_2_55_0_1_2_55_0,0.0098,0.01365,0.007,0.00915,0.0564,0.0653,0.0602,0.056,0.0336,0.0341,0.025,0.0206,0,0,0.72,0.6080402,-0.43678162,-0.2029197,-0.14675768,-0.24680074,0.41314554,0.46214098,9.802461296076425,76.23350537741392,5055.0,Kochi,11,"{""type"":""MultiPoint"",""coordinates"":[]}",-23.479355522868914,-36.841831310426684,-24.272421203680477,-37.241386623774815
1_2_56_0_1_2_56_0,0.0158,0.0147,0.0103,0.0105,0.076,0.0725,0.0786,0.0758,0.049,0.0492,0.0266,0.0272,0,0,0.66525424,0.6751381,-0.254717,-0.29832935,-0.2962963,-0.28795812,0.49429658,0.47184467,9.885285965272244,76.25767005855674,5056.0,Kochi,11,"{""type"":""MultiPoint"",""coordinates"":[]}",-22.79514892787289,-32.13550683726071,-22.800327710362794,-34.381190886991185
1_2_57_0_1_2_57_0,0.19665,0.1977,0.12045,0.1245,0.06415,0.0624,0.0901,0.0847,0.0831,0.0646,0.2732,0.3042,6,6,-0.37157804,-0.40014166,-0.16292433,-0.21219367,0.5335392,0.6496746,-0.5039912,-0.5644125,9.97341069464437,76.33321837395118,5057.0,Kochi,11,"{""type"":""MultiPoint"",""coordinates"":[]}",-7.670637641487767,-15.043611724547002,-7.862963417493814,-14.670511425892265
1_2_58_0_1_2_58_0,0.043,0.0464,0.02315,0.0248,0.0629,0.057,0.0681,0.0691,0.05365,0.0492,0.1194,0.1326,0,0,0.2259226,0.1965368,-0.47044334,-0.48156425,0.379948,0.45874587,-0.2736,-0.314824,10.05767266829478,76.22748666501032,5058.0,Kochi,11,"{""type"":""MultiPoint"",""coordinates"":[]}",-14.17691124183071,-19.832838142455003,-10.792108994366728,-19.153297278766388
1_2_59_0_1_2_59_0,0.1533,0.2016,0.0828,0.121,0.05995,0.066,0.0696,0.0839,0.05615,0.0678,0.2284,0.3244,1,6,-0.3755047,-0.4122592,-0.19675137,-0.23346007,0.6053418,0.654258,-0.5328859,-0.5890277,9.783327180524678,76.35882035954859,5059.0,Kochi,11,"{""type"":""MultiPoint"",""coordinates"":[]}",-7.676882404058253,-14.213516882748522,-4.469200233216901,-13.476913618197894
1_2_60_0_1_2_60_0,0.21025,0.1804,0.1173,0.0898,0.047,0.0385,0.06185,0.0523,0.0495,0.0336,0.2684,0.3188,1,1,-0.54538774,-0.5504942,-0.12148752,-0.27724358,0.6885813,0.8093076,-0.6254353,-0.7181353,9.98311249971286,76.44981969782991,5060.0,Kochi,11,"{""type"":""MultiPoint"",""coordinates"":[]}",-7.698923389005365,-14.23391662503945,-6.05483746625059,-13.291014504714084
1_2_61_0_1_2_61_0,0.2165,0.223,0.174,0.1845,0.06245,0.0792,0.075,0.0924,0.1001,0.1048,0.2047,0.1942,6,6,-0.48542023,-0.41407737,0.028015194,0.06903164,0.34317586,0.29899666,-0.4637111,-0.3551989,10.09674938315398,76.34822023919598,5061.0,Kochi,11,"{""type"":""MultiPoint"",""coordinates"":[]}",-9.744403403615276,-15.76557842284874,-7.478985889207999,-16.016917189999603
1_2_62_0_1_2_62_0,0.2272,0.1855,0.1536,0.1124,0.0651,0.0545,0.08945,0.0753,0.1084,0.0689,0.2559,0.3256,6,6,-0.4350229,-0.422546,-0.05940799,-0.27411467,0.4048861,0.6506971,-0.4819748,-0.62434524,9.912145592267418,76.43086524533499,5062.0,Kochi,11,"{""type"":""MultiPoint"",""coordinates"":[]}",-8.609355727220532,-13.119651336095052,-8.285650706665999,-14.496270052947926
1_2_63_0_1_2_63_0,0.0133,0.0154,0.0124,0.01045,0.0546,0.05225,0.047,0.0445,0.0277,0.0299,0.0198,0.02125,0,0,0.5588723,0.48580968,-0.19637462,-0.159618,-0.1663158,-0.16911046,0.4071856,0.35361215,9.82752429250336,76.17152162280968,5063.0,Kochi,11,"{""type"":""MultiPoint"",""coordinates"":[]}",-24.701942000899173,-38.98353600668343,-26.527835339286586,-42.13634079701208
1_2_64_0_1_2_64_0,0.0152,0.0123,0.0094,0.0094,0.081,0.0686,0.08,0.072,0.0525,0.0494,0.02805,0.026,0,0,0.6806723,0.7081851,-0.2971098,-0.35770234,-0.30353817,-0.31034482,0.48079592,0.46938777,9.960295291496225,76.2055677720778,5064.0,Kochi,11,"{""type"":""MultiPoint"",""coordinates"":[]}",-22.077221925430003,-32.54376227638929,-23.4822416800573,-32.48786887972124
1_2_65_0_1_2_65_0,0.0119,0.013,0.00815,0.0097,0.0682,0.0657,0.07045,0.0666,0.05145,0.0476,0.02675,0.0225,0,0,0.71098965,0.67336684,-0.38421732,-0.26760563,-0.31585678,-0.3580599,0.44958848,0.4949495,9.972781873945486,76.25677174327262,5065.0,Kochi,11,"{""type"":""MultiPoint"",""coordinates"":[]}",-21.17350805586157,-28.518296014548177,-21.51329910196734,-27.225547397220453
1_2_66_0_1_2_66_0,0.10785,0.1713,0.05385,0.0799,0.0528,0.0481,0.06755,0.07,0.04655,0.052,0.2863,0.3296,1,1,-0.22976054,-0.41980937,-0.45274642,-0.31603116,0.7202944,0.7274633,-0.6181998,-0.6496496,9.8330938472649,76.40256831388521,5066.0,Kochi,11,"{""type"":""MultiPoint"",""coordinates"":[]}",-7.989062229119465,-13.68322226340687,-6.423275261265216,-13.461930380033692
1_2_67_0_1_2_67_0,0.012,0.0122,0.0085,0.0091,0.0768,0.0664,0.0701,0.0629,0.046,0.0372,0.0268,0.0223,0,0,0.70767355,0.67509985,-0.3814433,-0.29275364,-0.26373628,-0.25042018,0.44685242,0.4765258,9.926788131398569,76.1950574832536,5067.0,Kochi,11,"{""type"":""MultiPoint"",""coordinates"":[]}",-24.24609411954014,-35.812675438277154,-25.718721994526803,-36.88817849023994
1_2_68_0_1_2_68_0,0.3055,0.2359,0.20815,0.1558,0.0681,0.0742,0.08545,0.0906,0.1083,0.0754,0.2412,0.2896,1,6,-0.5628597,-0.44502297,0.117614776,-0.10218839,0.38025752,0.58684933,-0.47681004,-0.5234087,10.024255339725537,76.3776849805151,5068.0,Kochi,11,"{""type"":""MultiPoint"",""coordinates"":[]}",-6.833611247036254,-16.816930728588694,-7.908946789991253,-16.155867025738218
1_2_69_0_1_2_69_0,0.0109,0.0131,0.0071,0.0097,0.0543,0.0614,0.0542,0.0547,0.034,0.03435,0.023,0.02135,0,0,0.66513056,0.6135693,-0.35693216,-0.2394775,-0.19298245,-0.23339318,0.4041451,0.4385273,9.783506843581502,76.24356650859606,5069.0,Kochi,11,"{""type"":""MultiPoint"",""coordinates"":[]}",-24.922988774720544,-33.52738088614632,-23.514531209748736,-33.41845284039533
1_2_70_0_1_2_70_0,0.1652,0.1835,0.0879,0.0995,0.0606,0.051,0.0783,0.0708,0.0587,0.0524,0.2901,0.2946,6,6,-0.35687885,-0.44317734,-0.27432463,-0.23237817,0.66341746,0.6979827,-0.57491857,-0.61247945,10.037191079816855,76.21922216439643,5070.0,Kochi,11,"{""type"":""MultiPoint"",""coordinates"":[]}",-7.2862505061069704,-13.428410610713303,-7.63754322046402,-14.683114050862308
1_2_71_0_1_2_71_0,0.23605,0.2419,0.1939,0.1781,0.08795,0.0846,0.1043,0.0998,0.1125,0.1023,0.2249,0.26,6,6,-0.3871015,-0.41586187,0.024189174,-0.03606296,0.33313575,0.43527463,-0.36634263,-0.44524735,9.970895411848836,76.33941674941161,5071.0,Kochi,11,"{""type"":""MultiPoint"",""coordinates"":[]}",-7.211221693429441,-9.609263379114324,-6.340758394116577,-10.698935043351437
1_2_72_0_1_2_72_0,0.0126,0.0146,0.0087,0.0108,0.061,0.06345,0.0672,0.06265,0.041,0.04115,0.0272,0.02445,0,0,0.68421054,0.6220065,-0.36683416,-0.25224072,-0.20234604,-0.25457317,0.42372882,0.43857634,9.802012138434364,76.2619819719205,5072.0,Kochi,11,"{""type"":""MultiPoint"",""coordinates"":[]}",-23.16649423758856,-32.47378039803647,-23.84227954094318,-34.36548899981989
1_2_73_0_1_2_73_0,0.0157,0.01365,0.0114,0.0105,0.0638,0.053,0.0552,0.04495,0.0304,0.0297,0.0211,0.022,0,0,0.5571227,0.5341297,-0.14673913,-0.23422159,-0.18058252,-0.14893617,0.44692007,0.34279314,9.824649683594176,76.17897763966786,5073.0,Kochi,11,"{""type"":""MultiPoint"",""coordinates"":[]}",-24.989655667971547,-37.40359870570518,-27.213696123601473,-39.86712038450258
1_2_74_0_1_2_74_0,0.2018,0.2181,0.10265,0.1166,0.0541,0.055,0.08265,0.0831,0.0539,0.062,0.3968,0.3284,1,2,-0.41887853,-0.44820717,-0.3257601,-0.20182982,0.7608165,0.68237704,-0.6552299,-0.5961118,9.97942940704797,76.3557660875826,5074.0,Kochi,11,"{""type"":""MultiPoint"",""coordinates"":[]}",-9.425599530432656,-13.55446284050025,-8.490374020038907,-13.015588054097638
1_2_75_0_1_2_75_0,0.0078,0.01355,0.0061,0.0097,0.0584,0.0604,0.0648,0.0574,0.0379,0.0356,0.0157,0.0225,0,0,0.78512394,0.61804086,-0.33617023,-0.2482663,-0.41417912,-0.22547331,0.6099379,0.436796,9.840280369537856,76.24931572641442,5075.0,Kochi,11,"{""type"":""MultiPoint"",""coordinates"":[]}",-24.038214615268156,-36.747034213817344,-24.896808778558412,-33.96657412744991
1_2_76_0_1_2_76_0,0.0159,0.0122,0.00885,0.0098,0.07765,0.0709,0.07385,0.0643,0.0441,0.0357,0.03055,0.0231,0,0,0.64568245,0.6810458,-0.31539288,-0.30878186,-0.18151373,-0.21428572,0.41475096,0.47139588,10.019853594833348,76.16774869861638,5076.0,Kochi,11,"{""type"":""MultiPoint"",""coordinates"":[]}",-23.29688107874464,-35.08039246858523,-24.23267706771941,-37.541239119042956
1_2_77_0_1_2_77_0,0.0345,0.0362,0.0214,0.0238,0.0592,0.0636,0.0682,0.074,0.0542,0.0612,0.0662,0.0894,0,0,0.32814023,0.3430127,-0.31479642,-0.42356688,0.09966777,0.187251,0.014880952,-0.094247244,10.04159282470904,76.23377487199916,5077.0,Kochi,11,"{""type"":""MultiPoint"",""coordinates"":[]}",-14.872058399372728,-20.729079959536545,-14.578205992041667,-21.1321327579501
1_2_78_0_1_2_78_0,0.16255,0.1679,0.0824,0.0852,0.04845,0.0601,0.0671,0.0724,0.0495,0.0512,0.2862,0.2844,1,1,-0.4156325,-0.3974199,-0.27554318,-0.2575724,0.70509386,0.6948748,-0.62015283,-0.5941704,10.031711356583726,76.4093056785161,5078.0,Kochi,11,"{""type"":""MultiPoint"",""coordinates"":[]}",-6.655528982008901,-14.084097403802652,-5.847543533053964,-13.084808117913083
1_2_79_0_1_2_79_0,0.0179,0.0209,0.0132,0.0159,0.0691,0.0686,0.071,0.0742,0.0592,0.0562,0.0384,0.0387,0,0,0.59730035,0.56046265,-0.36412078,-0.29865772,-0.21311475,-0.18440464,0.29798904,0.31443757,9.948078203632198,76.28461951708032,5079.0,Kochi,11,"{""type"":""MultiPoint"",""coordinates"":[]}",-20.599300065832004,-27.69429860993931,-19.72606128016876,-25.53409043123049
1_2_80_0_1_2_80_0,0.1454,0.18175,0.088,0.13055,0.0453,0.0716,0.0641,0.09045,0.0657,0.0836,0.2304,0.2579,6,6,-0.38806683,-0.33541512,-0.22618414,-0.17320596,0.556231,0.5103953,-0.5646859,-0.4806947,9.855731392424712,76.2679108527957,5080.0,Kochi,11,"{""type"":""MultiPoint"",""coordinates"":[]}",-7.074483885357216,-14.410571250164082,-8.130684607012366,-14.20227529723624
1_2_81_0_1_2_81_0,0.23095,0.2481,0.1391,0.1423,0.0497,0.0648,0.06465,0.0898,0.06535,0.1078,0.224,0.245,1,6,-0.5625846,-0.4684818,0.015276404,0.006286757,0.5482979,0.3888889,-0.5520527,-0.46356034,9.99407194617912,76.38747661711201,5081.0,Kochi,11,"{""type"":""MultiPoint"",""coordinates"":[]}",-8.402050276744578,-13.657382326536299,-9.285012934273457,-15.51783222211755
1_2_82_0_1_2_82_0,0.11265,0.1407,0.05945,0.08,0.0498,0.0505,0.0611,0.0644,0.0417,0.0449,0.2456,0.2188,1,4,-0.29669064,-0.37201366,-0.37110958,-0.21724617,0.7097111,0.6594615,-0.60156506,-0.5451977,9.75071833571114,76.4265533319712,5082.0,Kochi,11,"{""type"":""MultiPoint"",""coordinates"":[]}",-13.741720153487204,-21.801662683346333,-10.770189984314369,-18.306931679856064
1_2_83_0_1_2_83_0,0.01075,0.0125,0.00805,0.0095,0.0709,0.073,0.0709,0.0744,0.04175,0.0453,0.02565,0.0258,0,0,0.736681,0.712313,-0.40934065,-0.34725848,-0.23887241,-0.2742616,0.4686691,0.48502994,10.06270323388585,76.17987595495198,5083.0,Kochi,11,"{""type"":""MultiPoint"",""coordinates"":[]}",-22.727701427354276,-33.21364554798808,-24.51683626605522,-33.97692574530337
1_2_84_0_1_2_84_0,0.0091,0.01235,0.0072,0.00975,0.0568,0.0602,0.0605,0.0671,0.0439,0.05015,0.0193,0.0309,0,0,0.7385057,0.68911266,-0.35915494,-0.42890173,-0.3892405,-0.23750772,0.5162907,0.36938775,9.881513041078945,76.32387589499635,5084.0,Kochi,11,"{""type"":""MultiPoint"",""coordinates"":[]}",-21.49686565829664,-29.484968145201897,-21.13723961052209,-30.56172695316843
1_2_85_0_1_2_85_0,0.0167,0.01465,0.0103,0.0121,0.0605,0.0578,0.0535,0.04525,0.033,0.0299,0.0238,0.02285,0,0,0.52421653,0.51085144,-0.17530864,-0.21866667,-0.16197184,-0.13364929,0.38421732,0.32892805,9.846838071111929,76.15086037127493,5085.0,Kochi,11,"{""type"":""MultiPoint"",""coordinates"":[]}",-25.063458722079837,-35.32578273741474,-26.765520582901345,-41.184082072589455
1_2_86_0_1_2_86_0,0.0144,0.0107,0.0088,0.0095,0.0768,0.0605,0.069,0.0574,0.0448,0.0342,0.0275,0.0195,0,0,0.65467626,0.68575627,-0.31264916,-0.29139072,-0.23928078,-0.273743,0.4300518,0.49284786,9.901994629556867,76.20377114150956,5086.0,Kochi,11,"{""type"":""MultiPoint"",""coordinates"":[]}",-25.129308107014392,-36.66974389058574,-26.26240076895619,-40.762324348446995
1_2_87_0_1_2_87_0,0.1973,0.1974,0.0944,0.0977,0.045,0.0419,0.06375,0.0629,0.04545,0.0385,0.381,0.3842,1,1,-0.5115878,-0.5167115,-0.3176552,-0.32118294,0.7868449,0.8178377,-0.7133221,-0.7186312,9.917176157858488,76.44056705040347,5087.0,Kochi,11,"{""type"":""MultiPoint"",""coordinates"":[]}",-8.061559197723476,-13.874918784346466,-6.965098199640526,-14.404516856266305
1_2_88_0_1_2_88_0,0.16945,0.2202,0.1034,0.125,0.0633,0.0593,0.0726,0.0773,0.073,0.059,0.2121,0.272,1,2,-0.40012395,-0.48033613,-0.1117809,-0.10524177,0.48789898,0.64350456,-0.48998946,-0.5574005,9.80183247537754,76.42817029948262,5088.0,Kochi,11,"{""type"":""MultiPoint"",""coordinates"":[]}",-11.808736398336347,-17.824127291277826,-10.84027230571447,-18.031695908825945
1_2_89_0_1_2_89_0,0.2364,0.2113,0.16425,0.1439,0.0677,0.0736,0.0864,0.0875,0.0883,0.0844,0.227,0.2132,4,6,-0.464684,-0.41432396,0.020284852,-0.004475854,0.43989852,0.4327957,-0.44862795,-0.4180246,10.077615267602232,76.39996319956127,5089.0,Kochi,11,"{""type"":""MultiPoint"",""coordinates"":[]}",-6.346217772157184,-11.708307421373656,-5.9606765889123565,-13.3416716251463
1_2_90_0_1_2_90_0,0.26045,0.2879,0.16085,0.17735,0.0535,0.054,0.06625,0.0717,0.07665,0.08,0.2233,0.2485,1,1,-0.59442914,-0.6012236,0.07679587,0.073452644,0.48891482,0.5129376,-0.5423934,-0.5521549,9.864175556095436,76.44200435485806,5090.0,Kochi,11,"{""type"":""MultiPoint"",""coordinates"":[]}",-6.005854145277607,-12.091471616286514,-7.839606791888531,-13.869092384801169
1_2_91_0_1_2_91_0,0.0239,0.0499,0.0151,0.0276,0.042,0.0483,0.04725,0.0512,0.0308,0.0371,0.02875,0.0388,0,0,0.3281799,0.012858556,-0.09211776,0.12514092,-0.034424853,0.022397893,0.24342105,0.13777778,9.982304015957151,76.38082908400952,5091.0,Kochi,11,"{""type"":""MultiPoint"",""coordinates"":[]}",-19.085190487228616,-24.978695187051027,-19.45703868985715,-25.235637428373558
1_2_92_0_1_2_92_0,0.01435,0.0129,0.00915,0.0097,0.08815,0.0814,0.08835,0.083,0.05775,0.0584,0.029,0.0288,0,0,0.7205453,0.7309698,-0.33794695,-0.38129497,-0.3314121,-0.33944955,0.505752,0.4847943,10.057043847595898,76.19604563006614,5092.0,Kochi,11,"{""type"":""MultiPoint"",""coordinates"":[]}",-22.782258250366773,-31.97660663931254,-23.12816151819383,-35.18876680278123
1_2_93_0_1_2_93_0,0.013,0.0149,0.00785,0.0105,0.0769,0.0692,0.0714,0.069,0.04275,0.0414,0.02515,0.0246,0,0,0.6919431,0.64481527,-0.3184797,-0.24556962,-0.25920472,-0.25454545,0.4790264,0.47435898,10.02542314959489,76.1792471342531,5093.0,Kochi,11,"{""type"":""MultiPoint"",""coordinates"":[]}",-22.798561698554302,-33.932654481079936,-24.80751165211961,-37.14866948342464
1_2_94_0_1_2_94_0,0.012,0.0143,0.0086,0.0126,0.0742,0.0638,0.0692,0.062,0.0396,0.0394,0.0241,0.0239,0,0,0.7044335,0.62516385,-0.33518004,-0.2513089,-0.2433281,-0.24486572,0.48338693,0.443539,9.863097577754491,76.24787842195984,5094.0,Kochi,11,"{""type"":""MultiPoint"",""coordinates"":[]}",-22.552347819874292,-34.635521887706396,-24.885123802644898,-35.22109147710283
1_2_95_0_1_2_95_0,0.1634,0.16705,0.0913,0.08835,0.05925,0.0516,0.07165,0.06875,0.0536,0.04695,0.2796,0.33,1,1,-0.39034247,-0.4168787,-0.2623025,-0.32783422,0.6782713,0.7508953,-0.5920285,-0.6551724,9.857617854521363,76.32818780836011,5095.0,Kochi,11,"{""type"":""MultiPoint"",""coordinates"":[]}",-6.425432693381793,-13.864801534942995,-5.642381035331017,-12.483619488252
1_2_96_0_1_2_96_0,0.0143,0.013,0.0085,0.0101,0.07385,0.0696,0.0676,0.0656,0.04175,0.0385,0.0248,0.0229,0,0,0.6507937,0.6692112,-0.2685422,-0.27576602,-0.2546957,-0.25407165,0.46320346,0.4824859,10.025962138765362,76.16918600307096,5096.0,Kochi,11,"{""type"":""MultiPoint"",""coordinates"":[]}",-23.46582810739894,-35.954814246052294,-24.145601533638946,-36.67293589004719
1_2_97_0_1_2_97_0,0.23775,0.2567,0.13325,0.1458,0.0565,0.0542,0.0721,0.0737,0.066,0.0679,0.2646,0.2654,5,2,-0.53461355,-0.5538741,-0.05344879,-0.016663475,0.60072595,0.5925593,-0.57172555,-0.56531996,9.757725194927271,76.42331939694837,5097.0,Kochi,11,"{""type"":""MultiPoint"",""coordinates"":[]}",-8.663976752015586,-13.158503556978731,-8.31713156822431,-14.240620905254184
1_2_98_0_1_2_98_0,0.1899,0.1443,0.112,0.1019,0.0572,0.0606,0.0706,0.0734,0.0625,0.0594,0.2452,0.1412,6,6,-0.45796546,-0.32567754,-0.12709722,0.010858144,0.59376013,0.40777668,-0.5528816,-0.31593663,9.863187409282904,76.3130062800585,5098.0,Kochi,11,"{""type"":""MultiPoint"",""coordinates"":[]}",-12.34912000671552,-18.20529970100275,-10.427044456731767,-17.558088288224145
1_2_99_0_1_2_99_0,0.0131,0.014,0.00855,0.0111,0.0761,0.068,0.07265,0.0646,0.04295,0.0386,0.02695,0.0237,0,0,0.69446063,0.6437659,-0.34581771,-0.25729442,-0.22889842,-0.23916534,0.45883533,0.46319366,9.991736326440408,76.16936566612779,5099.0,Kochi,11,"{""type"":""MultiPoint"",""coordinates"":[]}",-23.555566927288922,-37.265726226463215,-24.492807206349397,-34.968003558871445
1_2_100_0_1_2_100_0,0.0113,0.01365,0.0073,0.01,0.0632,0.06315,0.0568,0.0566,0.0361,0.035,0.0249,0.02165,0,0,0.6681351,0.6113879,-0.3756906,-0.2266289,-0.18360655,-0.23565754,0.39045286,0.44664538,9.777757625763137,76.2453631391643,5100.0,Kochi,11,"{""type"":""MultiPoint"",""coordinates"":[]}",-23.52106993271773,-34.74108177136157,-24.78845939567472,-34.57133494019163
1_2_101_0_1_2_101_0,0.0149,0.0132,0.0093,0.0103,0.07745,0.0695,0.07485,0.0665,0.0448,0.0387,0.0279,0.0239,0,0,0.66796654,0.66875786,-0.30373833,-0.2884097,-0.23246217,-0.23642172,0.4569343,0.47123894,10.00943313753756,76.17852848202581,5101.0,Kochi,11,"{""type"":""MultiPoint"",""coordinates"":[]}",-23.274680482919322,-34.29507242681906,-23.03912691655627,-38.01152173449012
1_2_102_0_1_2_102_0,0.24295,0.3386,0.142,0.22075,0.0522,0.07555,0.0625,0.10125,0.06215,0.1357,0.2809,0.2436,1,6,-0.59076774,-0.53961575,-0.0724444,0.16317417,0.6376622,0.2844714,-0.635993,-0.41278818,9.917894810085784,76.40562258585122,5102.0,Kochi,11,"{""type"":""MultiPoint"",""coordinates"":[]}",-8.40242148149836,-14.26410097663658,-10.020171104809098,-18.659116541489354
1_2_103_0_1_2_103_0,0.01,0.0128,0.0066,0.0082,0.061,0.0562,0.0675,0.065,0.04805,0.0465,0.02555,0.0292,0,0,0.7419355,0.6709511,-0.43741208,-0.3904762,-0.30570653,-0.22853369,0.45083287,0.38004246,9.85932465356119,76.37561885536164,5103.0,Kochi,11,"{""type"":""MultiPoint"",""coordinates"":[]}",-21.431387960392122,-29.78433297701539,-20.5321251830416,-28.500936837880495
1_2_104_0_1_2_104_0,0.165,0.1842,0.10635,0.1159,0.0567,0.0634,0.07165,0.0818,0.0662,0.0751,0.214,0.2534,6,6,-0.3944644,-0.3849624,-0.1292876,-0.15813528,0.52748036,0.54277015,-0.49833712,-0.51193315,9.970446254206776,76.34175236915033,5104.0,Kochi,11,"{""type"":""MultiPoint"",""coordinates"":[]}",-6.307492728754168,-12.651738770455722,-6.331163188244996,-11.474394943586146
1_2_105_0_1_2_105_0,0.01255,0.0152,0.0078,0.0119,0.0792,0.0695,0.0819,0.07,0.0539,0.0453,0.0286,0.0266,0,0,0.7342509,0.64319247,-0.39003646,-0.27272728,-0.30666667,-0.26008344,0.48235294,0.44927537,9.977453113422907,76.19856091286167,5105.0,Kochi,11,"{""type"":""MultiPoint"",""coordinates"":[]}",-22.489543173268935,-34.16050265004472,-22.84696793751054,-36.44487610285668
1_2_106_0_1_2_106_0,0.1007,0.1254,0.0553,0.07155,0.0482,0.04955,0.0626,0.06425,0.0454,0.051,0.2008,0.2057,0,4,-0.23331292,-0.32243606,-0.33200663,-0.24252492,0.6311942,0.60264903,-0.5246773,-0.5239859,9.824470020537351,76.3047417794446,5106.0,Kochi,11,"{""type"":""MultiPoint"",""coordinates"":[]}",-9.142585661479039,-14.388863993272398,-8.592458573629271,-14.462994211990637
1_2_107_0_1_2_107_0,0.0453,0.0442,0.02465,0.0226,0.0587,0.0553,0.0642,0.0626,0.05485,0.0521,0.0592,0.061,3,3,0.17260274,0.17228465,-0.13301435,-0.15969582,0.038141165,0.07869142,0.040518638,0.012944984,10.025782475708535,76.26270062414781,5107.0,Kochi,11,"{""type"":""MultiPoint"",""coordinates"":[]}",-13.590910237064513,-19.985164082675347,-14.35459647033162,-20.95720060605753
1_2_108_0_1_2_108_0,0.0185,0.0135,0.0103,0.0109,0.083,0.0717,0.0789,0.0725,0.0504,0.0425,0.0311,0.0247,0,0,0.6201232,0.68604654,-0.25403225,-0.29319373,-0.23680982,-0.26488096,0.43454546,0.49176955,9.92562032152921,76.22533070832843,5108.0,Kochi,11,"{""type"":""MultiPoint"",""coordinates"":[]}",-22.94957011551245,-33.88783479762034,-23.34163355923863,-32.76922572885206
1_2_109_0_1_2_109_0,0.01475,0.0162,0.0096,0.0109,0.0814,0.0684,0.0821,0.072,0.0537,0.0462,0.03015,0.026,0,0,0.69540524,0.63265306,-0.3429844,-0.23222749,-0.28085867,-0.2797784,0.46280622,0.46938777,9.949605339615202,76.21769502841342,5109.0,Kochi,11,"{""type"":""MultiPoint"",""coordinates"":[]}",-21.892088040451284,-31.236897599483328,-23.24683436642477,-32.77831691886311
1_2_110_0_1_2_110_0,0.1917,0.1958,0.1265,0.1342,0.0696,0.0688,0.0914,0.0809,0.073,0.0697,0.2386,0.2316,6,6,-0.35429177,-0.41525117,-0.108993724,-0.08376228,0.53145057,0.5373382,-0.4460606,-0.48224,9.930830550177104,76.26305995026145,5110.0,Kochi,11,"{""type"":""MultiPoint"",""coordinates"":[]}",-6.388472531497758,-11.95301841909527,-7.205689591817082,-12.463592024352629
1_2_111_0_1_2_111_0,0.01445,0.0149,0.00865,0.0108,0.0795,0.0701,0.0676,0.0677,0.0429,0.038,0.0256,0.0248,0,0,0.64777577,0.6392252,-0.278402,-0.24937028,-0.25255474,-0.21019109,0.45064378,0.46378377,10.02174005693,76.1709826336392,5111.0,Kochi,11,"{""type"":""MultiPoint"",""coordinates"":[]}",-22.855747395106633,-34.88533398330528,-24.128317856561992,-35.937488073351794
1_2_112_0_1_2_112_0,0.1292,0.088,0.04735,0.0517,0.0543,0.0556,0.0783,0.0678,0.04755,0.0572,0.359,0.1322,1,3,-0.2453012,-0.12965341,-0.47070873,-0.20072661,0.76608044,0.39598733,-0.64189345,-0.322,9.994341440764352,76.2295527901638,5112.0,Kochi,11,"{""type"":""MultiPoint"",""coordinates"":[]}",-7.772934704074247,-13.093077790406836,-7.445567357285125,-16.403677490305615
1_2_113_0_1_2_113_0,0.28675,0.2098,0.17415,0.161,0.06515,0.1624,0.08125,0.178,0.09105,0.1786,0.2649,0.2366,1,6,-0.55842394,-0.08200103,0.03960845,-0.060035843,0.4884113,0.13969171,-0.53055036,-0.14134105,10.036831753703208,76.36906115378756,5113.0,Kochi,11,"{""type"":""MultiPoint"",""coordinates"":[]}",-9.72560950047147,-15.323433486478647,-8.94184476287234,-12.60615049040286
1_2_114_0_1_2_114_0,0.0129,0.0166,0.0085,0.0109,0.0782,0.0712,0.0744,0.0684,0.0447,0.0444,0.0283,0.0231,0,0,0.70446736,0.6094118,-0.37378642,-0.16372795,-0.22465754,-0.31555554,0.44888023,0.49508196,9.934244148256758,76.21050850614046,5114.0,Kochi,11,"{""type"":""MultiPoint"",""coordinates"":[]}",-23.021937516033063,-35.88236904220469,-24.262650486293452,-36.252024311803865
1_2_115_0_1_2_115_0,0.0106,0.0131,0.0079,0.0098,0.064,0.065,0.0657,0.0718,0.0498,0.0522,0.025,0.0254,0,0,0.72214943,0.69140166,-0.40449437,-0.3194805,-0.3315508,-0.34536082,0.44873208,0.47736627,9.908013341960467,76.30007053996718,5115.0,Kochi,11,"{""type"":""MultiPoint"",""coordinates"":[]}",-21.893980057632184,-29.64085366208647,-21.033851767189297,-28.265372251696004
1_2_116_0_1_2_116_0,0.2016,0.2008,0.1059,0.1013,0.04705,0.0508,0.0767,0.0732,0.0567,0.0505,0.2959,0.3082,1,1,-0.44879627,-0.46569344,-0.18954773,-0.21100196,0.67838913,0.71842766,-0.58829844,-0.61615103,10.087856061841196,76.32935561822947,5116.0,Kochi,11,"{""type"":""MultiPoint"",""coordinates"":[]}",-6.251217841387073,-13.18036347976874,-6.448347662811394,-13.320879080405403
1_2_117_0_1_2_117_0,0.1728,0.1688,0.11145,0.1049,0.06945,0.0749,0.08995,0.0888,0.09065,0.0896,0.2001,0.1832,6,6,-0.31531873,-0.310559,-0.07320998,-0.04090909,0.37644023,0.3431085,-0.3797621,-0.34705883,9.975656482854667,76.33762011884338,5117.0,Kochi,11,"{""type"":""MultiPoint"",""coordinates"":[]}",-7.7797102294324105,-13.62351420112815,-8.305219925200472,-12.841117494288499
1_2_118_0_1_2_118_0,0.0138,0.0144,0.0117,0.011,0.0832,0.0763,0.0782,0.0749,0.0497,0.0472,0.0288,0.0287,0,0,0.7,0.6774916,-0.35211268,-0.33178654,-0.26624203,-0.24374177,0.46168223,0.44594595,9.936400104938643,76.22533070832843,5118.0,Kochi,11,"{""type"":""MultiPoint"",""coordinates"":[]}",-21.241413019236333,-31.091567069469505,-23.962444345013054,-31.605089146520964
1_2_119_0_1_2_119_0,0.1806,0.2018,0.1196,0.1519,0.0533,0.0773,0.06745,0.0935,0.06015,0.0905,0.2303,0.263,6,6,-0.45615804,-0.36674568,-0.12095401,-0.13166954,0.58581513,0.48797736,-0.5469353,-0.47545582,9.99407194617912,76.34130321150826,5119.0,Kochi,11,"{""type"":""MultiPoint"",""coordinates"":[]}",-6.444795607618172,-13.401326327178088,-5.790198946756102,-14.81313180581684
1_2_120_0_1_2_120_0,0.0791,0.1051,0.0371,0.0511,0.0518,0.0418,0.06215,0.0604,0.0453,0.0382,0.1891,0.2424,6,6,-0.12,-0.27009064,-0.41014168,-0.39510792,0.6134812,0.7277263,-0.50527364,-0.6010568,10.01482302924228,76.21958149051007,5120.0,Kochi,11,"{""type"":""MultiPoint"",""coordinates"":[]}",-8.104731493607847,-14.637778869040073,-8.235634558785591,-13.731746864848397
1_2_121_0_1_2_121_0,0.1944,0.205,0.10295,0.129,0.03775,0.071,0.05085,0.0843,0.03895,0.0896,0.2783,0.247,1,6,-0.5853211,-0.41721398,-0.17749101,-0.092920355,0.75445235,0.46761736,-0.69102234,-0.4910957,10.064859190567736,76.42628383738597,5121.0,Kochi,11,"{""type"":""MultiPoint"",""coordinates"":[]}",-9.12067125165769,-14.265845996024016,-10.92706007839394,-15.941969022743645
1_2_122_0_1_2_122_0,0.0132,0.0155,0.0092,0.0098,0.0759,0.0665,0.06905,0.0608,0.04325,0.035,0.0257,0.0239,0,0,0.6790274,0.59370905,-0.32133675,-0.21319798,-0.25453228,-0.18845502,0.4575198,0.43565527,9.9563427042461,76.16083167092866,5122.0,Kochi,11,"{""type"":""MultiPoint"",""coordinates"":[]}",-23.646332802276177,-38.10728565232174,-24.57963244536114,-37.69966602487189
1_2_123_0_1_2_123_0,0.2183,0.2071,0.16575,0.1415,0.06555,0.0619,0.0771,0.0797,0.0737,0.0714,0.2587,0.274,6,6,-0.47799593,-0.444212,-0.08469602,-0.13905632,0.5565584,0.5865663,-0.54079807,-0.5493356,9.962181753592876,76.34363883124698,5123.0,Kochi,11,"{""type"":""MultiPoint"",""coordinates"":[]}",-7.461179424862024,-13.194873502680629,-5.638814910625339,-13.312778365179943
1_2_124_0_1_2_124_0,0.0127,0.0149,0.0077,0.0107,0.0739,0.0648,0.0688,0.0632,0.0416,0.0383,0.0243,0.0234,0,0,0.6883436,0.6184379,-0.31351352,-0.22193211,-0.26251897,-0.24149108,0.47798067,0.4595843,9.884836807630183,76.23054093697633,5124.0,Kochi,11,"{""type"":""MultiPoint"",""coordinates"":[]}",-23.841964211238803,-36.45807387364439,-26.467251931757225,-34.26388263530355
1_2_125_0_1_2_125_0,0.02,0.0268,0.0129,0.0169,0.0583,0.0588,0.065,0.0654,0.0477,0.0497,0.04,0.0484,0,0,0.5294118,0.4186551,-0.33333334,-0.28723404,-0.08779932,-0.013251784,0.23809524,0.14938489,9.940083197603537,76.30411295874572,5125.0,Kochi,11,"{""type"":""MultiPoint"",""coordinates"":[]}",-19.14705493558254,-25.08847287270828,-18.258472377096528,-25.838747064798348
1_2_126_0_1_2_126_0,0.15395,0.1372,0.10235,0.085,0.07515,0.0657,0.09155,0.084,0.0832,0.0755,0.223,0.2124,0,0,-0.25417516,-0.24050634,-0.1831808,-0.21510297,0.45656434,0.47551233,-0.4178986,-0.4331984,10.069081272403098,76.22919346405014,5126.0,Kochi,11,"{""type"":""MultiPoint"",""coordinates"":[]}",-14.268917218410126,-19.342077808329957,-8.888740617461357,-15.582710078622572
1_2_127_0_1_2_127_0,0.2335,0.2357,0.1678,0.171,0.0561,0.0644,0.0754,0.0925,0.0685,0.0712,0.2849,0.3564,6,6,-0.51181614,-0.43631932,-0.09915123,-0.2038507,0.6123373,0.6669785,-0.5814599,-0.5878815,9.970805580320423,76.38478167125965,5127.0,Kochi,11,"{""type"":""MultiPoint"",""coordinates"":[]}",-7.854429849577361,-13.907987857072444,-6.947261521068632,-14.590750399246772
1_2_128_0_1_2_128_0,0.0146,0.013,0.00955,0.01,0.0811,0.0687,0.0805,0.0698,0.05315,0.0488,0.0316,0.0264,0,0,0.6929548,0.68599033,-0.36796537,-0.3401015,-0.2542773,-0.29787233,0.43621767,0.45114344,9.957600345643865,76.2092508647427,5128.0,Kochi,11,"{""type"":""MultiPoint"",""coordinates"":[]}",-22.46484325991201,-33.658972383566635,-23.37722334402507,-33.18749504630115
1_2_129_0_1_2_129_0,0.2483,0.25,0.1587,0.1534,0.073,0.0722,0.0888,0.092,0.093,0.09875,0.2522,0.2777,6,6,-0.47315335,-0.4619883,-0.007792208,-0.052491948,0.4611819,0.47536194,-0.47917888,-0.5022992,9.932357686160108,76.33151157491136,5129.0,Kochi,11,"{""type"":""MultiPoint"",""coordinates"":[]}",-10.527464742210295,-15.591805385935666,-10.15677232357762,-15.742014705772958
1_2_130_0_1_2_130_0,0.1866,0.187,0.1309,0.1281,0.139,0.0826,0.1552,0.0939,0.147,0.0846,0.2796,0.2396,6,6,-0.09186659,-0.33143467,-0.1994852,-0.123300515,0.31082982,0.47809994,-0.28610855,-0.43688157,9.935591621182937,76.31013167114932,5130.0,Kochi,11,"{""type"":""MultiPoint"",""coordinates"":[]}",-6.403831132714356,-12.840955055392675,-6.163972314540359,-13.326022567609328
1_2_131_0_1_2_131_0,0.19045,0.2093,0.1382,0.1659,0.0581,0.0933,0.07255,0.1051,0.0762,0.1178,0.2255,0.2011,6,6,-0.44828898,-0.33142492,-0.084264934,0.019980507,0.49486244,0.2612104,-0.51316893,-0.31352058,10.096479888568744,76.36852216461709,5131.0,Kochi,11,"{""type"":""MultiPoint"",""coordinates"":[]}",-5.654780875496482,-12.198177954172369,-2.310425115805596,-13.199541568494704
1_2_132_0_1_2_132_0,0.17375,0.1883,0.095,0.1185,0.0523,0.067,0.06685,0.0775,0.04765,0.0677,0.2643,0.2314,6,6,-0.4443059,-0.41685477,-0.20671156,-0.1026924,0.69450235,0.54730856,-0.5962555,-0.4982195,10.058031994408427,76.29998070843877,5132.0,Kochi,11,"{""type"":""MultiPoint"",""coordinates"":[]}",-7.479548790190799,-13.776510437060727,-7.826255185916015,-13.629767139919405
1_2_133_0_1_2_133_0,0.0101,0.0159,0.0077,0.01105,0.0688,0.0584,0.0557,0.0497,0.0305,0.03025,0.016,0.01965,0,0,0.69300914,0.5152439,-0.22605364,-0.10548523,-0.31182796,-0.21242484,0.553696,0.4333093,9.767876157637822,76.21482041950424,5133.0,Kochi,11,"{""type"":""MultiPoint"",""coordinates"":[]}",-24.690576372388097,-37.996381309897714,-24.660022831124706,-36.5692769385739
1_2_134_0_1_2_134_0,0.13955,0.1525,0.0627,0.06525,0.0486,0.05485,0.0612,0.06665,0.04225,0.0453,0.2763,0.2864,1,1,-0.39028642,-0.39174083,-0.32884455,-0.3050809,0.73473555,0.7268616,-0.63733333,-0.62243307,9.908731994187765,76.37148660505468,5134.0,Kochi,11,"{""type"":""MultiPoint"",""coordinates"":[]}",-6.478998846759465,-12.285334468422809,-7.003007613780575,-13.236481228391302
1_2_135_0_1_2_135_0,0.2124,0.1949,0.11755,0.109,0.0563,0.0494,0.0633,0.0634,0.059,0.0562,0.2647,0.2806,6,6,-0.5408052,-0.50909793,-0.10962062,-0.18023133,0.63546497,0.6662708,-0.6140244,-0.63139534,9.820966590929286,76.42116344026648,5135.0,Kochi,11,"{""type"":""MultiPoint"",""coordinates"":[]}",-9.220754515402533,-14.403806550350398,-7.955449330636245,-14.754342400782203
1_2_136_0_1_2_136_0,0.0929,0.0994,0.0482,0.0526,0.0494,0.0521,0.0573,0.0608,0.04845,0.0475,0.122,0.1206,3,0,-0.2370173,-0.24094881,-0.13541181,-0.096363634,0.43150485,0.4348602,-0.36084774,-0.3296582,10.05488789091401,76.26216163497733,5136.0,Kochi,11,"{""type"":""MultiPoint"",""coordinates"":[]}",-10.261409543698278,-17.046986257163034,-8.190124427379128,-17.04510421996613
1_2_137_0_1_2_137_0,0.1596,0.1573,0.0864,0.0942,0.0525,0.048,0.0651,0.0595,0.0507,0.0514,0.2272,0.2258,6,6,-0.42056075,-0.45110703,-0.17476732,-0.17880449,0.6351206,0.6291486,-0.5545672,-0.5828952,9.870733257669508,76.28920092502933,5137.0,Kochi,11,"{""type"":""MultiPoint"",""coordinates"":[]}",-9.85471027272855,-15.970832105421517,-10.394497560711535,-15.948300731916197
1_2_138_0_1_2_138_0,0.1978,0.2243,0.1032,0.1268,0.0493,0.0566,0.0651,0.0758,0.0542,0.0602,0.3384,0.2642,1,1,-0.50475466,-0.49483505,-0.26221558,-0.08167861,0.723892,0.62885326,-0.6773234,-0.5541176,10.026051970293771,76.37346289867975,5138.0,Kochi,11,"{""type"":""MultiPoint"",""coordinates"":[]}",-7.850162729120186,-13.315562888628813,-7.742643927836301,-15.571802095564456
1_2_139_0_1_2_139_0,0.25615,0.2465,0.23405,0.2189,0.1066,0.1328,0.1015,0.1342,0.1038,0.1386,0.1669,0.1888,6,6,-0.43240598,-0.29498294,0.21096797,0.13255227,0.23309937,0.15332927,-0.24366617,-0.16904025,9.96191225900764,76.25272932449408,5139.0,Kochi,11,"{""type"":""MultiPoint"",""coordinates"":[]}",-6.305204303261591,-15.234177187470875,-5.4854431988498,-16.421253233674264
1_2_140_0_1_2_140_0,0.016,0.0167,0.0128,0.0132,0.0542,0.0583,0.043,0.04455,0.0302,0.0285,0.021,0.02135,0,0,0.45762712,0.45469388,-0.13513513,-0.12220762,-0.1796875,-0.1434303,0.34375,0.35204855,9.831926037395544,76.16190964926959,5140.0,Kochi,11,"{""type"":""MultiPoint"",""coordinates"":[]}",-24.60596556293458,-39.70194691943652,-25.07431980521074,-41.3107945295647
1_2_141_0_1_2_141_0,0.0095,0.01575,0.0076,0.01065,0.0557,0.06185,0.0508,0.05395,0.0318,0.0327,0.0187,0.02215,0,0,0.6849088,0.5480631,-0.32624114,-0.16886544,-0.25940594,-0.19234276,0.4618705,0.41787124,9.807581693195903,76.21670688160089,5141.0,Kochi,11,"{""type"":""MultiPoint"",""coordinates"":[]}",-24.311410283671194,-38.18906344056085,-26.003946451970215,-40.31044670193094
1_2_142_0_1_2_142_0,0.23265,0.1855,0.13315,0.0876,0.04785,0.0535,0.0631,0.0728,0.05335,0.0546,0.3011,0.3192,1,1,-0.57328826,-0.43631437,-0.12824357,-0.26490983,0.69897026,0.7078652,-0.6534871,-0.62857145,10.010870441992154,76.35190333186087,5142.0,Kochi,11,"{""type"":""MultiPoint"",""coordinates"":[]}",-7.665367217104624,-13.54208732930612,-9.003587704813025,-14.244709930115324
1_2_143_0_1_2_143_0,0.27465,0.2697,0.2437,0.2429,0.09575,0.168,0.113,0.1858,0.1286,0.2078,0.2078,0.2488,6,6,-0.41699988,-0.1841932,0.13856359,0.040308584,0.23543401,0.08979413,-0.29551122,-0.14496088,10.00242627832143,76.28399069638144,5143.0,Kochi,11,"{""type"":""MultiPoint"",""coordinates"":[]}",-6.852702311933145,-11.718312380281695,-4.238484712616636,-7.4718564264328595
1_2_144_0_1_2_144_0,0.345,0.2177,0.2448,0.1892,0.102,0.0926,0.1466,0.1128,0.2076,0.1282,0.2532,0.1852,6,6,-0.40358016,-0.3173979,0.15346038,0.08066518,0.098958336,0.1818762,-0.2666333,-0.24295302,9.912145592267418,76.2679108527957,5144.0,Kochi,11,"{""type"":""MultiPoint"",""coordinates"":[]}",-10.112930840885777,-18.168356791622635,-5.827489116626705,-13.045109067213154
1_2_145_0_1_2_145_0,0.1723,0.17835,0.0834,0.085,0.053,0.0586,0.0718,0.08155,0.0497,0.0563,0.2811,0.2948,1,1,-0.41171652,-0.37245095,-0.23996471,-0.24611646,0.6995163,0.67929363,-0.5930859,-0.5666268,9.91268458143789,76.37175609963991,5145.0,Kochi,11,"{""type"":""MultiPoint"",""coordinates"":[]}",-7.317731240314665,-13.341112310319627,-8.019550030697275,-13.512031573667628
1_2_146_0_1_2_146_0,0.19575,0.1987,0.09365,0.0983,0.0442,0.047,0.06055,0.0676,0.05025,0.0461,0.3378,0.2986,1,1,-0.5275068,-0.4923019,-0.2662356,-0.20088477,0.74101275,0.73252106,-0.695996,-0.6308028,10.005031392645376,76.44344165931265,5146.0,Kochi,11,"{""type"":""MultiPoint"",""coordinates"":[]}",-8.099634728814216,-14.343585819881575,-8.183233544768822,-14.883842589165239
1_2_147_0_1_2_147_0,0.01445,0.0158,0.0114,0.011,0.07405,0.0653,0.0689,0.0599,0.04015,0.035,0.02695,0.0227,0,0,0.65326935,0.58256274,-0.30193236,-0.17922078,-0.19672132,-0.21317157,0.43766302,0.4503632,9.989041380588048,76.15032138210445,5147.0,Kochi,11,"{""type"":""MultiPoint"",""coordinates"":[]}",-24.619690229133884,-37.65391873455462,-24.77405395189258,-37.18994297110484
1_2_148_0_1_2_148_0,0.0133,0.0178,0.00875,0.0124,0.0747,0.0632,0.0677,0.0598,0.04065,0.036,0.028,0.0239,0,0,0.67160493,0.5412371,-0.3559322,-0.14628297,-0.18426803,-0.20200334,0.41483805,0.4289128,9.977632776479732,76.15104003433174,5148.0,Kochi,11,"{""type"":""MultiPoint"",""coordinates"":[]}",-24.236230387629156,-37.15649459162168,-25.171216126867186,-40.19212159915736
1_2_149_0_1_2_149_0,0.0107,0.0127,0.0078,0.0092,0.0616,0.0626,0.0572,0.05525,0.034,0.0354,0.0195,0.0211,0,0,0.6848306,0.6261957,-0.29139072,-0.24852072,-0.27102804,-0.25309736,0.4915254,0.44728225,9.791142523496518,76.24257836178353,5149.0,Kochi,11,"{""type"":""MultiPoint"",""coordinates"":[]}",-23.389884680290248,-33.55718439325912,-23.73722116040439,-38.509295952143695
1_2_150_0_1_2_150_0,0.0102,0.01255,0.0076,0.00975,0.0567,0.05925,0.0559,0.05025,0.0357,0.02975,0.023,0.0209,0,0,0.6913767,0.6003185,-0.38554215,-0.24962631,-0.21635434,-0.17472853,0.41698352,0.4125088,9.79302898559317,76.21203564212347,5150.0,Kochi,11,"{""type"":""MultiPoint"",""coordinates"":[]}",-25.961566877002973,-35.04726299137789,-24.887336021576235,-38.27658525330891
1_2_151_0_1_2_151_0,0.0151,0.0153,0.0093,0.012,0.075,0.06,0.0612,0.0512,0.039,0.0304,0.0295,0.0195,0,0,0.604194,0.53984964,-0.32286996,-0.12068965,-0.13868614,-0.21843687,0.34950384,0.4483734,9.87315870893663,76.18284039538958,5151.0,Kochi,11,"{""type"":""MultiPoint"",""coordinates"":[]}",-23.80012289060818,-37.509144761628605,-25.79184262397762,-36.121723669853104
1_2_152_0_1_2_152_0,0.23195,0.209,0.1874,0.1762,0.08685,0.0802,0.0941,0.0858,0.09615,0.0774,0.2217,0.2032,6,6,-0.4227879,-0.41791046,0.022594512,0.01407084,0.39499763,0.448325,-0.4040532,-0.40622836,10.03189101964055,76.217605196885,5152.0,Kochi,11,"{""type"":""MultiPoint"",""coordinates"":[]}",-8.85838708162971,-15.264872792338796,-8.584954987003275,-14.303994474795767
1_2_153_0_1_2_153_0,0.23665,0.2209,0.2044,0.1849,0.0875,0.0778,0.0951,0.0866,0.1025,0.086,0.1552,0.1448,6,6,-0.42667672,-0.43674797,0.20786016,0.20809406,0.20450136,0.25476602,-0.24011187,-0.25151253,9.962990237348585,76.29468064826246,5153.0,Kochi,11,"{""type"":""MultiPoint"",""coordinates"":[]}",-9.363379197374092,-14.664570217322144,-7.8762316878956105,-15.520744907916663
1_2_154_0_1_2_154_0,0.0152,0.0169,0.00995,0.0112,0.05635,0.0547,0.05805,0.0625,0.0474,0.0494,0.03465,0.0356,0,0,0.58498293,0.5743073,-0.3901705,-0.35619047,-0.15539305,-0.16235293,0.2524272,0.27420998,10.01527218688434,76.27051596711965,5154.0,Kochi,11,"{""type"":""MultiPoint"",""coordinates"":[]}",-20.479124255383788,-27.153526040338846,-21.196368709636925,-25.873412715861946
1_2_155_0_1_2_155_0,0.03915,0.0169,0.02165,0.0111,0.04965,0.0611,0.055,0.0654,0.0493,0.0522,0.0744,0.031,0,0,0.16834839,0.5893074,-0.31043592,-0.29436326,0.20291026,-0.25480768,-0.14992271,0.35684648,10.07240503895434,76.25937685759656,5155.0,Kochi,11,"{""type"":""MultiPoint"",""coordinates"":[]}",-21.775190568826684,-28.749246805375968,-21.01887941048957,-28.201729361075838
1_2_156_0_1_2_156_0,0.0129,0.0121,0.00875,0.0096,0.0727,0.07,0.06675,0.0664,0.0375,0.0399,0.0255,0.022,0,0,0.67608285,0.6917198,-0.328125,-0.29032257,-0.1904762,-0.28917608,0.44715446,0.5022625,10.040425014839686,76.16397577442306,5156.0,Kochi,11,"{""type"":""MultiPoint"",""coordinates"":[]}",-23.5642034628126,-35.661623379043114,-24.601922912572803,-38.316517854451604
1_2_157_0_1_2_157_0,0.0124,0.0137,0.00795,0.0101,0.0709,0.065,0.0645,0.0656,0.038,0.0392,0.02325,0.0232,0,0,0.6775032,0.65447664,-0.3043478,-0.25745258,-0.24081632,-0.25641027,0.47008547,0.4774775,10.060996434846023,76.16235880691166,5157.0,Kochi,11,"{""type"":""MultiPoint"",""coordinates"":[]}",-24.283707106138795,-33.847938925163746,-24.030970195770568,-38.69785966837491
1_2_158_0_1_2_158_0,0.01545,0.0179,0.01045,0.0121,0.0696,0.0652,0.0747,0.0728,0.0595,0.0565,0.03655,0.0331,0,0,0.65723795,0.6052922,-0.40576923,-0.29803923,-0.23893805,-0.2611607,0.34292135,0.37488195,9.97619547202514,76.26521590694334,5158.0,Kochi,11,"{""type"":""MultiPoint"",""coordinates"":[]}",-21.10254180502288,-27.565747854750306,-20.94820186371868,-26.027592826353583
1_2_159_0_1_2_159_0,0.0105,0.01355,0.0095,0.01035,0.0616,0.05455,0.053,0.04465,0.033,0.02735,0.0248,0.02085,0,0,0.6692913,0.5343643,-0.40509915,-0.2122093,-0.14186852,-0.13485478,0.36246786,0.36335877,9.76868464139353,76.17987595495198,5159.0,Kochi,11,"{""type"":""MultiPoint"",""coordinates"":[]}",-23.94523349295568,-39.50101207621098,-25.400264012735306,-43.50340721835475
1_2_160_0_1_2_160_0,0.2227,0.2255,0.1764,0.186,0.0943,0.0883,0.0822,0.0868,0.0742,0.0784,0.2064,0.201,6,6,-0.46080682,-0.44412425,0.037986483,0.057444315,0.4711333,0.4387974,-0.43035343,-0.39680335,9.914481212006129,76.2717736085174,5160.0,Kochi,11,"{""type"":""MultiPoint"",""coordinates"":[]}",-8.356368193302401,-13.46292285651845,-7.4598469311531925,-13.166930043930847
1_2_161_0_1_2_161_0,0.32225,0.31735,0.2402,0.2421,0.0737,0.092,0.09425,0.1244,0.1165,0.1743,0.2134,0.2601,6,6,-0.54741895,-0.43678552,0.20321105,0.09914278,0.29372537,0.19751382,-0.38729075,-0.35292587,10.058481152050488,76.35998816941795,5161.0,Kochi,11,"{""type"":""MultiPoint"",""coordinates"":[]}",-5.264931398715781,-17.507181524046068,-6.5392745434180135,-17.00716130614959
1_2_162_0_1_2_162_0,0.0103,0.01455,0.0073,0.01075,0.0542,0.0562,0.0452,0.0474,0.0287,0.0289,0.0175,0.0211,0,0,0.6288288,0.53026634,-0.2589928,-0.18373072,-0.24242425,-0.156,0.4417863,0.38394162,9.79536460533188,76.19775242910596,5162.0,Kochi,11,"{""type"":""MultiPoint"",""coordinates"":[]}",-24.49535198946269,-37.070985151932405,-24.920715528266236,-41.60546907239426
1_2_163_0_1_2_163_0,0.03435,0.0445,0.02595,0.0349,0.06695,0.063,0.0697,0.0738,0.05775,0.0594,0.0413,0.0461,0,0,0.3397405,0.2476754,-0.09187046,-0.017660044,-0.16607773,-0.12606636,0.25585586,0.23102586,10.093874774244798,76.21338311504964,5163.0,Kochi,11,"{""type"":""MultiPoint"",""coordinates"":[]}",-19.84364563718303,-28.020914707385604,-20.799182394629035,-26.06160790172649
1_2_164_0_1_2_164_0,0.0128,0.0125,0.00985,0.0101,0.0797,0.0717,0.0708,0.069,0.04075,0.0385,0.0255,0.0229,0,0,0.6937799,0.69325155,-0.33159268,-0.2937853,-0.23018868,-0.25407165,0.47040498,0.5016322,10.028746916146131,76.1754742100598,5164.0,Kochi,11,"{""type"":""MultiPoint"",""coordinates"":[]}",-22.942595002823246,-35.65776985624129,-22.930042950092393,-33.51074799374703
1_2_165_0_1_2_165_0,0.26965,0.226,0.15815,0.1283,0.0506,0.0559,0.0697,0.0748,0.06475,0.0606,0.3682,0.3464,1,1,-0.5892147,-0.50265956,-0.1545034,-0.21034242,0.7008892,0.7022113,-0.6816625,-0.6448243,10.038089395100975,76.42987709852245,5165.0,Kochi,11,"{""type"":""MultiPoint"",""coordinates"":[]}",-8.547348972448347,-16.037226677789395,-7.447075962334704,-14.627380558277508
1_2_166_0_1_2_166_0,0.2972,0.2354,0.2521,0.1363,0.1052,0.0626,0.1426,0.074,0.184,0.0691,0.2403,0.3016,6,6,-0.35152343,-0.52165484,0.105860464,-0.12327747,0.13268913,0.6271918,-0.255158,-0.60596377,9.958049503285926,76.38029009483905,5166.0,Kochi,11,"{""type"":""MultiPoint"",""coordinates"":[]}",-3.889517438267832,-11.27985079006037,-9.34025852729727,-13.245793628516893
1_2_167_0_1_2_167_0,0.1909,0.2372,0.11415,0.1435,0.0548,0.0835,0.07045,0.1017,0.06555,0.0975,0.2423,0.2648,1,6,-0.46087623,-0.39982295,-0.11865189,-0.05498008,0.57414323,0.46177202,-0.54948044,-0.44502047,9.860043305788484,76.41101247755594,5167.0,Kochi,11,"{""type"":""MultiPoint"",""coordinates"":[]}",-7.401845532700276,-13.583309624626338,-6.975644341010953,-13.35297693429112
1_2_168_0_1_2_168_0,0.01845,0.0189,0.013,0.0146,0.0673,0.068,0.0619,0.0648,0.03945,0.0428,0.0275,0.0244,0,0,0.5407592,0.5483871,-0.1969532,-0.12702079,-0.17849141,-0.27380952,0.38478747,0.4529148,10.098456182193807,76.15184851808746,5168.0,Kochi,11,"{""type"":""MultiPoint"",""coordinates"":[]}",-22.646378554510385,-35.03130925176463,-23.919583835353862,-40.445587259185245
1_2_169_0_1_2_169_0,0.2622,0.306,0.20595,0.2594,0.0767,0.1038,0.0952,0.1148,0.10075,0.1476,0.2382,0.2276,6,6,-0.46726358,-0.4543726,0.04796163,0.14692654,0.40551704,0.21321961,-0.42891422,-0.32943925,9.957241019530215,76.25524460728961,5169.0,Kochi,11,"{""type"":""MultiPoint"",""coordinates"":[]}",-5.869020573636235,-12.715432358134521,-6.598506956489261,-13.280404554664953
1_2_170_0_1_2_170_0,0.1814,0.1806,0.0853,0.0877,0.03415,0.0396,0.0531,0.0594,0.0359,0.0345,0.3194,0.3372,1,1,-0.5471215,-0.505,-0.2755591,-0.30243337,0.79791725,0.8143664,-0.7148993,-0.7004539,10.000629647753192,76.44389081695472,5170.0,Kochi,11,"{""type"":""MultiPoint"",""coordinates"":[]}",-7.858910141537853,-13.831390866445755,-7.331621133842141,-13.562830311422866
1_2_171_0_1_2_171_0,0.015,0.0121,0.0104,0.0093,0.0676,0.0589,0.0678,0.0602,0.0403,0.0352,0.023,0.02395,0,0,0.6376812,0.66528356,-0.21052632,-0.32871014,-0.27330175,-0.19019443,0.49339208,0.43077838,9.761228624535338,76.26467691777287,5171.0,Kochi,11,"{""type"":""MultiPoint"",""coordinates"":[]}",-22.87554682763065,-33.576894363005096,-23.708865108918,-32.60938107670824
1_2_172_0_1_2_172_0,0.19425,0.2221,0.10355,0.1139,0.0517,0.05,0.06435,0.0614,0.0528,0.0439,0.2899,0.3464,1,1,-0.5023202,-0.56684303,-0.19756274,-0.21864556,0.69185877,0.77504486,-0.63669723,-0.69887197,9.822134400798642,76.43311103354527,5172.0,Kochi,11,"{""type"":""MultiPoint"",""coordinates"":[]}",-6.312020151851271,-12.338963220349992,-5.606418351238522,-11.86543244707992
1_2_173_0_1_2_173_0,0.24365,0.1949,0.1808,0.1508,0.0774,0.0722,0.1031,0.09,0.1023,0.086,0.2586,0.2072,6,6,-0.40533525,-0.36819938,-0.029766053,-0.030589405,0.43308395,0.41336972,-0.4299143,-0.39434725,10.084442463761542,76.35720339203718,5173.0,Kochi,11,"{""type"":""MultiPoint"",""coordinates"":[]}",-8.427355748629978,-14.748669024258211,-6.668734512892096,-15.248421340367361
1_2_174_0_1_2_174_0,0.159,0.1959,0.08315,0.118,0.05275,0.0572,0.0681,0.0736,0.04625,0.0614,0.282,0.3042,1,6,-0.4002642,-0.45380333,-0.27891156,-0.21655668,0.7182026,0.66411376,-0.6109683,-0.6103759,9.807491861667494,76.38621897571424,5174.0,Kochi,11,"{""type"":""MultiPoint"",""coordinates"":[]}",-8.507631242186262,-13.61572608726052,-8.038804404750037,-15.760265455071806
1_2_175_0_1_2_175_0,0.15725,0.2144,0.08515,0.1199,0.0538,0.0638,0.0663,0.0871,0.05,0.0979,0.2621,0.3688,1,1,-0.4068441,-0.42222223,-0.2500298,-0.26474622,0.67958987,0.5804585,-0.5962241,-0.61789864,9.788986566814632,76.37525952924798,5175.0,Kochi,11,"{""type"":""MultiPoint"",""coordinates"":[]}",-7.173475258104701,-14.70213865365893,-8.851086795545962,-16.07741289751749
1_2_176_0_1_2_176_0,0.0118,0.014,0.0082,0.0096,0.0618,0.0558,0.0656,0.0652,0.0484,0.0462,0.0262,0.0284,0,0,0.6950904,0.64646465,-0.37894738,-0.33962265,-0.29758713,-0.2386059,0.4291939,0.3931624,9.8721705621241,76.27114478781853,5176.0,Kochi,11,"{""type"":""MultiPoint"",""coordinates"":[]}",-22.769395263393992,-30.758348009251293,-22.49512365651196,-33.272276299425236
1_2_177_0_1_2_177_0,0.0157,0.0123,0.0129,0.0106,0.0665,0.0566,0.0527,0.0438,0.0297,0.027,0.0253,0.0203,0,0,0.5409357,0.56149733,-0.23414634,-0.24539877,-0.08,-0.14164905,0.35128206,0.36661467,9.76410323344452,76.18050477565087,5177.0,Kochi,11,"{""type"":""MultiPoint"",""coordinates"":[]}",-24.439283012048556,-45.071707091840466,-25.23477531182955,-41.562328624312
1_2_178_0_1_2_178_0,0.02285,0.0265,0.01385,0.0143,0.06285,0.0598,0.0677,0.0698,0.0539,0.0565,0.0415,0.049,0,0,0.49530646,0.44963655,-0.2898213,-0.29801324,-0.12997903,-0.07109005,0.23992674,0.17508417,10.093156122017502,76.21643738701565,5178.0,Kochi,11,"{""type"":""MultiPoint"",""coordinates"":[]}",-15.961674870635807,-22.090896413300378,-14.411227702299051,-20.94381201443106
1_2_179_0_1_2_179_0,0.09115,0.1002,0.05055,0.0525,0.0599,0.0546,0.06405,0.0625,0.04675,0.0416,0.136,0.1412,3,3,-0.1746134,-0.23171481,-0.19744661,-0.16984259,0.4883721,0.54485774,-0.3596601,-0.38635248,9.837585423685498,76.35163383727564,5179.0,Kochi,11,"{""type"":""MultiPoint"",""coordinates"":[]}",-9.080352112386347,-15.83233282510081,-8.674430842892033,-16.211030722348777
1_2_180_0_1_2_180_0,0.1888,0.2073,0.0966,0.1023,0.0459,0.0515,0.05905,0.0635,0.0446,0.04865,0.2983,0.2555,1,6,-0.5235021,-0.5310192,-0.22479984,-0.10414866,0.73986584,0.68009204,-0.6695117,-0.60188085,9.862738251640844,76.42691265808486,5180.0,Kochi,11,"{""type"":""MultiPoint"",""coordinates"":[]}",-9.677229965141214,-15.454040181020417,-9.515741725998941,-15.422974641713893
1_2_181_0_1_2_181_0,0.24205,0.2459,0.1704,0.1519,0.07435,0.0628,0.0855,0.0822,0.0891,0.0986,0.2268,0.27,6,6,-0.4779423,-0.49893326,0.032526396,-0.04671448,0.43589744,0.46500272,-0.45244956,-0.53321975,9.753592944620324,76.36385092513966,5181.0,Kochi,11,"{""type"":""MultiPoint"",""coordinates"":[]}",-10.53524466914503,-16.049712499804222,-10.010620657340523,-16.463988243381635
1_2_182_0_1_2_182_0,0.1875,0.1792,0.13905,0.1471,0.0742,0.0725,0.0809,0.0864,0.07125,0.0818,0.2352,0.1992,6,6,-0.3971684,-0.3493976,-0.11284599,-0.052854124,0.5349975,0.4177936,-0.48813668,-0.394958,9.94951550808679,76.25578359646009,5182.0,Kochi,11,"{""type"":""MultiPoint"",""coordinates"":[]}",-7.4505832248241415,-13.93292347204952,-6.956351318033757,-13.083832227286214
1_2_183_0_1_2_183_0,0.0166,0.0176,0.0122,0.0122,0.0646,0.0672,0.0706,0.0741,0.0578,0.0562,0.0361,0.0327,0,0,0.61926603,0.6161396,-0.370019,-0.3001988,-0.23109691,-0.26434195,0.32333645,0.38764045,9.935142463540878,76.29171620782486,5183.0,Kochi,11,"{""type"":""MultiPoint"",""coordinates"":[]}",-20.6492246259335,-28.012491888643147,-20.544248944646654,-28.30267428443818
1_2_184_0_1_2_184_0,0.0106,0.01575,0.0077,0.01205,0.0636,0.0585,0.0546,0.0467,0.0302,0.0297,0.0212,0.01835,0,0,0.67484665,0.49559647,-0.33333334,-0.076246336,-0.17509727,-0.23621228,0.44063324,0.4358186,9.769762619734474,76.21410176727694,5184.0,Kochi,11,"{""type"":""MultiPoint"",""coordinates"":[]}",-24.976070371416355,-36.84753803916935,-24.15402698524124,-34.97844271774702
1_2_185_0_1_2_185_0,0.20135,0.1937,0.10615,0.0936,0.0453,0.0572,0.06525,0.0871,0.05265,0.049,0.2551,0.3572,1,1,-0.51050264,-0.37962964,-0.1177566,-0.29678708,0.6578392,0.75873953,-0.59263307,-0.60792255,9.958139334814335,76.39376482410084,5185.0,Kochi,11,"{""type"":""MultiPoint"",""coordinates"":[]}",-9.344675596067667,-13.767706413824577,-8.7125169613512,-14.105729756041752
1_2_186_0_1_2_186_0,0.18325,0.2109,0.102,0.1365,0.04375,0.0524,0.0558,0.0723,0.04445,0.0578,0.2301,0.2878,6,6,-0.53315204,-0.4894068,-0.1133422,-0.15420093,0.6761974,0.6655093,-0.6096537,-0.5984449,10.036652090646385,76.36061699011684,5186.0,Kochi,11,"{""type"":""MultiPoint"",""coordinates"":[]}",-5.869697811532646,-12.218080613228505,-5.9355475327947715,-12.377578077957022
1_2_187_0_1_2_187_0,0.2328,0.25465,0.1878,0.2101,0.0889,0.09795,0.1118,0.1186,0.1316,0.16,0.2546,0.2437,6,6,-0.35113174,-0.364501,-0.044727124,0.02197251,0.31848782,0.20733218,-0.389738,-0.34529397,9.809378323764143,76.31237745935961,5187.0,Kochi,11,"{""type"":""MultiPoint"",""coordinates"":[]}",-10.71838017240161,-17.2493714825996,-9.766204694042756,-17.070358561345746
1_2_188_0_1_2_188_0,0.0144,0.0132,0.008,0.0092,0.0752,0.0617,0.0664,0.0568,0.045,0.0361,0.026,0.0225,0,0,0.64356434,0.62285715,-0.28712872,-0.26050422,-0.26760563,-0.2320819,0.43722942,0.43253466,9.896694569380562,76.20197451094133,5188.0,Kochi,11,"{""type"":""MultiPoint"",""coordinates"":[]}",-23.01461559025653,-34.68548820743117,-24.76366798119017,-39.29313318534077
1_2_189_0_1_2_189_0,0.035,0.0214,0.0204,0.0156,0.0832,0.0774,0.087,0.0817,0.062,0.0578,0.0453,0.0364,0,0,0.4262295,0.5848691,-0.12826899,-0.25951558,-0.1556384,-0.22717622,0.31519273,0.38357323,9.909360814886648,76.25290898755091,5189.0,Kochi,11,"{""type"":""MultiPoint"",""coordinates"":[]}",-23.120461866293113,-30.098578483280324,-22.39875661876078,-30.04143642413489
1_2_190_0_1_2_190_0,0.2295,0.3317,0.1218,0.2129,0.0459,0.0598,0.0621,0.0834,0.04785,0.0809,0.3076,0.2902,1,6,-0.5740741,-0.5981691,-0.14541054,0.06673098,0.7307638,0.56399894,-0.66405195,-0.5535332,9.98778373919028,76.42817029948262,5190.0,Kochi,11,"{""type"":""MultiPoint"",""coordinates"":[]}",-8.551247206384616,-14.515563343899647,-11.041502418933856,-17.053123363561756
1_2_191_0_1_2_191_0,0.09665,0.1849,0.0443,0.0969,0.05135,0.0584,0.05695,0.0682,0.04125,0.0565,0.1772,0.2678,1,1,-0.25846353,-0.46108258,-0.29413912,-0.18312348,0.6223392,0.6515572,-0.5135597,-0.5940476,9.833722667963784,76.39547162314066,5191.0,Kochi,11,"{""type"":""MultiPoint"",""coordinates"":[]}",-8.99539350523706,-15.237156518147259,-7.362837961297716,-14.276461251805202
1_2_192_0_1_2_192_0,0.20235,0.1874,0.19735,0.1735,0.1155,0.1022,0.1378,0.1168,0.1434,0.1214,0.1818,0.1676,6,6,-0.18976922,-0.23208416,0.05349473,0.055774648,0.11808118,0.1598616,-0.1376721,-0.17862166,10.00799583308297,76.36456957736696,5192.0,Kochi,11,"{""type"":""MultiPoint"",""coordinates"":[]}",0.918171705703561,-7.298468338233212,-1.8384820275326008,-8.827525252260358
1_2_193_0_1_2_193_0,0.16775,0.1771,0.0824,0.092,0.046,0.0458,0.0663,0.0654,0.0418,0.0414,0.3345,0.3144,4,4,-0.4334544,-0.46061856,-0.33200598,-0.27934894,0.77783686,0.767285,-0.6691617,-0.65560824,9.853395772686,76.44029755581823,5193.0,Kochi,11,"{""type"":""MultiPoint"",""coordinates"":[]}",-11.925749799190946,-19.25962609812821,-11.740476308450207,-18.525555260766712
1_2_194_0_1_2_194_0,0.17155,0.21925,0.10305,0.1504,0.05705,0.0607,0.0759,0.079,0.05545,0.0682,0.2832,0.2668,6,6,-0.38654274,-0.4702431,-0.24551952,-0.09782944,0.67252326,0.59283584,-0.5772765,-0.5430885,9.937747577864824,76.35271181561659,5194.0,Kochi,11,"{""type"":""MultiPoint"",""coordinates"":[]}",-7.069728765805836,-14.191326053449954,-6.790769806861741,-13.933206489402421
1_2_195_0_1_2_195_0,0.0091,0.0165,0.0066,0.0108,0.055,0.06085,0.051,0.0534,0.0304,0.0336,0.0213,0.02295,0,0,0.6971714,0.527897,-0.40131578,-0.1634981,-0.17601547,-0.1883289,0.4107884,0.3988212,9.838034581327555,76.21715603924295,5195.0,Kochi,11,"{""type"":""MultiPoint"",""coordinates"":[]}",-24.156975037372927,-37.1907611299159,-25.511325740653472,-39.0561226017937
1_2_196_0_1_2_196_0,0.1465,0.16805,0.0738,0.0984,0.0403,0.0723,0.0602,0.0888,0.048,0.0871,0.2248,0.2224,6,6,-0.4175133,-0.30854586,-0.2108807,-0.13919836,0.6480938,0.4371567,-0.57754385,-0.4293059,9.770481271961769,76.28183473969955,5196.0,Kochi,11,"{""type"":""MultiPoint"",""coordinates"":[]}",-9.26696408534562,-15.955313080192688,-7.6909419871137255,-16.07040910126647
1_2_197_0_1_2_197_0,0.02875,0.0444,0.0163,0.0224,0.0623,0.0534,0.06725,0.0628,0.0534,0.0463,0.0781,0.0982,3,3,0.40104166,0.1716418,-0.46186242,-0.3772791,0.1878327,0.35916954,-0.074647404,-0.21987578,9.978800586349086,76.23584099715264,5197.0,Kochi,11,"{""type"":""MultiPoint"",""coordinates"":[]}",-16.02280054133694,-23.48107347788608,-15.252533155717012,-21.53991547846442
1_2_198_0_1_2_198_0,0.19975,0.2007,0.1814,0.1777,0.0966,0.1238,0.1063,0.13,0.1184,0.1366,0.1406,0.1582,6,6,-0.30534226,-0.21378893,0.17379169,0.11841739,0.08571429,0.073270015,-0.13892265,-0.09784871,10.044018275976164,76.33744045578655,5198.0,Kochi,11,"{""type"":""MultiPoint"",""coordinates"":[]}",-0.49265809596068866,-4.225972111740614,0.06352582109770709,-0.988026353234152
1_2_199_0_1_2_199_0,0.0116,0.0139,0.008,0.0106,0.0732,0.071,0.06865,0.0731,0.04135,0.0429,0.02585,0.0243,0,0,0.7109034,0.6804598,-0.38050735,-0.2722513,-0.23065476,-0.2767857,0.45291007,0.5010267,10.066655821135976,76.17394707407679,5199.0,Kochi,11,"{""type"":""MultiPoint"",""coordinates"":[]}",-22.910634512806674,-36.103142133935165,-23.995951887339437,-35.55132056375709
1_2_200_0_1_2_200_0,0.16805,0.2049,0.08795,0.1117,0.06205,0.0527,0.0728,0.0754,0.05795,0.0597,0.2637,0.3068,1,1,-0.39547437,-0.462005,-0.22154024,-0.19914012,0.63967043,0.67421556,-0.5673106,-0.60544217,9.782698359825796,76.35064569046311,5200.0,Kochi,11,"{""type"":""MultiPoint"",""coordinates"":[]}",-8.21984641854502,-15.022735078177739,-8.15453723710804,-14.52746745830661
1_2_201_0_1_2_201_0,0.2551,0.21745,0.168,0.12495,0.05915,0.06105,0.07025,0.0744,0.0693,0.06605,0.3055,0.3216,6,1,-0.5681574,-0.49014905,-0.089903675,-0.19321027,0.6302028,0.6592287,-0.62608117,-0.6242424,9.862828083169257,76.43787210455112,5201.0,Kochi,11,"{""type"":""MultiPoint"",""coordinates"":[]}",-7.796409745533973,-14.48781817040318,-6.671240095654628,-13.724817823103127
1_2_202_0_1_2_202_0,0.0128,0.0127,0.00825,0.0101,0.0746,0.0719,0.0712,0.0694,0.0425,0.0401,0.02615,0.0231,0,0,0.6952381,0.6906212,-0.34274712,-0.2905028,-0.2381646,-0.26898733,0.46276322,0.50054055,10.03009438907231,76.17511488394615,5202.0,Kochi,11,"{""type"":""MultiPoint"",""coordinates"":[]}",-24.15039247268073,-36.200746733071504,-24.378021026168568,-37.16747704353732
1_2_203_0_1_2_203_0,0.0122,0.0117,0.00845,0.0085,0.0781,0.0667,0.0789,0.0604,0.0499,0.0376,0.02615,0.0226,0,0,0.7321625,0.67545074,-0.3637549,-0.31778425,-0.31229454,-0.24916944,0.50214183,0.4554217,9.958947818570046,76.17879797661104,5203.0,Kochi,11,"{""type"":""MultiPoint"",""coordinates"":[]}",-23.333106273315458,-34.463794552128476,-23.27849054358456,-37.03672521146745
1_2_204_0_1_2_204_0,0.0105,0.0159,0.0074,0.0119,0.0718,0.0634,0.0662,0.063,0.0416,0.0384,0.0237,0.0236,0,0,0.726206,0.59695816,-0.3859649,-0.19493671,-0.27411944,-0.23870967,0.4727475,0.45496535,9.864534882209083,76.24392583470971,5204.0,Kochi,11,"{""type"":""MultiPoint"",""coordinates"":[]}",-23.199259247787804,-35.08049674661086,-24.735459011438714,-34.90782274877392
1_2_205_0_1_2_205_0,0.014,0.0181,0.0087,0.0123,0.0768,0.058,0.0618,0.0514,0.0373,0.0312,0.0252,0.0216,0,0,0.6306069,0.4791367,-0.2857143,-0.08816121,-0.1936,-0.18181819,0.42068964,0.4082192,9.878368937584524,76.2026033316402,5205.0,Kochi,11,"{""type"":""MultiPoint"",""coordinates"":[]}",-24.304878385763317,-36.84926773521552,-23.12118180456139,-38.146748584349446
1_2_206_0_1_2_206_0,0.1564,0.1662,0.07765,0.0847,0.05705,0.0524,0.0694,0.0686,0.054,0.0535,0.2898,0.291,1,1,-0.38529673,-0.4156729,-0.29896906,-0.27296588,0.68586385,0.68940496,-0.61358577,-0.61846495,9.79168151266699,76.36915098531597,5206.0,Kochi,11,"{""type"":""MultiPoint"",""coordinates"":[]}",-7.67942732651024,-14.17713961328742,-8.397928500387998,-14.671064421618873
1_2_207_0_1_2_207_0,0.2113,0.22,0.1594,0.1708,0.0651,0.071,0.0775,0.08,0.101,0.1058,0.2187,0.1918,6,6,-0.4632964,-0.46666667,-0.017209303,0.06847984,0.36815766,0.2889785,-0.47670493,-0.41133186,9.985268456394747,76.29863323551258,5207.0,Kochi,11,"{""type"":""MultiPoint"",""coordinates"":[]}",2.1168633428024473,-1.0111716994989355,4.629710527687024,0.9301788849225017
1_2_208_0_1_2_208_0,0.0142,0.0141,0.009,0.0095,0.0763,0.0641,0.07,0.0552,0.0442,0.0339,0.0249,0.0214,0,0,0.66270787,0.5930736,-0.2736573,-0.2056338,-0.27930537,-0.22603978,0.4752371,0.44125327,9.888969057937134,76.20143552177086,5208.0,Kochi,11,"{""type"":""MultiPoint"",""coordinates"":[]}",-24.837902211820364,-36.80677661176544,-24.8061359440678,-36.65648869482857
1_2_209_0_1_2_209_0,0.0152,0.0147,0.00985,0.0113,0.06845,0.0664,0.07405,0.0778,0.0641,0.0624,0.0382,0.0438,0,0,0.6593838,0.68216217,-0.4307116,-0.4974359,-0.25317693,-0.17514125,0.31937638,0.27960527,10.058481152050488,76.24176987802782,5209.0,Kochi,11,"{""type"":""MultiPoint"",""coordinates"":[]}",-20.173797198630588,-26.739956267076412,-20.079104130193656,-26.963771598883394
1_2_210_0_1_2_210_0,0.1941,0.2542,0.1078,0.2119,0.05245,0.1704,0.0612,0.189,0.06865,0.1921,0.2537,0.2572,6,6,-0.520564,-0.14711191,-0.13309513,-0.0058662496,0.57406545,0.14489205,-0.6113052,-0.15284626,9.900018335931804,76.3919681935326,5210.0,Kochi,11,"{""type"":""MultiPoint"",""coordinates"":[]}",-7.774956659292956,-13.819519522975035,-5.069824651574848,-12.800740547181206
1_2_211_0_1_2_211_0,0.0872,0.0931,0.039,0.04145,0.0375,0.03955,0.0611,0.06465,0.0415,0.04305,0.2502,0.2696,0,0,-0.1759946,-0.18034865,-0.4831061,-0.48662806,0.7154611,0.7246122,-0.60745263,-0.6131638,9.842166831634508,76.26961765183553,5211.0,Kochi,11,"{""type"":""MultiPoint"",""coordinates"":[]}",-8.328165390065816,-14.19640672553046,-7.222410187810366,-14.064946623441037
1_2_212_0_1_2_212_0,0.22145,0.1838,0.1386,0.0944,0.05325,0.046,0.0678,0.064,0.0641,0.0439,0.2136,0.2596,6,6,-0.53120136,-0.4834544,0.018043904,-0.17095174,0.53835076,0.7107084,-0.5181237,-0.6044499,10.055067553970831,76.37822396968558,5212.0,Kochi,11,"{""type"":""MultiPoint"",""coordinates"":[]}",-11.481009496330643,-16.4276215926644,-10.441171754524026,-18.324867710605165
1_2_213_0_1_2_213_0,0.1643,0.1761,0.09265,0.1063,0.0546,0.0593,0.06585,0.0752,0.052,0.0593,0.228,0.2398,6,6,-0.4277645,-0.40151215,-0.16237573,-0.15316182,0.62857145,0.6034771,-0.5518122,-0.5225397,10.095581573284624,76.20889153862905,5213.0,Kochi,11,"{""type"":""MultiPoint"",""coordinates"":[]}",-8.011033185414515,-12.809615988629867,-6.470562505922478,-13.619051376977636
1_2_214_0_1_2_214_0,0.022,0.0361,0.0128,0.0208,0.0668,0.0548,0.0869,0.0674,0.0742,0.047,0.0508,0.068,0,0,0.5959596,0.30241546,-0.3956044,-0.30643612,-0.1872,0.1826087,0.26216412,-0.0044313148,9.761947276762632,76.29629761577388,5214.0,Kochi,11,"{""type"":""MultiPoint"",""coordinates"":[]}",-18.37038498459763,-27.05659789486138,-16.033056550780174,-21.552822264998078
1_2_215_0_1_2_215_0,0.1903,0.2198,0.14705,0.1751,0.0606,0.0726,0.06985,0.0924,0.06795,0.1058,0.2143,0.2492,6,6,-0.46300212,-0.40807176,-0.059317846,-0.06268657,0.51851195,0.40394366,-0.50835824,-0.45901638,10.033867313265612,76.32648100932029,5215.0,Kochi,11,"{""type"":""MultiPoint"",""coordinates"":[]}",-7.65824140943946,-11.451020909098798,-8.64804673829343,-13.58066884213996
1_2_216_0_1_2_216_0,0.0125,0.0172,0.0087,0.0118,0.0714,0.058,0.061,0.05,0.0372,0.0308,0.0251,0.0196,0,0,0.65986395,0.48809522,-0.33510637,-0.06521739,-0.19422151,-0.22222222,0.41695702,0.43678162,9.86534336596479,76.1957761354809,5216.0,Kochi,11,"{""type"":""MultiPoint"",""coordinates"":[]}",-25.183619901045084,-41.56831016480376,-25.79736164787981,-38.92214716895252
1_2_217_0_1_2_217_0,0.0105,0.0123,0.00685,0.0093,0.0607,0.0535,0.0653,0.0566,0.04655,0.0421,0.0269,0.027,0,0,0.72295517,0.6429608,-0.43850267,-0.3740458,-0.26752892,-0.21852387,0.4164859,0.354067,9.857528022992952,76.36600688182155,5217.0,Kochi,11,"{""type"":""MultiPoint"",""coordinates"":[]}",-21.34173721321588,-27.93923147871353,-20.325409516884207,-28.697576846347182
1_2_218_0_1_2_218_0,0.0191,0.01915,0.0162,0.01505,0.0602,0.06685,0.0724,0.06805,0.0486,0.0429,0.0278,0.03245,0,0,0.5825137,0.5607798,-0.18550107,-0.25775194,-0.2722513,-0.13868614,0.44510978,0.35422885,9.820247938701993,76.27087529323329,5218.0,Kochi,11,"{""type"":""MultiPoint"",""coordinates"":[]}",-22.218269063069314,-29.403931609216507,-22.339446901207104,-29.172305854270025
1_2_219_0_1_2_219_0,0.0148,0.0143,0.0123,0.01105,0.0664,0.0544,0.0476,0.04635,0.0286,0.0285,0.0198,0.0205,0,0,0.525641,0.5284419,-0.14450867,-0.17816092,-0.18181819,-0.1632653,0.41246292,0.38668662,9.818451308133753,76.17825898744057,5219.0,Kochi,11,"{""type"":""MultiPoint"",""coordinates"":[]}",-25.376885830884262,-38.527123044056296,-25.97326632730434,-41.04208020182313
1_2_220_0_1_2_220_0,0.20195,0.201,0.0916,0.0974,0.04035,0.0398,0.0582,0.0616,0.04075,0.0362,0.3638,0.3608,1,1,-0.5525658,-0.5308454,-0.28608042,-0.28444287,0.7985416,0.81763226,-0.7241706,-0.7083333,10.003594088190786,76.44460946918201,5220.0,Kochi,11,"{""type"":""MultiPoint"",""coordinates"":[]}",-6.839383246991171,-13.466466406320418,-6.413444352107308,-13.468986130837637
1_2_221_0_1_2_221_0,0.17995,0.21525,0.109,0.13425,0.0573,0.05355,0.0732,0.0746,0.05355,0.05775,0.2735,0.2785,1,6,-0.42168674,-0.48525098,-0.2063072,-0.12810126,0.67252713,0.6565056,-0.5777329,-0.57745683,9.864265387623847,76.33142174338295,5221.0,Kochi,11,"{""type"":""MultiPoint"",""coordinates"":[]}",-6.290504214293505,-13.397185829615726,-6.215012068342963,-13.297461039866223
1_2_222_0_1_2_222_0,0.0144,0.016,0.0092,0.012,0.0787,0.0634,0.0739,0.0574,0.0458,0.0339,0.0274,0.0206,0,0,0.6738392,0.5640327,-0.3110048,-0.12568305,-0.2513661,-0.2440367,0.45903257,0.47179487,9.91079811934124,76.18257090080435,5222.0,Kochi,11,"{""type"":""MultiPoint"",""coordinates"":[]}",-24.86642285701583,-37.4575464583632,-25.528475456174515,-38.76182782293902
1_2_223_0_1_2_223_0,0.2155,0.3362,0.11345,0.2154,0.0663,0.0732,0.07795,0.0905,0.07165,0.1016,0.3265,0.326,1,1,-0.46873403,-0.57581437,-0.20479704,0.015403202,0.6400854,0.5247895,-0.61453825,-0.5654262,9.854922908669003,76.40589208043646,5223.0,Kochi,11,"{""type"":""MultiPoint"",""coordinates"":[]}",-8.700171528886038,-13.919028946010956,-8.239065665284231,-13.837393859850488
1_2_224_0_1_2_224_0,0.1459,0.1729,0.0719,0.1007,0.0562,0.0471,0.0665,0.0703,0.0469,0.0459,0.2792,0.3028,6,6,-0.373823,-0.421875,-0.31357327,-0.27307126,0.7123582,0.7367365,-0.61527336,-0.6231573,9.917176157858488,76.25272932449408,5224.0,Kochi,11,"{""type"":""MultiPoint"",""coordinates"":[]}",-5.495450348846754,-12.036208463553729,-5.771378220162061,-12.947485223479156
1_2_225_0_1_2_225_0,0.1491,0.1781,0.08305,0.1145,0.05705,0.0483,0.0692,0.0742,0.05315,0.0554,0.2489,0.2788,6,6,-0.36601007,-0.41181132,-0.25075376,-0.22039834,0.6480715,0.668462,-0.5649167,-0.5796034,10.066925315721212,76.21014918002682,5225.0,Kochi,11,"{""type"":""MultiPoint"",""coordinates"":[]}",-6.562107244566972,-13.00701940239461,-7.108802417156185,-13.48008268439724
1_2_226_0_1_2_226_0,0.20045,0.2338,0.1379,0.1776,0.0694,0.0736,0.0757,0.0882,0.0679,0.085,0.1855,0.217,6,6,-0.45174724,-0.45217392,0.038735587,0.03726708,0.4640884,0.4370861,-0.42036754,-0.42201835,9.76221677134787,76.32666067237712,5226.0,Kochi,11,"{""type"":""MultiPoint"",""coordinates"":[]}",-9.468339899056414,-14.828389620753715,-9.24913019958044,-15.403315578073824
1_2_227_0_1_2_227_0,0.14575,0.1502,0.0904,0.1001,0.0542,0.0508,0.07135,0.0655,0.0546,0.0529,0.2724,0.208,6,6,-0.34269923,-0.392675,-0.30288175,-0.16136236,0.666055,0.59448063,-0.5848727,-0.52102375,10.030543546714371,76.23449352422645,5227.0,Kochi,11,"{""type"":""MultiPoint"",""coordinates"":[]}",-7.4209362041485605,-14.332969539313318,-7.630442509427962,-14.303823622269583
1_2_228_0_1_2_228_0,0.01275,0.0148,0.0086,0.0106,0.0713,0.0689,0.06445,0.0665,0.0384,0.0402,0.02535,0.023,0,0,0.6696891,0.63591635,-0.33070865,-0.21693122,-0.20470588,-0.2721519,0.43541202,0.48603353,10.028028263918836,76.16397577442306,5228.0,Kochi,11,"{""type"":""MultiPoint"",""coordinates"":[]}",-23.54549667687375,-37.91281923799258,-24.08699632653104,-40.1646045394244
1_2_229_0_1_2_229_0,0.0106,0.01345,0.007,0.01075,0.0639,0.05885,0.0547,0.047,0.0291,0.02905,0.0191,0.0204,0,0,0.6753446,0.5550041,-0.28619528,-0.20531757,-0.20746888,-0.17492417,0.48238483,0.39465874,9.752874292393027,76.21284412587917,5229.0,Kochi,11,"{""type"":""MultiPoint"",""coordinates"":[]}",-24.66749226806169,-38.47703342857943,-24.78140881149329,-38.957866071219584
1_2_230_0_1_2_230_0,0.0148,0.0141,0.01055,0.0097,0.06295,0.0604,0.06485,0.0667,0.05235,0.0536,0.03395,0.0331,0,0,0.62837416,0.6509901,-0.3928205,-0.40254238,-0.21320973,-0.23644751,0.31275302,0.33667335,10.004402571946493,76.27186344004582,5230.0,Kochi,11,"{""type"":""MultiPoint"",""coordinates"":[]}",-21.038122852138635,-27.264352464788022,-20.97007429596045,-27.175877310017906
1_2_231_0_1_2_231_0,0.0159,0.0127,0.0112,0.0114,0.0665,0.0558,0.0525,0.0455,0.0306,0.0283,0.0241,0.02235,0,0,0.5350877,0.5635739,-0.205,-0.27532098,-0.11882998,-0.11747285,0.3707572,0.3411938,9.754760754489675,76.18095393329293,5231.0,Kochi,11,"{""type"":""MultiPoint"",""coordinates"":[]}",-24.71030904556309,-38.90818972156274,-25.780145874490245,-37.3047382761876
1_2_232_0_1_2_232_0,0.0184,0.0138,0.0115,0.0116,0.0863,0.073,0.08505,0.0753,0.0581,0.0495,0.03675,0.0291,0,0,0.64427257,0.6902357,-0.33272892,-0.35664335,-0.22509225,-0.259542,0.39655173,0.44252872,9.951940959353912,76.22928329557855,5232.0,Kochi,11,"{""type"":""MultiPoint"",""coordinates"":[]}",-21.83099482835339,-29.682009136427205,-22.35351084970203,-31.495147494641348
1_2_233_0_1_2_233_0,0.21885,0.2286,0.1274,0.1334,0.05015,0.05325,0.0657,0.07395,0.0606,0.0527,0.3275,0.3968,1,1,-0.53821826,-0.5111552,-0.19886519,-0.26894787,0.68770933,0.76551723,-0.6658189,-0.6858205,9.899120020647684,76.42583467974391,5233.0,Kochi,11,"{""type"":""MultiPoint"",""coordinates"":[]}",-6.264277925994286,-13.565685996867817,-7.341930595710183,-13.71621267618228
1_2_234_0_1_2_234_0,0.21295,0.21665,0.18205,0.19145,0.1089,0.0937,0.13,0.1047,0.1236,0.1021,0.2374,0.2358,6,6,-0.241872,-0.34837404,-0.054291107,-0.04232512,0.31523547,0.3956792,-0.29232445,-0.385022,9.936939094109118,76.3520829949177,5234.0,Kochi,11,"{""type"":""MultiPoint"",""coordinates"":[]}",-7.513300746312637,-13.752647894022985,-7.472444375905386,-12.272720472712358
1_2_235_0_1_2_235_0,0.0141,0.0158,0.0095,0.0129,0.0626,0.0633,0.0646,0.0682,0.0521,0.0536,0.0314,0.0322,0,0,0.64167726,0.6238095,-0.3802198,-0.34166667,-0.2479042,-0.24941725,0.34583333,0.35856575,9.92373385943256,76.30438245333096,5235.0,Kochi,11,"{""type"":""MultiPoint"",""coordinates"":[]}",-21.351775593716617,-28.68359804238368,-20.343465215042503,-26.061308215822653
1_2_236_0_1_2_236_0,0.1071,0.1104,0.05,0.0541,0.0528,0.0526,0.0656,0.0692,0.047,0.0474,0.2164,0.2168,0,0,-0.2403011,-0.22939867,-0.33786708,-0.32518336,0.64312834,0.64118093,-0.5347518,-0.5160839,9.907833678903645,76.2904585664271,5236.0,Kochi,11,"{""type"":""MultiPoint"",""coordinates"":[]}",-7.760458827460299,-14.518089153281277,-8.038572873506965,-14.668268863250526
1_2_237_0_1_2_237_0,0.16755,0.1976,0.1168,0.1394,0.07015,0.0898,0.07715,0.1024,0.0726,0.0978,0.221,0.2216,6,6,-0.36943194,-0.31733334,-0.13756274,-0.057251908,0.5054496,0.38760176,-0.48247525,-0.36790124,10.024255339725537,76.23045110544791,5237.0,Kochi,11,"{""type"":""MultiPoint"",""coordinates"":[]}",-4.374232640501914,-13.594868001526926,-8.4905454480021,-14.275523686388496
1_2_238_0_1_2_238_0,0.17665,0.1766,0.09945,0.1046,0.05785,0.0566,0.0646,0.0634,0.0635,0.0622,0.2169,0.2696,1,1,-0.46445596,-0.47166666,-0.10227417,-0.20842671,0.5470756,0.62507534,-0.54103017,-0.61921924,9.811803775031269,76.39484280244179,5238.0,Kochi,11,"{""type"":""MultiPoint"",""coordinates"":[]}",-7.379486834584254,-13.645527359191497,-6.983368035448572,-14.235346745267996
1_2_239_0_1_2_239_0,0.23335,0.21945,0.1413,0.12605,0.05645,0.0524,0.0838,0.0709,0.1129,0.07195,0.2596,0.2972,1,1,-0.47154343,-0.5116239,-0.053250838,-0.15048872,0.3938255,0.61018556,-0.5119394,-0.6147786,9.899479346761332,76.43966873511935,5239.0,Kochi,11,"{""type"":""MultiPoint"",""coordinates"":[]}",-10.603658419255945,-16.068458118214764,-9.303486683028297,-15.552878600655264
1_2_240_0_1_2_240_0,0.1436,0.1754,0.0745,0.0902,0.0484,0.047,0.05645,0.0572,0.04245,0.0429,0.2142,0.2548,1,1,-0.43564108,-0.5081685,-0.19731693,-0.18456532,0.6691993,0.7117904,-0.58285606,-0.6333333,9.81189360655968,76.39277667728831,5240.0,Kochi,11,"{""type"":""MultiPoint"",""coordinates"":[]}",-7.227735639850804,-14.17516952986042,-7.626834488901383,-13.353383466230957
1_2_241_0_1_2_241_0,0.01415,0.0213,0.00915,0.0188,0.0677,0.0688,0.0684,0.0738,0.0541,0.0572,0.03375,0.0371,0,0,0.65717745,0.5520505,-0.4091858,-0.27054796,-0.23164485,-0.21314952,0.33920705,0.33092877,9.977722608008143,76.27195327157423,5241.0,Kochi,11,"{""type"":""MultiPoint"",""coordinates"":[]}",-20.88865344549145,-28.472446235932896,-19.705152121356285,-26.058859650471994
1_2_242_0_1_2_242_0,0.18995,0.2316,0.09675,0.1133,0.04795,0.0542,0.0641,0.0712,0.0467,0.055,0.3227,0.3436,6,6,-0.49537492,-0.5297226,-0.2589486,-0.19471489,0.7471576,0.72403413,-0.6685626,-0.65670204,10.010061958236443,76.40508359668075,5242.0,Kochi,11,"{""type"":""MultiPoint"",""coordinates"":[]}",-6.532260814172193,-12.903948594813627,-5.407946153318456,-11.594946137492432
1_2_243_0_1_2_243_0,0.1695,0.1981,0.1191,0.1467,0.0794,0.0908,0.0861,0.1106,0.0918,0.1244,0.15,0.1872,6,6,-0.32629108,-0.2834467,0.061032865,0.028289644,0.24069479,0.20154044,-0.27064803,-0.2572196,9.944574774024131,76.30204683359224,5243.0,Kochi,11,"{""type"":""MultiPoint"",""coordinates"":[]}",-8.240922667785393,-10.982904645882147,-8.10941665498882,-14.551963986035654
1_2_244_0_1_2_244_0,0.0131,0.0118,0.0081,0.0081,0.0824,0.0668,0.0801,0.0634,0.0553,0.0405,0.03105,0.0246,0,0,0.7188841,0.6861702,-0.40656853,-0.35164836,-0.2808338,-0.24423963,0.44129553,0.4409091,9.956163041189274,76.18355904761688,5244.0,Kochi,11,"{""type"":""MultiPoint"",""coordinates"":[]}",-23.463661606227205,-36.25152681081636,-24.338838272798995,-34.021871280268556
1_2_245_0_1_2_245_0,0.32405,0.2836,0.2841,0.1788,0.1384,0.0776,0.161,0.109,0.176,0.1138,0.2796,0.2768,7,5,-0.3361509,-0.44472745,0.073635384,0.01213419,0.22739245,0.41730672,-0.2691784,-0.4349404,9.978800586349086,76.22380357234543,5245.0,Kochi,11,"{""type"":""MultiPoint"",""coordinates"":[]}",-9.106456174912342,-16.787156272805607,-11.434650115816012,-15.953679644679976
1_2_246_0_1_2_246_0,0.0153,0.0129,0.00975,0.0105,0.0789,0.0708,0.07915,0.0711,0.0517,0.0491,0.03225,0.0241,0,0,0.6760191,0.69285715,-0.3564669,-0.3027027,-0.23168553,-0.34153005,0.4210054,0.49369746,9.953378263808505,76.21185597906664,5246.0,Kochi,11,"{""type"":""MultiPoint"",""coordinates"":[]}",-22.393309318890033,-31.971087343754974,-23.20940843742719,-34.17578542376239
1_2_247_0_1_2_247_0,0.0151,0.0149,0.0126,0.01145,0.0666,0.0567,0.0536,0.04465,0.0331,0.0287,0.0204,0.02095,0,0,0.5604076,0.49958017,-0.14929578,-0.16875872,-0.23738317,-0.15609264,0.44864866,0.3612805,9.75853367868298,76.17250976962221,5247.0,Kochi,11,"{""type"":""MultiPoint"",""coordinates"":[]}",-25.907877161859822,-36.86556528687921,-24.764210071174567,-39.440932928643896
1_2_248_0_1_2_248_0,0.0391,0.0421,0.0221,0.0276,0.0602,0.0624,0.0661,0.0697,0.0526,0.0598,0.0747,0.0817,0,0,0.256654,0.24686942,-0.31282952,-0.31987077,0.17360565,0.15477031,-0.061079547,-0.07926024,9.893460634357732,76.31794701412116,5248.0,Kochi,11,"{""type"":""MultiPoint"",""coordinates"":[]}",-10.975820773887754,-18.340455474356986,-12.085906677760088,-17.148252223910468
1_2_249_0_1_2_249_0,0.25245,0.2488,0.19945,0.1829,0.1327,0.1134,0.1525,0.1288,0.158,0.126,0.2619,0.235,6,6,-0.2468206,-0.31779662,-0.018372703,0.028524183,0.24743986,0.30193907,-0.26399612,-0.29191864,10.097108709267628,76.27608552188119,5249.0,Kochi,11,"{""type"":""MultiPoint"",""coordinates"":[]}",-7.035270668026473,-15.26878472995773,-7.014826582731956,-14.048576766859949
1_2_250_0_1_2_250_0,0.17335,0.202,0.0965,0.1281,0.04915,0.0506,0.0582,0.0611,0.048,0.0578,0.2182,0.2154,6,6,-0.4973008,-0.53553784,-0.11454476,-0.032103498,0.6393689,0.57686675,-0.5788712,-0.558047,9.77560166908125,76.43535682175558,5250.0,Kochi,11,"{""type"":""MultiPoint"",""coordinates"":[]}",-7.884285949759603,-14.13232096878879,-9.242973872024479,-15.678691617292026
1_2_251_0_1_2_251_0,0.0156,0.0154,0.0105,0.0101,0.0774,0.0628,0.0639,0.0572,0.0415,0.0316,0.0294,0.0211,0,0,0.60754716,0.57575756,-0.30666667,-0.15616438,-0.17066291,-0.19924098,0.3697749,0.46104726,9.913313402136774,76.16792836167319,5251.0,Kochi,11,"{""type"":""MultiPoint"",""coordinates"":[]}",-25.450517298973075,-38.26629482589068,-26.327494097108307,-36.77507146834066
1_2_252_0_1_2_252_0,0.01315,0.0132,0.009,0.0092,0.06405,0.0652,0.06485,0.0741,0.04795,0.0561,0.0318,0.0353,0,0,0.6628205,0.6975945,-0.41490546,-0.4556701,-0.20250784,-0.22757111,0.3419555,0.3546618,10.07195588131228,76.2303612739195,5252.0,Kochi,11,"{""type"":""MultiPoint"",""coordinates"":[]}",-21.647214439864143,-31.94529580667907,-22.297593891823787,-31.02779476126582
1_2_253_0_1_2_253_0,0.0091,0.01585,0.0074,0.0108,0.0565,0.0621,0.0554,0.05355,0.0277,0.0331,0.016,0.022,0,0,0.71782947,0.5432277,-0.2749004,-0.16248348,-0.26773456,-0.20145191,0.55182076,0.41760424,9.806593546383374,76.21877300675436,5253.0,Kochi,11,"{""type"":""MultiPoint"",""coordinates"":[]}",-24.749909214259425,-36.66434932633417,-25.204641172829096,-35.426195700419164
1_2_254_0_1_2_254_0,0.01255,0.0129,0.00835,0.0096,0.0737,0.0711,0.06795,0.0686,0.03875,0.0392,0.02355,0.0236,0,0,0.68819875,0.68343556,-0.30470914,-0.2931507,-0.24398074,-0.24840765,0.4852459,0.48806942,10.039886025669214,76.16963516071303,5254.0,Kochi,11,"{""type"":""MultiPoint"",""coordinates"":[]}",-24.13851666039217,-36.67422507408191,-23.62013731008149,-36.473433968223546
1_2_255_0_1_2_255_0,0.0145,0.0126,0.0083,0.0088,0.0767,0.0664,0.0762,0.0631,0.0476,0.0374,0.0292,0.0214,0,0,0.6802646,0.667107,-0.33638445,-0.25882354,-0.23958333,-0.27210885,0.44592032,0.4934911,9.940532355245594,76.19227270587284,5255.0,Kochi,11,"{""type"":""MultiPoint"",""coordinates"":[]}",-24.023070862996317,-34.46165074186134,-25.061578781641337,-36.18869209509275
1_2_256_0_1_2_256_0,0.1506,0.1621,0.07465,0.0787,0.059,0.0526,0.0675,0.072,0.0471,0.0469,0.2615,0.2952,1,6,-0.3810179,-0.38487825,-0.26910943,-0.2910562,0.6947505,0.7258112,-0.58966565,-0.60784316,9.769223630564,76.32693016696236,5256.0,Kochi,11,"{""type"":""MultiPoint"",""coordinates"":[]}",-6.85866977403511,-13.167454784267516,-7.058299934951483,-13.91433023955592
1_2_257_0_1_2_257_0,0.2311,0.2176,0.1589,0.1447,0.05455,0.0565,0.0744,0.0756,0.07495,0.0701,0.2334,0.2482,6,6,-0.5129296,-0.48431104,-0.004951561,-0.06569343,0.5138641,0.559535,-0.5165692,-0.5330451,10.063601549169968,76.33627264591719,5257.0,Kochi,11,"{""type"":""MultiPoint"",""coordinates"":[]}",-7.1114665012186284,-13.624304976639056,-5.716553570201892,-12.695744503980485
1_2_258_0_1_2_258_0,0.2142,0.2365,0.1085,0.1354,0.0426,0.0533,0.0577,0.06645,0.0396,0.05495,0.3598,0.3734,1,6,-0.5755793,-0.56131375,-0.25365853,-0.22446303,0.80170256,0.74343413,-0.7235928,-0.69785154,9.884477481516535,76.42448720681773,5258.0,Kochi,11,"{""type"":""MultiPoint"",""coordinates"":[]}",-6.478805531316887,-13.818416519737882,-5.415942052585355,-12.81738873141084
1_2_259_0_1_2_259_0,0.01105,0.0131,0.00675,0.0091,0.06835,0.0652,0.07375,0.0712,0.05515,0.0534,0.0333,0.031,0,0,0.7393868,0.6892052,-0.5016911,-0.40589568,-0.24703223,-0.26540285,0.3778608,0.39334637,9.874146855749162,76.3325895532523,5259.0,Kochi,11,"{""type"":""MultiPoint"",""coordinates"":[]}",-21.551995277431722,-32.32096190619505,-21.470368043045678,-30.853874944041543
1_2_260_0_1_2_260_0,0.1274,0.1506,0.0702,0.0747,0.0499,0.052,0.062,0.0771,0.0488,0.0539,0.1764,0.2114,1,1,-0.34530094,-0.32279316,-0.16129032,-0.1679558,0.5666075,0.59366757,-0.47986576,-0.46551126,9.89337080282932,76.31390459534262,5260.0,Kochi,11,"{""type"":""MultiPoint"",""coordinates"":[]}",-9.551943980794672,-14.898552541096564,-8.251379742845554,-14.535560311503701
1_2_261_0_1_2_261_0,0.0185,0.01375,0.0148,0.01025,0.0582,0.0547,0.0472,0.04395,0.0342,0.0292,0.0238,0.02305,0,0,0.4368341,0.5233969,-0.1252955,-0.2527174,-0.17931035,-0.11770335,0.32957748,0.3119403,9.810456302105088,76.15373498018411,5261.0,Kochi,11,"{""type"":""MultiPoint"",""coordinates"":[]}",-24.566680314818434,-38.12588657235208,-25.217973947442175,-40.53723370134026
1_2_262_0_1_2_262_0,0.022,0.0157,0.0186,0.0115,0.0754,0.0594,0.0777,0.0684,0.0612,0.0528,0.0389,0.0303,0,0,0.558676,0.62663496,-0.27750412,-0.3173913,-0.22277722,-0.27075812,0.3327616,0.38601825,9.90028783051704,76.28803311515998,5262.0,Kochi,11,"{""type"":""MultiPoint"",""coordinates"":[]}",-19.526650737161383,-28.29952931183546,-20.023035687544265,-27.56856875546284
1_2_263_0_1_2_263_0,0.1857,0.1774,0.1053,0.0876,0.0531,0.0524,0.0669,0.0726,0.06495,0.0506,0.2223,0.2896,1,1,-0.47030878,-0.4192,-0.089705884,-0.24025697,0.5477807,0.70252794,-0.5373444,-0.5991165,10.094144268830034,76.29782475175688,5263.0,Kochi,11,"{""type"":""MultiPoint"",""coordinates"":[]}",-9.279014155670694,-14.454159184937001,-8.819313774380987,-14.831217689279757
1_2_264_0_1_2_264_0,0.29935,0.28655,0.1988,0.1818,0.07195,0.07155,0.09435,0.10195,0.1053,0.12,0.2534,0.2661,4,4,-0.52070105,-0.47516087,0.08312981,0.03700353,0.41287985,0.37839937,-0.4573688,-0.44599918,9.941969659700186,76.42089394568126,5264.0,Kochi,11,"{""type"":""MultiPoint"",""coordinates"":[]}",-8.827813196328595,-15.293107169582498,-8.56620858442154,-15.107868311068541
1_2_265_0_1_2_265_0,0.1692,0.1753,0.1091,0.111,0.0656,0.0578,0.075,0.073,0.065,0.0566,0.2656,0.2332,6,6,-0.3857494,-0.4120016,-0.22171113,-0.14173807,0.6067756,0.6093858,-0.5596007,-0.52318746,10.072315207425929,76.20934069627111,5265.0,Kochi,11,"{""type"":""MultiPoint"",""coordinates"":[]}",-7.543343426307402,-14.371812554407363,-7.318952053640645,-14.24483074704268
1_2_266_0_1_2_266_0,0.0223,0.0429,0.0143,0.0273,0.0606,0.0611,0.0696,0.0688,0.0535,0.0557,0.0474,0.0712,0,0,0.51468986,0.23187108,-0.36011478,-0.24802804,-0.060455896,0.12214342,0.1897436,-0.017142856,9.900018335931804,76.3183063402348,5266.0,Kochi,11,"{""type"":""MultiPoint"",""coordinates"":[]}",-17.988659790582357,-26.428650486668285,-11.030323344445778,-17.646564573175848
1_2_267_0_1_2_267_0,0.14765,0.1614,0.0722,0.0883,0.05785,0.0478,0.0693,0.0668,0.0491,0.049,0.3094,0.31,1,6,-0.3611431,-0.41454864,-0.35390002,-0.31523123,0.7260809,0.7270195,-0.6340111,-0.6454353,9.805066410400372,76.34714226085504,5267.0,Kochi,11,"{""type"":""MultiPoint"",""coordinates"":[]}",-6.606992223941781,-13.634190859325825,-5.927931921867864,-14.562670752285873
1_2_268_0_1_2_268_0,0.0237,0.0137,0.0152,0.0114,0.0616,0.0628,0.0698,0.0706,0.053,0.0553,0.0327,0.0324,0,0,0.49304813,0.6749703,-0.15957446,-0.40563992,-0.2368728,-0.26111746,0.36195123,0.37087378,9.862019599413548,76.27878046773354,5268.0,Kochi,11,"{""type"":""MultiPoint"",""coordinates"":[]}",-16.924237645862682,-22.6388252848663,-22.955441314243576,-31.904311780140375
1_2_269_0_1_2_269_0,0.0091,0.0139,0.0065,0.0104,0.0541,0.0635,0.0618,0.0573,0.0369,0.03575,0.0179,0.02355,0,0,0.74330044,0.60955054,-0.32592592,-0.2576769,-0.34671533,-0.20573355,0.5508156,0.4174397,9.836866771458205,76.24455465540859,5269.0,Kochi,11,"{""type"":""MultiPoint"",""coordinates"":[]}",-23.911810831254385,-34.20818215784004,-24.13461862028186,-36.55734151300518
1_2_270_0_1_2_270_0,0.18845,0.209,0.13995,0.1596,0.0655,0.0691,0.0773,0.0831,0.0716,0.0804,0.2008,0.2066,6,6,-0.41825023,-0.43101677,-0.031727683,0.0057747834,0.4743025,0.43972126,-0.44408485,-0.42630306,10.020482415532232,76.22497138221479,5270.0,Kochi,11,"{""type"":""MultiPoint"",""coordinates"":[]}",-9.902954261080392,-14.20415264709645,-9.940051782735054,-15.478649415985418
1_2_271_0_1_2_271_0,0.0087,0.01355,0.0073,0.0092,0.0606,0.07065,0.0697,0.0675,0.0409,0.042,0.0105,0.02365,0,0,0.7780612,0.6656385,-0.09375,-0.2715054,-0.59143966,-0.27951255,0.7381546,0.48107514,9.85932465356119,76.25973618371022,5271.0,Kochi,11,"{""type"":""MultiPoint"",""coordinates"":[]}",-22.443394497828304,-32.5400084921737,-23.934500693157315,-33.26354317308514
1_2_272_0_1_2_272_0,0.0112,0.01595,0.0087,0.0118,0.0631,0.05815,0.0522,0.04635,0.0303,0.0304,0.0209,0.02105,0,0,0.6466877,0.48796147,-0.30218068,-0.13783784,-0.18359375,-0.18172984,0.42818058,0.37537092,9.770571103490182,76.21212547365188,5272.0,Kochi,11,"{""type"":""MultiPoint"",""coordinates"":[]}",-24.519859143013672,-39.99947985691494,-23.61141061576113,-36.81729836350948
1_2_273_0_1_2_273_0,0.2206,0.2231,0.1736,0.1687,0.0808,0.0725,0.0968,0.0881,0.103,0.0847,0.2292,0.26,6,6,-0.39004412,-0.43380463,-0.01911961,-0.0763817,0.37989163,0.50855815,-0.40613496,-0.49382362,9.947988372103788,76.33025393351359,5273.0,Kochi,11,"{""type"":""MultiPoint"",""coordinates"":[]}",-7.0484171220285585,-14.009707352628574,-7.595423417649759,-14.070054904506087
1_2_274_0_1_2_274_0,0.2797,0.2688,0.1781,0.1648,0.0654,0.0703,0.0889,0.0934,0.1222,0.114,0.2396,0.253,5,4,-0.5176343,-0.48426282,0.07721934,0.0302798,0.32448867,0.3787466,-0.45875192,-0.46073902,9.91960160912561,76.30770621988219,5274.0,Kochi,11,"{""type"":""MultiPoint"",""coordinates"":[]}",-9.61854669710147,-16.33424580684791,-9.741789850641094,-16.159451970128565
1_2_275_0_1_2_275_0,0.20835,0.1941,0.17005,0.1488,0.08185,0.1,0.0976,0.1106,0.1072,0.1168,0.1955,0.2094,6,6,-0.36198726,-0.27404004,0.031818744,-0.037918214,0.29170796,0.28387493,-0.3340157,-0.30875,10.038089395100975,76.29782475175688,5275.0,Kochi,11,"{""type"":""MultiPoint"",""coordinates"":[]}",-6.879809339743648,-13.618842138480893,-5.644128641965661,-13.19290926810493
1_2_276_0_1_2_276_0,0.18555,0.1821,0.13185,0.1229,0.06005,0.0677,0.07495,0.0817,0.06985,0.075,0.2095,0.2026,6,6,-0.42456815,-0.38059136,-0.060625236,-0.053288277,0.4999105,0.45965418,-0.4730181,-0.425255,10.088754377125316,76.34067439080938,5276.0,Kochi,11,"{""type"":""MultiPoint"",""coordinates"":[]}",-7.191831872266057,-13.78382747062216,-7.227351142885289,-14.74222300726022
1_2_277_0_1_2_277_0,0.0147,0.0143,0.00815,0.0103,0.0711,0.0678,0.071,0.0636,0.04165,0.0364,0.0295,0.0221,0,0,0.65694284,0.6328626,-0.33484164,-0.21428572,-0.17076598,-0.24444444,0.41293532,0.4842474,10.006199202514733,76.16388594289465,5277.0,Kochi,11,"{""type"":""MultiPoint"",""coordinates"":[]}",-22.356685612792084,-35.45108196527143,-24.3998200126454,-39.34585628817031
1_2_278_0_1_2_278_0,0.1722,0.198,0.1012,0.11725,0.0487,0.0487,0.0595,0.0665,0.0482,0.05475,0.2552,0.2537,1,6,-0.48640484,-0.49716446,-0.19419748,-0.12331193,0.6822676,0.6449992,-0.6218621,-0.5846346,9.90253361872734,76.40822770017517,5278.0,Kochi,11,"{""type"":""MultiPoint"",""coordinates"":[]}",-7.507026965103069,-15.203792984114049,-8.918075561750335,-15.097053577611408
1_2_279_0_1_2_279_0,0.1413,0.1536,0.0874,0.0967,0.0634,0.0598,0.0745,0.0766,0.0691,0.0654,0.2076,0.2052,6,6,-0.30954587,-0.33449176,-0.19002579,-0.14381272,0.5005421,0.5166297,-0.4718185,-0.45635203,9.937028925637527,76.30276548581953,5279.0,Kochi,11,"{""type"":""MultiPoint"",""coordinates"":[]}",-6.221960110469885,-12.107722434515281,-7.286498669725379,-12.55361128286079
1_2_280_0_1_2_280_0,0.0135,0.0157,0.0089,0.0118,0.0716,0.0643,0.0628,0.0558,0.0398,0.031,0.0268,0.0218,0,0,0.64613366,0.5608392,-0.3300248,-0.16266666,-0.1951952,-0.17424242,0.4017857,0.43814433,9.90477940693764,76.16092150245706,5280.0,Kochi,11,"{""type"":""MultiPoint"",""coordinates"":[]}",-24.0690266804982,-37.629928981679086,-25.432755193104327,-43.98422252292177
1_2_281_0_1_2_281_0,0.1681,0.1838,0.0876,0.0992,0.0508,0.0563,0.0689,0.074,0.0509,0.0546,0.3188,0.3082,1,6,-0.4185654,-0.42591155,-0.30950913,-0.25284553,0.7246416,0.6990077,-0.6445705,-0.6127682,10.01437387160022,76.39151903589054,5281.0,Kochi,11,"{""type"":""MultiPoint"",""coordinates"":[]}",-6.117583441380792,-13.494007931681882,-6.239026503271205,-13.917695285870126
1_2_282_0_1_2_282_0,0.015,0.01245,0.0083,0.00965,0.0622,0.05935,0.063,0.0589,0.0406,0.03555,0.0236,0.0232,0,0,0.61538464,0.6510161,-0.22279793,-0.3015428,-0.2647975,-0.21021277,0.45496535,0.43483555,9.78153054995644,76.26171247733528,5282.0,Kochi,11,"{""type"":""MultiPoint"",""coordinates"":[]}",-24.784330213655615,-34.883148506311706,-24.322834713750705,-34.21580883509046
1_2_283_0_1_2_283_0,0.0129,0.01255,0.0082,0.00905,0.076,0.0672,0.0746,0.0674,0.0456,0.0402,0.0192,0.02205,0,0,0.70514286,0.6860538,-0.19626169,-0.27456647,-0.4074074,-0.29156625,0.5906183,0.50698715,9.825458167349884,76.26611422222746,5283.0,Kochi,11,"{""type"":""MultiPoint"",""coordinates"":[]}",-23.57064263446782,-33.653866343972645,-24.081364337799926,-34.390362422957566
1_2_284_0_1_2_284_0,0.0115,0.014,0.0089,0.0096,0.0552,0.0634,0.0641,0.0578,0.0342,0.0366,0.0179,0.02185,0,0,0.6957672,0.61002785,-0.21768707,-0.21896791,-0.3128599,-0.25235245,0.56341463,0.45134965,9.8165648460371,76.24958522099966,5284.0,Kochi,11,"{""type"":""MultiPoint"",""coordinates"":[]}",-22.891510919532475,-34.86990121944388,-23.722509580398125,-33.03033166490521
1_2_285_0_1_2_285_0,0.02385,0.0309,0.0155,0.0186,0.0648,0.0637,0.0716,0.0735,0.062,0.0597,0.0424,0.053,0,0,0.5002619,0.40804598,-0.28,-0.2634088,-0.18773946,-0.059449866,0.25614035,0.16205534,10.0442877705614,76.23611049173788,5285.0,Kochi,11,"{""type"":""MultiPoint"",""coordinates"":[]}",-20.49528375996613,-27.789814875568588,-20.11315749363519,-25.914923259635543
1_2_286_0_1_2_286_0,0.20035,0.22925,0.10135,0.126,0.05995,0.0688,0.08885,0.0958,0.0575,0.0745,0.3912,0.3444,1,2,-0.38554633,-0.41055223,-0.322627,-0.20073216,0.743704,0.64430654,-0.62983024,-0.5647433,9.988232896832342,76.36519839806584,5286.0,Kochi,11,"{""type"":""MultiPoint"",""coordinates"":[]}",-9.165558465141729,-14.481372703783784,-8.692365759657841,-14.45821578135054
1_2_287_0_1_2_287_0,0.17895,0.20225,0.1121,0.1045,0.06645,0.06215,0.0908,0.0898,0.062,0.0602,0.3618,0.4536,0,4,-0.32678404,-0.3850368,-0.33814147,-0.3832431,0.70740914,0.76566756,-0.5987627,-0.66948843,9.970985243377246,76.3618746315146,5287.0,Kochi,11,"{""type"":""MultiPoint"",""coordinates"":[]}",-8.742797371541357,-15.1202694758687,-8.4202738424164,-14.77837099547586
1_2_288_0_1_2_288_0,0.0092,0.0136,0.0069,0.00975,0.0494,0.05665,0.0502,0.05,0.026,0.03095,0.014,0.0216,0,0,0.6902357,0.572327,-0.20689656,-0.22727273,-0.3,-0.17792578,0.5638629,0.39664805,9.822763221497526,76.20071686954356,5288.0,Kochi,11,"{""type"":""MultiPoint"",""coordinates"":[]}",-23.581142098538315,-34.52331666767353,-24.8757187311646,-36.81208314503095
1_2_289_0_1_2_289_0,0.0135,0.0139,0.0107,0.0114,0.0824,0.0715,0.0803,0.0695,0.0504,0.0421,0.0333,0.0237,0,0,0.7121535,0.6666667,-0.42307693,-0.2606383,-0.20430107,-0.27963525,0.41373238,0.4914163,9.926249142228096,76.23215790448775,5289.0,Kochi,11,"{""type"":""MultiPoint"",""coordinates"":[]}",-22.40314314933773,-32.385687884179106,-23.483506183006632,-31.66540032141453
1_2_290_0_1_2_290_0,0.015,0.01405,0.0106,0.01195,0.0696,0.05455,0.0567,0.0444,0.0375,0.0277,0.0258,0.02165,0,0,0.58158994,0.51924723,-0.2647059,-0.21288516,-0.18483412,-0.122593716,0.37454545,0.34443602,9.753143786978262,76.18921843390683,5290.0,Kochi,11,"{""type"":""MultiPoint"",""coordinates"":[]}",-22.88796163394675,-36.31953733456559,-25.401308669416863,-39.33023731368886
1_2_291_0_1_2_291_0,0.0148,0.0121,0.0092,0.0093,0.0754,0.069,0.0728,0.0688,0.0472,0.0436,0.0258,0.0243,0,0,0.66210043,0.70086527,-0.27093595,-0.33516484,-0.2931507,-0.28424153,0.47667342,0.47798067,9.94403578485366,76.2047592883221,5291.0,Kochi,11,"{""type"":""MultiPoint"",""coordinates"":[]}",-21.792083761495412,-32.06795928241702,-23.803730203129156,-33.3895294589023
1_2_292_0_1_2_292_0,0.0141,0.0151,0.009,0.0106,0.0767,0.0594,0.072,0.0567,0.0433,0.0334,0.0253,0.022,0,0,0.67247385,0.5793872,-0.28426397,-0.18598382,-0.26239067,-0.20577617,0.4799589,0.44091487,9.891394509204256,76.21553907173153,5292.0,Kochi,11,"{""type"":""MultiPoint"",""coordinates"":[]}",-24.917818815867257,-37.48190447338102,-24.947032797072485,-36.34084428649343
1_2_293_0_1_2_293_0,0.2484,0.2178,0.1529,0.1275,0.069,0.0578,0.0933,0.0778,0.0881,0.0574,0.2979,0.3528,6,6,-0.45390692,-0.473613,-0.09060956,-0.23659305,0.5435233,0.7201365,-0.52300614,-0.63864374,10.046892884885349,76.40876668934564,5293.0,Kochi,11,"{""type"":""MultiPoint"",""coordinates"":[]}",-10.017544255327666,-15.87264397101664,-2.8659642003461814,-9.233284191646893
1_2_294_0_1_2_294_0,0.0162,0.0141,0.0116,0.0122,0.05765,0.052,0.06285,0.0568,0.04705,0.0401,0.0359,0.0315,0,0,0.59013283,0.6022567,-0.378119,-0.38157895,-0.13441832,-0.12011173,0.2729114,0.28652322,9.819529286474696,76.38783594322565,5294.0,Kochi,11,"{""type"":""MultiPoint"",""coordinates"":[]}",-19.69626611975329,-28.140652522477588,-20.447502489453456,-25.968643818245653
1_2_295_0_1_2_295_0,0.0105,0.0157,0.0077,0.0109,0.0731,0.0626,0.0642,0.0614,0.0375,0.0358,0.0234,0.024,0,0,0.7188755,0.5927367,-0.38053098,-0.20906802,-0.23152709,-0.19732441,0.46575344,0.4379391,9.866511175834146,76.2243425615159,5295.0,Kochi,11,"{""type"":""MultiPoint"",""coordinates"":[]}",-23.35834538246604,-37.584462654637235,-25.11387871427896,-37.63984135242949
1_2_296_0_1_2_296_0,0.22525,0.2208,0.1752,0.16915,0.0689,0.07445,0.0819,0.0894,0.0968,0.0905,0.2176,0.2397,6,6,-0.4667101,-0.4235977,0.017274473,-0.041042347,0.3842239,0.45184737,-0.4530885,-0.4567001,9.934693305898818,76.39089021519166,5296.0,Kochi,11,"{""type"":""MultiPoint"",""coordinates"":[]}",-8.470996060331185,-13.828073655817725,-3.4229292867047088,-11.67523374767924
1_2_297_0_1_2_297_0,0.0123,0.0155,0.00895,0.0099,0.07035,0.0696,0.0638,0.0675,0.03695,0.0397,0.02475,0.0234,0,0,0.6767411,0.62650603,-0.3360324,-0.20308483,-0.19773096,-0.25832012,0.4409938,0.48514852,10.025692644180126,76.16370627983784,5297.0,Kochi,11,"{""type"":""MultiPoint"",""coordinates"":[]}",-24.412151486821422,-34.20986604280598,-23.75637601970773,-38.07925288068117
1_2_298_0_1_2_298_0,0.01505,0.0164,0.00925,0.0104,0.06775,0.062,0.07445,0.0711,0.0597,0.0542,0.04065,0.0373,0,0,0.66368717,0.6251429,-0.45960504,-0.38919926,-0.18983558,-0.18469946,0.2936577,0.3118081,10.08848488254008,76.24024274204481,5298.0,Kochi,11,"{""type"":""MultiPoint"",""coordinates"":[]}",-21.245549381572136,-29.452796762135065,-21.476611266123307,-29.378667281029614
1_2_299_0_1_2_299_0,0.22995,0.2327,0.1702,0.1679,0.0948,0.0959,0.1153,0.1158,0.1229,0.1152,0.2438,0.2614,6,6,-0.33207822,-0.3354376,-0.029234828,-0.058085408,0.3296973,0.3882103,-0.35783905,-0.38600212,10.037550405930505,76.22712733889668,5299.0,Kochi,11,"{""type"":""MultiPoint"",""coordinates"":[]}",-8.788123188334543,-16.065327053117045,-7.194675990322791,-16.487535673868617
1_2_300_0_1_2_300_0,0.0132,0.0128,0.0088,0.0105,0.07905,0.0746,0.0798,0.0776,0.04865,0.0476,0.0271,0.0266,0,0,0.716129,0.71681416,-0.34491315,-0.35025382,-0.28448844,-0.28301886,0.4929841,0.4894434,10.073932174937344,76.18733197181018,5300.0,Kochi,11,"{""type"":""MultiPoint"",""coordinates"":[]}",-23.48968266737033,-33.092578509779806,-24.01624963769742,-33.88436740856343
1_2_301_0_1_2_301_0,0.1605,0.17245,0.10285,0.1087,0.06315,0.0639,0.07315,0.0753,0.0636,0.0664,0.2375,0.2188,6,6,-0.37384978,-0.39212915,-0.19346733,-0.11846645,0.577549,0.53436184,-0.52905196,-0.48792928,9.915828684932308,76.35441861465641,5301.0,Kochi,11,"{""type"":""MultiPoint"",""coordinates"":[]}",-8.24462093384103,-14.22811470192939,-7.799104467087692,-14.543629584374603
1_2_302_0_1_2_302_0,0.1538,0.1553,0.0846,0.0861,0.0562,0.0465,0.0704,0.062,0.0549,0.0464,0.2402,0.2474,1,1,-0.3719893,-0.42936033,-0.21928935,-0.22870623,0.6279227,0.6841389,-0.54668385,-0.5992243,9.912594749909475,76.3099520080925,5302.0,Kochi,11,"{""type"":""MultiPoint"",""coordinates"":[]}",-8.279221731587707,-14.47314712040568,-8.527708945271598,-15.391020832579574
1_2_303_0_1_2_303_0,0.2265,0.2396,0.12365,0.1341,0.05555,0.051,0.0664,0.0776,0.0643,0.0554,0.2923,0.3764,1,1,-0.54660296,-0.51071876,-0.12683114,-0.22207792,0.6393719,0.74339974,-0.6297742,-0.6581498,9.838393907441205,76.44847222490372,5303.0,Kochi,11,"{""type"":""MultiPoint"",""coordinates"":[]}",-8.581399802282743,-14.651613397213843,-6.101160858837078,-13.266381330043375
1_2_304_0_1_2_304_0,0.1873,0.1871,0.1241,0.1398,0.0642,0.0946,0.08165,0.112,0.08245,0.1056,0.2291,0.249,6,6,-0.39282393,-0.2510866,-0.10038424,-0.14193992,0.47071096,0.40439934,-0.4744972,-0.37950137,10.035304617720204,76.37076795282738,5304.0,Kochi,11,"{""type"":""MultiPoint"",""coordinates"":[]}",-7.9052772794950865,-14.418008208223192,-6.405946710026166,-13.61409492213885
1_2_305_0_1_2_305_0,0.01085,0.0117,0.00695,0.0083,0.0586,0.05665,0.0629,0.0625,0.04075,0.044,0.0265,0.02795,0,0,0.7057627,0.6846361,-0.41900936,-0.40983605,-0.21189591,-0.22307158,0.40715882,0.381979,9.895526759511206,76.35028636434946,5305.0,Kochi,11,"{""type"":""MultiPoint"",""coordinates"":[]}",-21.080825679013795,-31.0672744701196,-20.925906884986976,-31.723582737870313
1_2_306_0_1_2_306_0,0.2608,0.2342,0.17045,0.1199,0.0769,0.0578,0.1048,0.0908,0.1129,0.0641,0.2755,0.4084,6,1,-0.42669585,-0.44123077,-0.027410032,-0.27108622,0.41864058,0.7286773,-0.44885617,-0.63621795,9.996587228974652,76.34902872295169,5306.0,Kochi,11,"{""type"":""MultiPoint"",""coordinates"":[]}",-8.627561741752597,-14.282814284620233,-8.42906803402191,-15.722009067427344
1_2_307_0_1_2_307_0,0.2687,0.2461,0.28165,0.2472,0.1392,0.1194,0.1358,0.122,0.1369,0.1196,0.1979,0.1758,6,6,-0.32855377,-0.33713666,0.15173596,0.16662717,0.18219833,0.1902505,-0.1860953,-0.18065816,9.976105640496728,76.28758395751791,5307.0,Kochi,11,"{""type"":""MultiPoint"",""coordinates"":[]}",-7.8818618694634015,-13.404046614619858,-5.966829892326517,-13.220642848647655
1_2_308_0_1_2_308_0,0.0149,0.0129,0.0097,0.0095,0.0628,0.0626,0.0696,0.07,0.0555,0.0544,0.0295,0.029,0,0,0.64733726,0.6887817,-0.32882884,-0.3842482,-0.30588236,-0.30455637,0.40464178,0.41414142,9.891843666846317,76.30294514887636,5308.0,Kochi,11,"{""type"":""MultiPoint"",""coordinates"":[]}",-21.8870119430255,-30.521528058543446,-22.777568815429653,-30.658953930095215
1_2_309_0_1_2_309_0,0.2037,0.2068,0.13845,0.1494,0.072,0.0688,0.08045,0.079,0.1002,0.1086,0.2329,0.2286,6,6,-0.43374977,-0.44716585,-0.06688044,-0.050068904,0.39837888,0.3558719,-0.48651668,-0.48634592,9.760959129950102,76.31839617176321,5309.0,Kochi,11,"{""type"":""MultiPoint"",""coordinates"":[]}",-8.083684444356066,-13.819243394397034,-7.006460113188928,-14.349244250284299
1_2_310_0_1_2_310_0,0.014,0.0154,0.0093,0.0111,0.0758,0.0706,0.0767,0.0727,0.0481,0.0461,0.0227,0.0236,0,0,0.69128996,0.6503973,-0.23705722,-0.21025641,-0.35875705,-0.32281205,0.54325956,0.509865,9.87450618186281,76.25686157480104,5310.0,Kochi,11,"{""type"":""MultiPoint"",""coordinates"":[]}",-23.936523653365974,-32.18933935831221,-23.091478101208686,-32.99929195312488
1_2_311_0_1_2_311_0,0.01365,0.0165,0.0091,0.0112,0.0744,0.067,0.0693,0.0646,0.0428,0.0378,0.026,0.0242,0,0,0.6708861,0.59309494,-0.3114754,-0.1891892,-0.24418604,-0.21935484,0.45435467,0.45495495,9.985807445565218,76.16649105721861,5311.0,Kochi,11,"{""type"":""MultiPoint"",""coordinates"":[]}",-23.498308876814377,-36.31933658106276,-24.225846433351013,-38.42187620952061
1_2_312_0_1_2_312_0,0.01335,0.0135,0.0086,0.01,0.08285,0.0766,0.0819,0.079,0.05205,0.0502,0.0291,0.0289,0,0,0.719685,0.7081081,-0.37102473,-0.36320755,-0.28280962,-0.2692794,0.47567567,0.4643188,10.031172367413255,76.1964947877082,5312.0,Kochi,11,"{""type"":""MultiPoint"",""coordinates"":[]}",-22.225267627417505,-34.31293549339573,-23.5206135086611,-35.024948189385306
1_2_313_0_1_2_313_0,0.0098,0.01385,0.0075,0.0106,0.0604,0.06205,0.0568,0.0564,0.0322,0.0343,0.0188,0.0201,0,0,0.7057057,0.60569394,-0.3146853,-0.18409425,-0.2627451,-0.26102942,0.5026455,0.4745098,9.824829346651,76.23871560606182,5313.0,Kochi,11,"{""type"":""MultiPoint"",""coordinates"":[]}",-23.571533784507867,-38.30337796632727,-23.88307256643624,-37.73336257336722
1_2_314_0_1_2_314_0,0.0144,0.0162,0.0085,0.0134,0.0687,0.0592,0.0558,0.0483,0.035,0.0313,0.0238,0.0202,0,0,0.5897436,0.4976744,-0.2460733,-0.10989011,-0.1904762,-0.21553399,0.40201005,0.41021898,9.861031452601017,76.1777199982701,5314.0,Kochi,11,"{""type"":""MultiPoint"",""coordinates"":[]}",-24.539758971071826,-37.443603173532765,-25.652687830454163,-36.85484139575902
1_2_315_0_1_2_315_0,0.0158,0.0169,0.0095,0.0129,0.0705,0.0607,0.0571,0.0505,0.0392,0.031,0.025,0.0194,0,0,0.5665295,0.49851632,-0.2254902,-0.06887052,-0.2211838,-0.23015873,0.3909866,0.4449213,9.874146855749162,76.17035381294032,5315.0,Kochi,11,"{""type"":""MultiPoint"",""coordinates"":[]}",-24.8369565563205,-39.921136775542124,-25.667346367778443,-39.51726427670895
1_2_316_0_1_2_316_0,0.2217,0.2155,0.11555,0.1102,0.0479,0.0503,0.0624,0.0673,0.0516,0.0487,0.3414,0.3464,1,1,-0.56071806,-0.5240453,-0.21257326,-0.2329596,0.7374046,0.75348014,-0.6909361,-0.67464346,10.04895901003882,76.41783967371525,5316.0,Kochi,11,"{""type"":""MultiPoint"",""coordinates"":[]}",-6.2795086724230895,-12.873908376026435,-5.61336234422857,-12.263777998136845
1_2_317_0_1_2_317_0,0.21435,0.2081,0.1893,0.1757,0.0784,0.0781,0.0913,0.0879,0.0976,0.0904,0.1409,0.1396,6,6,-0.40258464,-0.40608108,0.2067558,0.19700892,0.18155137,0.21391304,-0.21360895,-0.22725275,10.03557411230544,76.40705989030582,5317.0,Kochi,11,"{""type"":""MultiPoint"",""coordinates"":[]}",-10.712305529283435,-19.10884130921997,-6.696813406614829,-17.682064023487726
1_2_318_0_1_2_318_0,0.01005,0.0124,0.0072,0.0092,0.0585,0.0494,0.0615,0.0526,0.04225,0.0381,0.02555,0.0258,0,0,0.7190776,0.61846155,-0.43539324,-0.35078534,-0.24631268,-0.19248827,0.41298103,0.34183672,9.827883618617006,76.37975110566857,5318.0,Kochi,11,"{""type"":""MultiPoint"",""coordinates"":[]}",-20.220798424997604,-27.427595404259208,-21.41882653407665,-28.248854457614083
1_2_319_0_1_2_319_0,0.3042,0.2136,0.19275,0.1465,0.06775,0.1228,0.0955,0.1266,0.1378,0.1214,0.2829,0.2062,6,6,-0.52214164,-0.2557319,0.03628002,0.017627442,0.34490135,0.25885227,-0.49524313,-0.2391827,10.021201067759527,76.43912974594888,5319.0,Kochi,11,"{""type"":""MultiPoint"",""coordinates"":[]}",-8.482963450087585,-16.273436827450855,-8.3739535216761,-15.525101580557294
1_2_320_0_1_2_320_0,0.2152,0.2035,0.1763,0.1602,0.1247,0.1172,0.1421,0.1228,0.1485,0.1324,0.2382,0.2182,6,6,-0.20458998,-0.24731842,-0.050727833,-0.034858905,0.23196276,0.24472333,-0.25269523,-0.2797654,9.950054497257264,76.32064195997351,5320.0,Kochi,11,"{""type"":""MultiPoint"",""coordinates"":[]}",-5.745426476549251,-10.361029481261737,-7.235324193223155,-14.793138956265663
1_2_321_0_1_2_321_0,0.0139,0.0163,0.00915,0.0112,0.077,0.0634,0.0678,0.0604,0.0412,0.034,0.02645,0.0237,0,0,0.65973073,0.5749674,-0.3110285,-0.185,-0.218034,-0.17850953,0.43872678,0.43638524,9.972781873945486,76.15544177922393,5321.0,Kochi,11,"{""type"":""MultiPoint"",""coordinates"":[]}",-23.45966534917311,-37.31671705182928,-24.55714248446609,-40.970166839815754
1_2_322_0_1_2_322_0,0.19055,0.22625,0.1025,0.1324,0.0442,0.052,0.056,0.0689,0.0427,0.0609,0.2939,0.3294,1,6,-0.54573107,-0.5331187,-0.21333471,-0.18563844,0.7462864,0.6879324,-0.6799086,-0.6540296,9.903701428596694,76.40499376515234,5322.0,Kochi,11,"{""type"":""MultiPoint"",""coordinates"":[]}",-7.306371387373151,-13.812020923916863,-8.695358452411028,-15.201739949616774
1_2_323_0_1_2_323_0,0.0761,0.07815,0.0446,0.0431,0.0414,0.052,0.0543,0.0647,0.0494,0.04965,0.0742,0.0812,0,3,-0.16717792,-0.09415471,0.012641384,-0.019140257,0.20064725,0.24111578,-0.15486382,-0.113091156,9.8330938472649,76.30132818136495,5323.0,Kochi,11,"{""type"":""MultiPoint"",""coordinates"":[]}",-12.14612590201068,-18.751663271826878,-11.150538746675647,-18.281354250102964
1_2_324_0_1_2_324_0,0.1928,0.1813,0.13525,0.1389,0.0614,0.0532,0.0765,0.0631,0.06785,0.0559,0.2159,0.2058,6,6,-0.4318604,-0.4836334,-0.056520674,-0.06329114,0.52176213,0.57279325,-0.47674417,-0.53068054,10.020572247060644,76.22533070832843,5324.0,Kochi,11,"{""type"":""MultiPoint"",""coordinates"":[]}",-6.22992054260547,-11.310465357439437,-6.3732738999186545,-11.944798908047698
1_2_325_0_1_2_325_0,0.274,0.2245,0.17515,0.1363,0.0607,0.053,0.07995,0.0714,0.07555,0.065,0.2527,0.2094,1,2,-0.54824126,-0.51740456,0.040440477,0.034800645,0.5396801,0.52623904,-0.5193146,-0.491453,10.03970636261239,76.37058828977057,5325.0,Kochi,11,"{""type"":""MultiPoint"",""coordinates"":[]}",-9.580243056250415,-14.02036105688949,-8.471124393283898,-13.436481251969518
1_2_326_0_1_2_326_0,0.0108,0.01255,0.008,0.01025,0.0629,0.0616,0.0558,0.0529,0.0312,0.03155,0.0199,0.0226,0,0,0.6756757,0.61650115,-0.29641694,-0.2859175,-0.22113504,-0.16528162,0.47424042,0.4013245,9.779644087859788,76.2250612137432,5326.0,Kochi,11,"{""type"":""MultiPoint"",""coordinates"":[]}",-24.354721672364445,-36.43467928934881,-24.58731400828219,-38.966568021015874
1_2_327_0_1_2_327_0,0.01135,0.0142,0.00795,0.0099,0.0714,0.0631,0.0739,0.0673,0.0575,0.0506,0.0328,0.0316,0,0,0.73372436,0.6515337,-0.48584372,-0.37991267,-0.27353266,-0.23114355,0.38519213,0.36097068,9.84315497844704,76.34947788059375,5327.0,Kochi,11,"{""type"":""MultiPoint"",""coordinates"":[]}",-20.84860865122011,-29.340680375438957,-21.38179471240467,-29.461680870004102
1_2_328_0_1_2_328_0,0.0143,0.0152,0.0092,0.0111,0.07335,0.0674,0.06505,0.0648,0.03905,0.0368,0.0253,0.0238,0,0,0.63957155,0.62,-0.2777778,-0.22051282,-0.21367522,-0.21452145,0.43995574,0.46275395,10.018685784963994,76.16083167092866,5328.0,Kochi,11,"{""type"":""MultiPoint"",""coordinates"":[]}",-24.384586823386798,-38.12004344946554,-25.358432079777316,-35.007891775761124
1_2_329_0_1_2_329_0,0.0101,0.0126,0.00655,0.0086,0.0616,0.0638,0.06705,0.06975,0.04765,0.0516,0.0276,0.0305,0,0,0.7381724,0.6939891,-0.464191,-0.4153132,-0.2664452,-0.25700366,0.41679874,0.3915212,9.881782535664176,76.35567625605418,5329.0,Kochi,11,"{""type"":""MultiPoint"",""coordinates"":[]}",-20.866722809525523,-31.149475835395247,-21.54146133466146,-29.980369374341493
1_2_330_0_1_2_330_0,0.1851,0.1619,0.1548,0.1225,0.07345,0.0626,0.09645,0.0848,0.091,0.0708,0.2133,0.2288,6,6,-0.31486416,-0.31252533,-0.07078313,-0.17123112,0.401906,0.5273698,-0.3772397,-0.45918366,9.976285303553553,76.37885279038446,5330.0,Kochi,11,"{""type"":""MultiPoint"",""coordinates"":[]}",-1.41537821843567,-5.355035944660102,-6.637138527757673,-8.0166621934366
1_2_331_0_1_2_331_0,0.23305,0.2214,0.13175,0.13075,0.0528,0.05465,0.067,0.0775,0.0619,0.08395,0.2718,0.2068,1,6,-0.5534078,-0.48143193,-0.07675547,0.034096215,0.6290081,0.42252794,-0.6044864,-0.45480126,9.911426940040124,76.41316843423783,5331.0,Kochi,11,"{""type"":""MultiPoint"",""coordinates"":[]}",-8.94869284634705,-15.749427237780399,-10.341511516915055,-16.754371237992178
1_2_332_0_1_2_332_0,0.011,0.0142,0.008,0.01055,0.0662,0.0623,0.061,0.05955,0.0311,0.03385,0.0228,0.02085,0,0,0.6944444,0.61491525,-0.34911242,-0.18972896,-0.15398887,-0.23765996,0.45584726,0.48134327,9.761048961478515,76.24742926431777,5332.0,Kochi,11,"{""type"":""MultiPoint"",""coordinates"":[]}",-23.28114304542523,-35.187556042777175,-23.469124136954008,-35.28943063408613
1_2_333_0_1_2_333_0,0.20095,0.3146,0.1122,0.2051,0.052,0.07,0.0664,0.0922,0.068,0.1036,0.2184,0.2908,1,6,-0.5032729,-0.546706,-0.041612018,0.03931285,0.5251397,0.47464502,-0.53370786,-0.5185379,10.0750999848067,76.35980850636112,5333.0,Kochi,11,"{""type"":""MultiPoint"",""coordinates"":[]}",-7.234858837140136,-13.573597950631061,-8.582428654082586,-14.973591749871956
1_2_334_0_1_2_334_0,0.16005,0.1855,0.0837,0.0936,0.0492,0.059,0.062,0.0778,0.0433,0.0577,0.264,0.3268,6,6,-0.4415672,-0.4090391,-0.24513619,-0.27581495,0.71819067,0.69987,-0.6196319,-0.61542267,9.773984701569836,76.3978970744078,5334.0,Kochi,11,"{""type"":""MultiPoint"",""coordinates"":[]}",-6.221042168154314,-12.428683576702863,-6.140010059389359,-12.874023032362041
1_2_335_0_1_2_335_0,0.2146,0.2319,0.17555,0.1805,0.0789,0.0702,0.0924,0.0874,0.1016,0.083,0.1896,0.231,6,6,-0.3980456,-0.45255247,0.06185057,0.0019442644,0.3021978,0.4713376,-0.34468085,-0.451005,10.031082535884842,76.31049099726296,5335.0,Kochi,11,"{""type"":""MultiPoint"",""coordinates"":[]}",-7.043652203384935,-12.496222309581261,-6.595430078498616,-13.615021269713985
1_2_336_0_1_2_336_0,0.17555,0.1767,0.1279,0.113,0.0588,0.0616,0.0714,0.0756,0.0608,0.0592,0.2319,0.2432,6,6,-0.4217453,-0.40071344,-0.13829918,-0.15837105,0.5845576,0.6084656,-0.52917904,-0.52572143,9.97206322171819,76.30510110555825,5336.0,Kochi,11,"{""type"":""MultiPoint"",""coordinates"":[]}",-8.11513634937787,-14.108428807755516,-7.423534399597806,-13.512588397206088
1_2_337_0_1_2_337_0,0.0122,0.0158,0.0084,0.0099,0.078,0.0628,0.0692,0.061,0.0422,0.0354,0.0259,0.0221,0,0,0.7002457,0.5885417,-0.35958004,-0.16622691,-0.2393539,-0.23130435,0.4553102,0.4681107,9.920679587466552,76.1980219236912,5337.0,Kochi,11,"{""type"":""MultiPoint"",""coordinates"":[]}",-23.736743819630846,-34.98329252084791,-25.740909229040504,-36.70858401397894
1_2_338_0_1_2_338_0,0.01305,0.0131,0.00815,0.0102,0.08035,0.0693,0.0738,0.0684,0.04455,0.0409,0.026,0.0242,0,0,0.69948184,0.6785276,-0.33162612,-0.29758713,-0.2629341,-0.2565284,0.47895792,0.4773218,10.02263837221412,76.18319972150323,5338.0,Kochi,11,"{""type"":""MultiPoint"",""coordinates"":[]}",-23.02534336906516,-37.28972612992345,-22.5926561855539,-39.57534126090918
1_2_339_0_1_2_339_0,0.0559,0.0673,0.0316,0.0371,0.0304,0.048,0.0455,0.062,0.0319,0.0469,0.1252,0.1258,1,0,-0.102564104,-0.040989947,-0.38266152,-0.30295184,0.59388924,0.45686162,-0.466901,-0.3397231,9.80919866070732,76.30734689376855,5339.0,Kochi,11,"{""type"":""MultiPoint"",""coordinates"":[]}",-10.842188343279592,-17.633715548239834,-11.309390594387764,-17.918572386483284
1_2_340_0_1_2_340_0,0.0146,0.0131,0.0083,0.01,0.0732,0.0722,0.0665,0.0684,0.038,0.0426,0.02495,0.0244,0,0,0.6399507,0.6785276,-0.26169404,-0.30133334,-0.20730738,-0.2716418,0.45434663,0.47413793,10.049228504624056,76.1732284218495,5340.0,Kochi,11,"{""type"":""MultiPoint"",""coordinates"":[]}",-23.29973526737436,-37.29638879536289,-24.188470107457377,-35.61059360014952
1_2_341_0_1_2_341_0,0.22785,0.2342,0.16215,0.1426,0.07955,0.067,0.1105,0.078,0.1354,0.0693,0.2603,0.2728,6,6,-0.34683022,-0.5003203,-0.066475466,-0.07613412,0.31564316,0.5948553,-0.40399137,-0.55530214,9.949156181973144,76.37588834994686,5341.0,Kochi,11,"{""type"":""MultiPoint"",""coordinates"":[]}",-9.353393382826699,-13.903407653452525,-9.852276553718093,-16.403085210962473
1_2_342_0_1_2_342_0,0.10395,0.1007,0.05415,0.0483,0.0493,0.0529,0.05875,0.0616,0.05005,0.0453,0.189,0.1884,1,1,-0.2778119,-0.24091189,-0.29032257,-0.30335525,0.58125913,0.61232346,-0.52573156,-0.5072,10.026501127935832,76.27626518493801,5342.0,Kochi,11,"{""type"":""MultiPoint"",""coordinates"":[]}",-8.629828902802073,-15.317461928615987,-7.969372581476937,-14.613449288476229
1_2_343_0_1_2_343_0,0.1663,0.1995,0.0902,0.1872,0.0675,0.1062,0.07605,0.1136,0.0598,0.1282,0.2419,0.1766,1,6,-0.3723953,-0.27435324,-0.18520333,0.060888063,0.6035797,0.15879264,-0.5216229,-0.21709166,9.764462559558169,76.31740802495068,5343.0,Kochi,11,"{""type"":""MultiPoint"",""coordinates"":[]}",-6.4007463094679995,-12.930704841640878,-8.383031152376551,-16.167859719859116
1_2_344_0_1_2_344_0,0.20215,0.2021,0.13395,0.1188,0.05775,0.0575,0.0726,0.0758,0.0705,0.0603,0.2327,0.2866,6,6,-0.47151956,-0.45448002,-0.07025411,-0.17290771,0.53496045,0.65234935,-0.5244022,-0.5816777,10.01257724103198,76.33267938478072,5344.0,Kochi,11,"{""type"":""MultiPoint"",""coordinates"":[]}",-7.527946467062074,-14.088771181339661,-7.589439776877374,-12.899411690253917
1_2_345_0_1_2_345_0,0.22485,0.19745,0.12465,0.1073,0.0446,0.04075,0.0618,0.055,0.065,0.04725,0.2662,0.2726,1,1,-0.56881213,-0.56427014,-0.08420731,-0.15987661,0.6074879,0.704549,-0.62317073,-0.6642247,9.870643426141095,76.44937054018784,5345.0,Kochi,11,"{""type"":""MultiPoint"",""coordinates"":[]}",-5.730860029326928,-12.611280503096218,-5.949347333719768,-12.014432008760567
1_2_346_0_1_2_346_0,0.0144,0.0121,0.0114,0.0092,0.0784,0.0676,0.0725,0.0612,0.0464,0.0339,0.0294,0.0209,0,0,0.6685846,0.66984993,-0.34246576,-0.26666668,-0.22427441,-0.23722628,0.42296368,0.4908648,9.938645893148944,76.17834881896898,5346.0,Kochi,11,"{""type"":""MultiPoint"",""coordinates"":[]}",-24.177417321132147,-38.37882513410799,-24.95029078360085,-38.561651832855986
1_2_347_0_1_2_347_0,0.299,0.2189,0.2239,0.1716,0.0818,0.0764,0.0954,0.0846,0.1218,0.0898,0.2222,0.1926,5,5,-0.5162272,-0.4425041,0.14735226,0.06391252,0.29186046,0.36402267,-0.39924434,-0.38961038,9.943227301097954,76.27527703812548,5347.0,Kochi,11,"{""type"":""MultiPoint"",""coordinates"":[]}",-12.519906241355178,-18.146351747742038,-13.349443705375585,-20.20287494815822
1_2_348_0_1_2_348_0,0.01005,0.01145,0.00605,0.00825,0.056,0.0554,0.0613,0.0607,0.04225,0.04375,0.02535,0.0286,0,0,0.7182901,0.6826057,-0.43220338,-0.42821473,-0.25,-0.20939876,0.4148875,0.3594625,9.871631572953628,76.36313227291237,5348.0,Kochi,11,"{""type"":""MultiPoint"",""coordinates"":[]}",-20.467359202703907,-31.015022400224417,-21.172976022588564,-31.406066919651746
1_2_349_0_1_2_349_0,0.26085,0.1989,0.1544,0.1027,0.06555,0.0636,0.0863,0.0776,0.0868,0.0576,0.2483,0.3088,1,1,-0.5028086,-0.43869802,0.024648925,-0.21646641,0.4819457,0.6855895,-0.48416018,-0.5983437,10.026950285577891,76.3881952693393,5349.0,Kochi,11,"{""type"":""MultiPoint"",""coordinates"":[]}",-10.885048651056188,-17.24969335874468,-9.29512474735544,-15.553071521885414
1_2_350_0_1_2_350_0,0.0076,0.01395,0.007,0.0101,0.0583,0.06155,0.06,0.06045,0.0374,0.0357,0.0148,0.0235,0,0,0.7751479,0.625,-0.32142857,-0.25500667,-0.4329502,-0.20608108,0.6042781,0.44014293,9.84225666316292,76.25713106938626,5350.0,Kochi,11,"{""type"":""MultiPoint"",""coordinates"":[]}",-22.92183785484726,-32.80000937504731,-24.390512342979594,-36.8438186558072
1_2_351_0_1_2_351_0,0.2353,0.2107,0.1778,0.1534,0.0744,0.06515,0.088,0.08765,0.093,0.0699,0.2074,0.2242,6,6,-0.45561397,-0.41243505,0.06302236,-0.031041618,0.38082558,0.52465147,-0.4041977,-0.43787077,9.944754437080956,76.34139304303667,5351.0,Kochi,11,"{""type"":""MultiPoint"",""coordinates"":[]}",-8.330490267237725,-16.443308334917063,-8.595542415692174,-13.863008673211155
1_2_352_0_1_2_352_0,0.265,0.2465,0.1866,0.1697,0.06875,0.0764,0.0918,0.0964,0.1216,0.111,0.2036,0.2414,6,6,-0.485426,-0.43773696,0.1310286,0.010452962,0.25215253,0.37003404,-0.37846988,-0.42924806,10.049767493794528,76.34624394557092,5352.0,Kochi,11,"{""type"":""MultiPoint"",""coordinates"":[]}",-9.327664551431315,-14.981125783370533,-9.55921790677992,-15.411305535797181
1_2_353_0_1_2_353_0,0.1837,0.1833,0.09715,0.0879,0.04965,0.0477,0.068,0.0656,0.0573,0.046,0.2437,0.3078,1,1,-0.4596742,-0.47288066,-0.14038372,-0.25351253,0.61926913,0.7399661,-0.56368303,-0.6486342,10.057043847595898,76.32962511281471,5353.0,Kochi,11,"{""type"":""MultiPoint"",""coordinates"":[]}",-10.202664998280238,-16.008325620543577,-8.740766846840849,-15.086600768107445
1_2_354_0_1_2_354_0,0.1926,0.36495,0.1098,0.21745,0.04675,0.1013,0.064,0.1402,0.0568,0.1994,0.2466,0.3368,6,6,-0.50116915,-0.44491735,-0.12295082,0.040114,0.6255768,0.25624767,-0.5878944,-0.41215932,10.049587830737703,76.35855086496336,5354.0,Kochi,11,"{""type"":""MultiPoint"",""coordinates"":[]}",-8.907833494429486,-15.359284964993716,-8.374814315782693,-14.90246409668585
1_2_355_0_1_2_355_0,0.2129,0.2096,0.1226,0.1132,0.06425,0.0589,0.0819,0.0734,0.06445,0.0567,0.3216,0.3652,1,6,-0.44436908,-0.48127207,-0.20336764,-0.27070284,0.66610545,0.73121595,-0.594052,-0.6652987,9.794286626990935,76.33546416216149,5355.0,Kochi,11,"{""type"":""MultiPoint"",""coordinates"":[]}",-7.934702515168212,-13.125286852101187,-7.961887865131059,-14.255405996242867
1_2_356_0_1_2_356_0,0.34445,0.4857,0.23885,0.3194,0.0724,0.104,0.1023,0.1592,0.1492,0.2706,0.2566,0.3664,4,6,-0.54202574,-0.50628006,0.14616089,0.14000705,0.26466238,0.15039246,-0.42992476,-0.39421612,10.021470562344764,76.44981969782991,5356.0,Kochi,11,"{""type"":""MultiPoint"",""coordinates"":[]}",-11.035806915653199,-16.81772708505465,-11.686176114167733,-20.030688903221808
1_2_357_0_1_2_357_0,0.2071,0.21765,0.1309,0.14285,0.0491,0.06115,0.0578,0.07255,0.0544,0.09315,0.1837,0.2215,6,6,-0.5636089,-0.5,0.059877176,-0.008766936,0.54304916,0.40791357,-0.52132505,-0.5065465,9.913672728250422,76.39232751964626,5357.0,Kochi,11,"{""type"":""MultiPoint"",""coordinates"":[]}",-6.473933749027616,-13.138021095456793,-5.596352972446718,-12.912007521352113
1_2_358_0_1_2_358_0,0.16445,0.1993,0.0908,0.1344,0.06275,0.0742,0.07245,0.0888,0.05595,0.0836,0.2611,0.2632,1,6,-0.3883495,-0.38354737,-0.22711785,-0.13816217,0.64705884,0.51787776,-0.5655824,-0.49545455,9.791142523496518,76.35747288662242,5358.0,Kochi,11,"{""type"":""MultiPoint"",""coordinates"":[]}",-7.798563010971678,-13.158288270026542,-8.42983433338258,-16.17798216129635
1_2_359_0_1_2_359_0,0.11095,0.1094,0.0689,0.0628,0.0616,0.0553,0.07255,0.0708,0.0658,0.0592,0.1585,0.1566,1,1,-0.20926431,-0.21420644,-0.1764706,-0.17744361,0.4132858,0.45134383,-0.37199742,-0.3773087,9.995958408275769,76.22811548570921,5359.0,Kochi,11,"{""type"":""MultiPoint"",""coordinates"":[]}",-8.482627952485085,-16.02885651036752,-9.210007855531543,-14.883841592937483
1_2_360_0_1_2_360_0,0.01345,0.0141,0.00825,0.0106,0.0718,0.0698,0.0691,0.0694,0.04175,0.0404,0.0263,0.02365,0,0,0.6741369,0.66227543,-0.32327044,-0.25298014,-0.22703893,-0.26151446,0.4486373,0.49167114,10.091898480619736,76.1672097094459,5360.0,Kochi,11,"{""type"":""MultiPoint"",""coordinates"":[]}",-24.111705491691882,-36.1637949234411,-24.261624175986512,-33.512934200398206
1_2_361_0_1_2_361_0,0.17825,0.174,0.09245,0.0839,0.04145,0.0475,0.0592,0.0692,0.04665,0.0451,0.2822,0.3372,1,1,-0.5013687,-0.43092105,-0.2257574,-0.31924883,0.71628404,0.76405966,-0.65319276,-0.6594488,10.016619659810518,76.38388335597553,5361.0,Kochi,11,"{""type"":""MultiPoint"",""coordinates"":[]}",-5.7622073446456294,-11.78201861246404,-5.745838412379073,-12.622644025611635
1_2_362_0_1_2_362_0,0.2671,0.23355,0.2014,0.15945,0.0761,0.0727,0.0889,0.09005,0.10485,0.09815,0.1925,0.2064,6,6,-0.5005618,-0.4434487,0.16231506,0.061711557,0.29477048,0.35544246,-0.3681592,-0.39247766,9.980956543030974,76.36573738723632,5362.0,Kochi,11,"{""type"":""MultiPoint"",""coordinates"":[]}",-9.439594203686383,-14.655470615254929,-6.903564855171212,-13.645864303219135
1_2_363_0_1_2_363_0,0.0125,0.0125,0.0082,0.0102,0.079,0.0726,0.07915,0.0712,0.0477,0.0402,0.02885,0.0246,0,0,0.72722316,0.7013142,-0.39540508,-0.32614556,-0.24624428,-0.24074075,0.46574074,0.48643005,10.031262198941668,76.18499635207147,5363.0,Kochi,11,"{""type"":""MultiPoint"",""coordinates"":[]}",-22.023293325579676,-32.95212529166052,-24.172871961833167,-36.27744428493948
1_2_364_0_1_2_364_0,0.0166,0.0136,0.0124,0.0104,0.0728,0.05285,0.0561,0.04485,0.0317,0.02705,0.0277,0.01955,0,0,0.54332876,0.534645,-0.25056434,-0.17948718,-0.06734007,-0.16094421,0.33890215,0.39285713,9.770481271961769,76.15499262158187,5364.0,Kochi,11,"{""type"":""MultiPoint"",""coordinates"":[]}",-24.921178247858993,-36.87717571511067,-27.806277786058587,-42.23460588927597
1_2_365_0_1_2_365_0,0.0156,0.016,0.00995,0.0107,0.05955,0.0534,0.0621,0.0533,0.0453,0.0378,0.0415,0.036,0,0,0.5984556,0.53823954,-0.45359018,-0.3846154,-0.043778803,-0.024390243,0.1988417,0.193729,9.751706482523671,76.34067439080938,5365.0,Kochi,11,"{""type"":""MultiPoint"",""coordinates"":[]}",-20.26384837197554,-26.716917967739,-19.83783558698734,-27.23660045040246
1_2_366_0_1_2_366_0,0.2725,0.3026,0.25375,0.297,0.0785,0.0889,0.08235,0.0918,0.0914,0.098,0.1518,0.1504,6,6,-0.53586024,-0.5344828,0.28446853,0.33598235,0.24835527,0.21095008,-0.29660475,-0.2419488,10.027489274748364,76.31094015490503,5366.0,Kochi,11,"{""type"":""MultiPoint"",""coordinates"":[]}",2.2378571816336477,-4.886318410373179,2.268839133602871,-7.085759931228895
1_2_367_0_1_2_367_0,0.0122,0.013,0.008,0.0105,0.0809,0.0714,0.077,0.0706,0.0456,0.0438,0.0293,0.0251,0,0,0.7264574,0.68899524,-0.4120482,-0.3175853,-0.2176235,-0.27140784,0.44873002,0.4754441,9.929033919608864,76.21796452299866,5367.0,Kochi,11,"{""type"":""MultiPoint"",""coordinates"":[]}",-22.314502849066223,-34.79270785480375,-22.7631277611547,-33.96983526691146
1_2_368_0_1_2_368_0,0.0258,0.0158,0.016,0.0107,0.08,0.0704,0.0834,0.0714,0.0542,0.0433,0.0368,0.0258,0,0,0.52747256,0.63761467,-0.17571884,-0.24038461,-0.1912088,-0.25325614,0.38768718,0.4691358,9.90720485820476,76.23422402964121,5368.0,Kochi,11,"{""type"":""MultiPoint"",""coordinates"":[]}",-23.291567525496426,-32.55515930054129,-22.186980024216894,-32.29865218270685
1_2_369_0_1_2_369_0,0.0087,0.01345,0.0068,0.0102,0.0542,0.05595,0.0656,0.06265,0.0464,0.04595,0.0234,0.0281,0,0,0.76581424,0.64651775,-0.45794392,-0.35258725,-0.3295129,-0.24105334,0.4741573,0.38071626,9.835249803946787,76.28641614764857,5369.0,Kochi,11,"{""type"":""MultiPoint"",""coordinates"":[]}",-23.769751981531208,-31.337121044244427,-22.07689199211893,-30.89299748898476
1_2_370_0_1_2_370_0,0.216,0.198,0.10515,0.102,0.0412,0.0428,0.0569,0.06,0.04995,0.0365,0.3286,0.3716,1,1,-0.58299744,-0.53488374,-0.20675725,-0.30477527,0.7360983,0.8211223,-0.70479894,-0.7219648,10.07330335423846,76.43796193607953,5370.0,Kochi,11,"{""type"":""MultiPoint"",""coordinates"":[]}",-7.4296517596757905,-13.055745677765044,-6.858773873740938,-13.328437830087323
1_2_371_0_1_2_371_0,0.1844,0.1711,0.09765,0.079,0.05835,0.0607,0.0812,0.0851,0.06705,0.0515,0.3108,0.3606,6,6,-0.38855422,-0.33567524,-0.2552504,-0.35640398,0.64509726,0.7500607,-0.5857143,-0.6181288,9.923644027904148,76.36699502863408,5371.0,Kochi,11,"{""type"":""MultiPoint"",""coordinates"":[]}",-6.214349917599191,-13.676333452656078,-6.972248470374387,-13.17964738736444
1_2_372_0_1_2_372_0,0.18105,0.19455,0.11265,0.1184,0.0646,0.0641,0.0716,0.07845,0.0805,0.0664,0.2097,0.2344,1,6,-0.433208,-0.42527473,-0.07332054,-0.09290127,0.4452102,0.55851066,-0.49093494,-0.4984817,9.889148720993958,76.38460200820282,5372.0,Kochi,11,"{""type"":""MultiPoint"",""coordinates"":[]}",-9.130386981942063,-15.484732142639498,-8.892641015293599,-14.677665016646074
1_2_373_0_1_2_373_0,0.009,0.01405,0.0067,0.0107,0.0596,0.06325,0.0552,0.05595,0.0325,0.03225,0.0207,0.02295,0,0,0.7196262,0.5985714,-0.3939394,-0.24054053,-0.22180451,-0.16847827,0.45454547,0.41825095,9.83489047783314,76.22083913190784,5373.0,Kochi,11,"{""type"":""MultiPoint"",""coordinates"":[]}",-24.337349831394658,-33.778393690472626,-24.512375212451385,-35.04607894104544
1_2_374_0_1_2_374_0,0.0144,0.0163,0.0085,0.0111,0.081,0.0684,0.0756,0.0687,0.049,0.0412,0.0286,0.0248,0,0,0.68,0.6164706,-0.33023256,-0.20681265,-0.26288658,-0.24848485,0.45105568,0.46951872,9.917086326330075,76.21508991408948,5374.0,Kochi,11,"{""type"":""MultiPoint"",""coordinates"":[]}",-24.239718783261964,-37.307228725494426,-25.035415846713185,-34.279769654245975
1_2_375_0_1_2_375_0,0.0189,0.0202,0.0127,0.0148,0.0648,0.0659,0.0634,0.0708,0.0502,0.0572,0.0375,0.0379,0,0,0.5407047,0.556044,-0.32978722,-0.30464715,-0.14481185,-0.20294426,0.2566898,0.3026679,9.943227301097954,76.2911772186544,5375.0,Kochi,11,"{""type"":""MultiPoint"",""coordinates"":[]}",-21.505566443296857,-27.151884897498718,-21.436468940293764,-26.191474130175948
1_2_376_0_1_2_376_0,0.0106,0.0116,0.007,0.00905,0.0607,0.05905,0.0654,0.0641,0.04855,0.0465,0.02765,0.02725,0,0,0.72105265,0.6935271,-0.44575164,-0.4028314,-0.27427822,-0.26101694,0.40569586,0.40339354,9.863187409282904,76.34660327168457,5376.0,Kochi,11,"{""type"":""MultiPoint"",""coordinates"":[]}",-21.816817436223356,-28.624599574356036,-21.290578007035364,-29.975133628134827
1_2_377_0_1_2_377_0,0.013,0.0131,0.0102,0.0096,0.0814,0.0742,0.078,0.0746,0.0505,0.0457,0.0318,0.0266,0,0,0.71428573,0.70125425,-0.41964287,-0.34005037,-0.2272175,-0.26417705,0.420765,0.4743083,9.92885425655204,76.22928329557855,5377.0,Kochi,11,"{""type"":""MultiPoint"",""coordinates"":[]}",-22.79069724512688,-31.91885100515053,-23.46096818155795,-31.72354176020778
1_2_378_0_1_2_378_0,0.15165,0.1643,0.07735,0.0771,0.04705,0.0438,0.0595,0.0649,0.0396,0.0392,0.2803,0.2979,1,1,-0.4364196,-0.43368238,-0.2978354,-0.28905237,0.75242263,0.76742804,-0.649794,-0.6422271,9.920859250523378,76.41325826576623,5378.0,Kochi,11,"{""type"":""MultiPoint"",""coordinates"":[]}",-7.596270229928955,-13.85358805859109,-7.762849402903338,-13.367860613605407
1_2_379_0_1_2_379_0,0.26405,0.2506,0.23175,0.223,0.06565,0.089,0.07915,0.0975,0.07535,0.0984,0.2328,0.2128,6,6,-0.5387529,-0.43981615,0.062896244,0.081571,0.5109525,0.36760926,-0.4925469,-0.3715759,9.980597216917326,76.28830260974522,5379.0,Kochi,11,"{""type"":""MultiPoint"",""coordinates"":[]}",-7.321156716093129,-13.859875707306351,-6.621087448439853,-12.639222421980543
1_2_380_0_1_2_380_0,0.1888,0.1659,0.117,0.107,0.061,0.06,0.08335,0.0792,0.0711,0.0658,0.2938,0.2822,6,6,-0.38747016,-0.35373318,-0.21757148,-0.2595403,0.6103042,0.6218391,-0.5580008,-0.56170446,9.975207325212608,76.30644857848442,5380.0,Kochi,11,"{""type"":""MultiPoint"",""coordinates"":[]}",-9.12039139923099,-15.029799239253844,-9.291668145655084,-16.072488980852437
1_2_381_0_1_2_381_0,0.0149,0.0171,0.0103,0.0114,0.0662,0.0647,0.0722,0.0733,0.0552,0.0576,0.0402,0.0363,0,0,0.6578645,0.6216814,-0.45916516,-0.35955057,-0.1572327,-0.22683705,0.2846975,0.33759123,9.8947182757555,76.29764508870005,5381.0,Kochi,11,"{""type"":""MultiPoint"",""coordinates"":[]}",-21.50512550915932,-29.81348636956765,-21.52012036893669,-30.76402920367086
1_2_382_0_1_2_382_0,0.1574,0.1749,0.0836,0.09,0.05425,0.0492,0.0618,0.065,0.0506,0.0542,0.2308,0.2426,1,1,-0.4361314,-0.45810753,-0.1890778,-0.16215569,0.6403696,0.6347709,-0.57758033,-0.5773732,9.779015267160904,76.42026512498236,5382.0,Kochi,11,"{""type"":""MultiPoint"",""coordinates"":[]}",-5.574044234922495,-13.249459466804542,-7.075488485251785,-13.753316194663686
1_2_383_0_1_2_383_0,0.2416,0.2433,0.2185,0.2211,0.1188,0.1142,0.1386,0.1276,0.1426,0.12,0.2276,0.2302,6,6,-0.27091005,-0.31194392,0.029838022,0.027666315,0.22960562,0.31467733,-0.2430366,-0.28675237,9.926338973756506,76.27357023908566,5383.0,Kochi,11,"{""type"":""MultiPoint"",""coordinates"":[]}",-6.241465952703581,-14.802461386759628,-4.903947704158391,-14.76044240081344
1_2_384_0_1_2_384_0,0.20075,0.1925,0.1032,0.0957,0.05005,0.0525,0.0662,0.0659,0.05245,0.0472,0.3494,0.3508,1,1,-0.50402695,-0.48993808,-0.27019903,-0.29136756,0.73895735,0.76281404,-0.68142444,-0.68370533,10.049947156851353,76.32306741124064,5384.0,Kochi,11,"{""type"":""MultiPoint"",""coordinates"":[]}",-7.971864606504452,-12.630324490167784,-7.811009720253022,-13.616760704019125
1_2_385_0_1_2_385_0,0.1009,0.1686,0.05315,0.0868,0.052,0.0512,0.06065,0.066,0.0601,0.043,0.1648,0.3232,3,1,-0.24914888,-0.43734014,-0.2404968,-0.31435543,0.46554023,0.7651557,-0.46196496,-0.6608428,9.757276037285212,76.42107360873808,5385.0,Kochi,11,"{""type"":""MultiPoint"",""coordinates"":[]}",-11.696010577624408,-17.144357822846366,-10.591175283898394,-18.733659813179163
1_2_386_0_1_2_386_0,0.2794,0.3491,0.2683,0.2818,0.1066,0.0937,0.119,0.1078,0.1324,0.1198,0.1666,0.197,6,6,-0.40261045,-0.52812433,0.2529148,0.2785204,0.11438127,0.24368687,-0.16666667,-0.2926509,9.97799210259338,76.34768125002552,5386.0,Kochi,11,"{""type"":""MultiPoint"",""coordinates"":[]}",-8.034601174717944,-19.15317019626416,-8.949685714986822,-17.707683530149268
1_2_387_0_1_2_387_0,0.0152,0.0162,0.01125,0.0122,0.072,0.0672,0.0736,0.0701,0.0598,0.0537,0.0319,0.0278,0,0,0.6576577,0.6245655,-0.35456476,-0.26363635,-0.304253,-0.3177914,0.39526066,0.43207353,9.955085062848331,76.26476674930129,5387.0,Kochi,11,"{""type"":""MultiPoint"",""coordinates"":[]}",-20.663814552481412,-27.651937815541757,-20.289722386120353,-27.1408507149907
1_2_388_0_1_2_388_0,0.25025,0.29325,0.14605,0.19455,0.0664,0.073,0.0869,0.09685,0.08415,0.1076,0.304,0.306,1,6,-0.48450243,-0.50346065,-0.0969779,-0.021276595,0.56640476,0.47969052,-0.555385,-0.5191759,9.909360814886648,76.37606801300369,5388.0,Kochi,11,"{""type"":""MultiPoint"",""coordinates"":[]}",-8.965885011572198,-14.302008428633812,-9.451115194432946,-15.586792346325112
1_2_389_0_1_2_389_0,0.1778,0.1716,0.08845,0.0815,0.0555,0.0556,0.0754,0.0794,0.0561,0.0533,0.305,0.3474,1,1,-0.4044234,-0.36733067,-0.26346314,-0.33872834,0.6892828,0.7339656,-0.60357517,-0.6279288,9.90989980405712,76.37202559422515,5389.0,Kochi,11,"{""type"":""MultiPoint"",""coordinates"":[]}",-9.339229609381988,-13.930995552460935,-8.089792348813717,-13.246173167885985
1_2_390_0_1_2_390_0,0.011,0.01175,0.0068,0.0091,0.0568,0.05615,0.0607,0.0591,0.04105,0.04175,0.02665,0.0271,0,0,0.69316596,0.6683133,-0.41567066,-0.3951094,-0.21270311,-0.21278141,0.3898111,0.3712297,9.896694569380562,76.35540676146894,5390.0,Kochi,11,"{""type"":""MultiPoint"",""coordinates"":[]}",-21.738764712187937,-29.279470164790116,-20.733861553886996,-29.40282508482626
1_2_391_0_1_2_391_0,0.0102,0.0144,0.0069,0.012,0.074,0.0665,0.0666,0.0624,0.0402,0.037,0.0241,0.0236,0,0,0.734375,0.625,-0.4052478,-0.24210526,-0.2503888,-0.22112212,0.46857774,0.4511628,9.868756964044444,76.23611049173788,5391.0,Kochi,11,"{""type"":""MultiPoint"",""coordinates"":[]}",-25.133311827484743,-37.082303294527506,-25.553151496639916,-35.75867284793739
1_2_392_0_1_2_392_0,0.024,0.0239,0.0156,0.0153,0.0611,0.0604,0.06495,0.068,0.05695,0.0554,0.0434,0.0349,0,0,0.460371,0.47986943,-0.28783384,-0.18707483,-0.13502741,-0.22702104,0.19889247,0.32167152,10.049138673095644,76.25731073244309,5392.0,Kochi,11,"{""type"":""MultiPoint"",""coordinates"":[]}",-18.08094680912725,-24.674526253984517,-20.03875839951312,-25.89675645340211
1_2_393_0_1_2_393_0,0.0171,0.0177,0.0116,0.012,0.0845,0.0794,0.08985,0.0854,0.0632,0.0647,0.0331,0.0342,0,0,0.6802244,0.65664405,-0.3187251,-0.31791908,-0.3125649,-0.30839232,0.46156976,0.42809364,10.020662078589057,76.21068816919728,5393.0,Kochi,11,"{""type"":""MultiPoint"",""coordinates"":[]}",-22.563195408973378,-30.68867041088196,-21.396401930814385,-31.226157922280287
1_2_394_0_1_2_394_0,0.01025,0.0126,0.007,0.00895,0.06045,0.06035,0.0653,0.06685,0.0467,0.04625,0.0267,0.02605,0,0,0.72865653,0.68281937,-0.4451962,-0.34799483,-0.27247956,-0.27939144,0.41956523,0.43918192,9.879896073567528,76.34426765194586,5394.0,Kochi,11,"{""type"":""MultiPoint"",""coordinates"":[]}",-20.343381753215837,-29.325396884838007,-21.910131746890773,-30.227387117463316
1_2_395_0_1_2_395_0,0.2174,0.23375,0.11855,0.1194,0.0607,0.0619,0.07675,0.0916,0.0742,0.0493,0.3142,0.4866,1,2,-0.4781574,-0.4369141,-0.1820918,-0.35100994,0.6179197,0.8160105,-0.6073667,-0.68315464,9.88690293278366,76.40508359668075,5395.0,Kochi,11,"{""type"":""MultiPoint"",""coordinates"":[]}",-8.007923684535013,-13.35203647462756,-8.999269816194262,-14.06312451718981
1_2_396_0_1_2_396_0,0.1771,0.1654,0.08855,0.0814,0.03555,0.0419,0.05395,0.0596,0.03685,0.0366,0.3168,0.3176,1,1,-0.53300154,-0.47022223,-0.28285077,-0.31511387,0.79160184,0.7933371,-0.7089683,-0.68398726,10.072045712840692,76.42826013101103,5396.0,Kochi,11,"{""type"":""MultiPoint"",""coordinates"":[]}",-7.063756699082149,-13.971289384449786,-6.8334318276849455,-12.508566170702887
1_2_397_0_1_2_397_0,0.0113,0.014,0.0087,0.0106,0.0516,0.0567,0.0457,0.04875,0.0242,0.02995,0.0136,0.0206,0,0,0.6035088,0.55378485,-0.092369474,-0.19075145,-0.28042328,-0.18496539,0.5413153,0.40591204,9.813959731713156,76.19820158674803,5397.0,Kochi,11,"{""type"":""MultiPoint"",""coordinates"":[]}",-25.622507112762165,-38.33499882761956,-25.22593011288395,-37.68744937082466
1_2_398_0_1_2_398_0,0.02035,0.0167,0.01465,0.0116,0.06555,0.0664,0.0713,0.0722,0.05845,0.0547,0.04345,0.0407,0,0,0.55591923,0.62429696,-0.36206895,-0.41811848,-0.14720315,-0.14675052,0.24270153,0.27900797,10.079411898170472,76.23593082868105,5398.0,Kochi,11,"{""type"":""MultiPoint"",""coordinates"":[]}",-20.79949787461026,-29.240580047543332,-20.531210898787563,-29.301128087027575
1_2_399_0_1_2_399_0,0.1348,0.1422,0.0672,0.0681,0.0481,0.0522,0.06605,0.0724,0.0484,0.0508,0.2962,0.301,1,1,-0.34229526,-0.3252563,-0.37447795,-0.35830325,0.7190946,0.7111995,-0.63533473,-0.6122121,10.034855460078145,76.39295634034514,5399.0,Kochi,11,"{""type"":""MultiPoint"",""coordinates"":[]}",-6.180497650395114,-13.073935888264668,-6.809880946240687,-13.456064112283618
1_2_400_0_1_2_400_0,0.20885,0.1741,0.18135,0.1533,0.078,0.075,0.0914,0.0902,0.0995,0.0856,0.1795,0.1792,6,6,-0.39117402,-0.3174423,0.07557616,-0.014435324,0.28673837,0.35347432,-0.32521227,-0.33036378,10.032070682697372,76.30977234503567,5400.0,Kochi,11,"{""type"":""MultiPoint"",""coordinates"":[]}",-9.325028497771711,-15.836436311965475,-8.489313602776395,-16.230319964698786
1_2_401_0_1_2_401_0,0.012,0.0129,0.00845,0.0096,0.0777,0.0675,0.07355,0.0604,0.0486,0.0348,0.0288,0.0218,0,0,0.7194623,0.6480218,-0.4117647,-0.25648415,-0.25581396,-0.22968198,0.4372252,0.46958637,9.960834280666695,76.17448606324727,5401.0,Kochi,11,"{""type"":""MultiPoint"",""coordinates"":[]}",-23.107139529986576,-35.00688970755135,-25.50001740695111,-37.97681827633904
1_2_402_0_1_2_402_0,0.0235,0.0267,0.0171,0.0191,0.0576,0.0585,0.0651,0.0646,0.0528,0.0534,0.0484,0.05,0,0,0.46952596,0.415115,-0.3463143,-0.30378097,-0.04347826,-0.032882012,0.14713657,0.12739965,9.940891681359243,76.30465194791618,5402.0,Kochi,11,"{""type"":""MultiPoint"",""coordinates"":[]}",-20.064098273643527,-24.21222465921916,-18.897351624924724,-25.013728239257077
1_2_403_0_1_2_403_0,0.0126,0.0129,0.00855,0.0102,0.08085,0.0747,0.07745,0.0744,0.04885,0.0458,0.02875,0.0254,0,0,0.7201555,0.70446736,-0.39056832,-0.32637075,-0.25902063,-0.28651685,0.45856875,0.49098197,10.043209792220456,76.1928116950433,5403.0,Kochi,11,"{""type"":""MultiPoint"",""coordinates"":[]}",-22.235474157904957,-35.47148659134493,-22.881862047686962,-33.80485334801493
1_2_404_0_1_2_404_0,0.0208,0.019,0.01335,0.0121,0.06655,0.0598,0.0691,0.07,0.0556,0.0548,0.04285,0.0438,0,0,0.53726363,0.5730337,-0.34642577,-0.39490446,-0.12950736,-0.111561865,0.23447968,0.23022847,10.054438733271953,76.22272559400449,5404.0,Kochi,11,"{""type"":""MultiPoint"",""coordinates"":[]}",-21.401187126915456,-29.297276069195206,-21.935871825804757,-28.342132535384522
1_2_405_0_1_2_405_0,0.28355,0.2731,0.1998,0.1817,0.07205,0.0609,0.0927,0.07665,0.1138,0.08935,0.2293,0.2404,6,6,-0.5072425,-0.56168693,0.10578142,0.06368063,0.33663654,0.4580743,-0.4242236,-0.51648,9.906396374449052,76.42134310332331,5405.0,Kochi,11,"{""type"":""MultiPoint"",""coordinates"":[]}",-10.082312134412001,-16.74224494515345,-9.608639844382616,-15.486432510698487
1_2_406_0_1_2_406_0,0.16845,0.1526,0.08665,0.0757,0.0578,0.057,0.07035,0.0776,0.0548,0.0554,0.3067,0.3296,4,4,-0.41080403,-0.32580364,-0.29096076,-0.3670676,0.6968188,0.7122078,-0.62683994,-0.6188605,9.769672788206062,76.4460467736366,5406.0,Kochi,11,"{""type"":""MultiPoint"",""coordinates"":[]}",-12.355546233453143,-17.546794444241087,-10.099508310970489,-16.917730085980946
1_2_407_0_1_2_407_0,0.23985,0.2422,0.1923,0.2052,0.0806,0.0839,0.0792,0.0845,0.0916,0.0906,0.1517,0.1532,6,6,-0.5035261,-0.48270583,0.22513089,0.22508852,0.24702014,0.25676784,-0.31398875,-0.28901976,9.961283438308756,76.2574005639715,5407.0,Kochi,11,"{""type"":""MultiPoint"",""coordinates"":[]}",-6.329555408641879,-15.779825862183463,-5.294915149983021,-14.604666849837713
1_2_408_0_1_2_408_0,0.168,0.1735,0.0845,0.0952,0.06705,0.0656,0.0801,0.0846,0.0617,0.0718,0.3084,0.3016,1,1,-0.35429263,-0.34444013,-0.29471034,-0.26962745,0.6665766,0.6154258,-0.5876448,-0.56188506,9.756467553529506,76.31668937272339,5408.0,Kochi,11,"{""type"":""MultiPoint"",""coordinates"":[]}",-6.336844358101405,-12.37004448228759,-5.435749378414647,-13.253743892739195
1_2_409_0_1_2_409_0,0.1983,0.1821,0.12315,0.1075,0.0635,0.075,0.07285,0.0808,0.07195,0.0727,0.2213,0.231,6,6,-0.46265903,-0.38531762,-0.054814108,-0.118373275,0.5092924,0.5212381,-0.5046745,-0.48171905,10.055696374669717,76.3159707204961,5409.0,Kochi,11,"{""type"":""MultiPoint"",""coordinates"":[]}",-7.079470053529743,-14.39739791713652,-5.32075812232205,-14.536228806705967
1_2_410_0_1_2_410_0,0.1813,0.1858,0.1035,0.1153,0.0647,0.065,0.0843,0.0864,0.06995,0.0692,0.2526,0.2714,6,6,-0.36521083,-0.36517265,-0.16432358,-0.1872266,0.5662688,0.59365827,-0.49955475,-0.51704866,10.072225375897515,76.28785345210315,5410.0,Kochi,11,"{""type"":""MultiPoint"",""coordinates"":[]}",-9.145675209272486,-15.654825469021175,-7.409224555657435,-13.900497273993365
1_2_411_0_1_2_411_0,0.0142,0.0164,0.0082,0.0109,0.0802,0.0681,0.0741,0.0658,0.0448,0.0373,0.0293,0.023,0,0,0.6783692,0.60097325,-0.34712642,-0.16751269,-0.2091768,-0.2371476,0.43326885,0.481982,9.914660875062951,76.20547794054939,5411.0,Kochi,11,"{""type"":""MultiPoint"",""coordinates"":[]}",-22.634481601670863,-36.02565937544318,-24.087222297093245,-35.85635627318792
1_2_412_0_1_2_412_0,0.12275,0.1261,0.05515,0.0575,0.0529,0.0508,0.06335,0.0656,0.0456,0.0441,0.2124,0.235,0,0,-0.31918323,-0.3155973,-0.26749218,-0.30157852,0.6465116,0.6839842,-0.54052585,-0.56353956,10.094862921057327,76.19757276604913,5412.0,Kochi,11,"{""type"":""MultiPoint"",""coordinates"":[]}",-9.014050153255805,-15.677174232573957,-9.506427913697403,-16.668579445735464
1_2_413_0_1_2_413_0,0.0486,0.0838,0.0336,0.0377,0.06,0.0466,0.0632,0.0618,0.0508,0.0416,0.0756,0.1754,0,1,0.13059033,-0.1510989,-0.2173913,-0.35339507,0.19620253,0.61658984,-0.08933718,-0.47892073,9.84459228290163,76.31480291062674,5413.0,Kochi,11,"{""type"":""MultiPoint"",""coordinates"":[]}",-13.54430597672285,-19.456410457494215,-7.17883688084833,-13.676225929244637
1_2_414_0_1_2_414_0,0.19045,0.2091,0.0973,0.1133,0.0474,0.05,0.075,0.0788,0.0486,0.0552,0.3794,0.3532,1,1,-0.43492183,-0.4525877,-0.3315785,-0.2562689,0.7728972,0.7296768,-0.66989434,-0.6351852,10.028836747674545,76.43948907206253,5414.0,Kochi,11,"{""type"":""MultiPoint"",""coordinates"":[]}",-7.217222338608511,-14.133393431201828,-7.255262445258771,-13.567187807082806
1_2_415_0_1_2_415_0,0.0187,0.0169,0.0106,0.0121,0.0869,0.0766,0.09405,0.0838,0.0666,0.0616,0.0413,0.0404,0,0,0.6682927,0.66434956,-0.37666667,-0.41012216,-0.23447637,-0.20784314,0.38973033,0.3494364,10.054079407158302,76.2009863641288,5415.0,Kochi,11,"{""type"":""MultiPoint"",""coordinates"":[]}",-22.176673308368514,-30.67617578366928,-21.869268055140406,-30.721569189502745
1_2_416_0_1_2_416_0,0.0147,0.0192,0.0092,0.012,0.0812,0.0749,0.083,0.0783,0.05715,0.0548,0.03345,0.0303,0,0,0.6990788,0.60615385,-0.3894081,-0.22424242,-0.2615894,-0.2878966,0.4255045,0.44198895,9.961822427479229,76.23422402964121,5416.0,Kochi,11,"{""type"":""MultiPoint"",""coordinates"":[]}",-21.916538442675062,-29.718130859758727,-22.214206923947163,-30.49968929338453
1_2_417_0_1_2_417_0,0.19085,0.2191,0.10595,0.1281,0.0563,0.0794,0.0752,0.0885,0.0619,0.0852,0.3414,0.2574,6,6,-0.43469274,-0.4245774,-0.2828558,-0.08037776,0.6930325,0.50262696,-0.63898224,-0.4882914,9.951132475598206,76.37714599134463,5417.0,Kochi,11,"{""type"":""MultiPoint"",""coordinates"":[]}",-4.31950341428222,-13.289732721035964,-3.4923855452621027,-13.105364216442844
1_2_418_0_1_2_418_0,0.0097,0.01265,0.008,0.00975,0.0608,0.06395,0.0554,0.0566,0.0342,0.03375,0.0186,0.02265,0,0,0.7019969,0.634657,-0.31448764,-0.28328612,-0.29545453,-0.19680852,0.4972973,0.42839116,9.832105700452368,76.22425272998748,5418.0,Kochi,11,"{""type"":""MultiPoint"",""coordinates"":[]}",-22.50252669942813,-35.58089329225939,-24.8779594294343,-38.29551401597786
1_2_419_0_1_2_419_0,0.1806,0.208,0.0981,0.1137,0.0586,0.0542,0.07515,0.0732,0.0575,0.0525,0.2788,0.3066,1,6,-0.4123167,-0.4793741,-0.21375707,-0.19160514,0.6580434,0.7076023,-0.57536376,-0.61453396,9.760240477722808,76.36501873500902,5419.0,Kochi,11,"{""type"":""MultiPoint"",""coordinates"":[]}",-6.83749787371817,-12.262515149642205,-7.990093198714011,-13.477740170871613
1_2_420_0_1_2_420_0,0.0151,0.0141,0.009,0.0094,0.0648,0.0652,0.07065,0.072,0.05745,0.0562,0.03655,0.036,0,0,0.64781344,0.67247385,-0.41529524,-0.43712574,-0.22234042,-0.21908894,0.31809703,0.33333334,10.084262800704716,76.24194954108465,5420.0,Kochi,11,"{""type"":""MultiPoint"",""coordinates"":[]}",-21.34192205790844,-29.62424305099762,-20.603853530399743,-28.641707080207517
1_2_421_0_1_2_421_0,0.01425,0.0167,0.01005,0.0122,0.0815,0.0744,0.08275,0.0808,0.0554,0.0557,0.0308,0.0294,0,0,0.7061856,0.6574359,-0.3673696,-0.27548808,-0.28538284,-0.30904818,0.4575077,0.46642467,9.987065086962986,76.21185597906664,5421.0,Kochi,11,"{""type"":""MultiPoint"",""coordinates"":[]}",-22.8257235266899,-30.378795998953855,-21.398047369396323,-31.938096489129446
1_2_422_0_1_2_422_0,0.2051,0.2125,0.1192,0.127,0.0608,0.06845,0.077,0.0897,0.06835,0.0754,0.2685,0.2832,1,6,-0.4540943,-0.4063534,-0.13386825,-0.14262658,0.59418136,0.57947576,-0.5542692,-0.5189059,9.903521765539873,76.42152276638014,5422.0,Kochi,11,"{""type"":""MultiPoint"",""coordinates"":[]}",-8.121613767590052,-13.259954259080388,-6.1846289767545155,-13.886956482158189
1_2_423_0_1_2_423_0,0.0095,0.01355,0.0079,0.01045,0.0586,0.06155,0.056,0.0555,0.0339,0.03495,0.0205,0.01985,0,0,0.7099237,0.6075308,-0.36666667,-0.18862276,-0.24632353,-0.27554744,0.4640523,0.47312543,9.82294288455435,76.23844611147658,5423.0,Kochi,11,"{""type"":""MultiPoint"",""coordinates"":[]}",-23.24629709598694,-33.40448525625867,-25.010488682157977,-35.03553819106719
1_2_424_0_1_2_424_0,0.0169,0.019,0.0122,0.0137,0.0694,0.07,0.0724,0.0728,0.0611,0.0622,0.0393,0.0381,0,0,0.62150055,0.58605665,-0.3985765,-0.33450088,-0.21713148,-0.24027917,0.29632947,0.3128945,9.934693305898818,76.2963874473023,5424.0,Kochi,11,"{""type"":""MultiPoint"",""coordinates"":[]}",-21.557706763370007,-25.782887579026934,-20.090988121476634,-25.160841857761493
1_2_425_0_1_2_425_0,0.08655,0.0975,0.0386,0.0425,0.06055,0.0506,0.06745,0.0624,0.052,0.0457,0.11335,0.1302,0,0,-0.12402597,-0.2195122,-0.13406703,-0.14361002,0.37103114,0.48038658,-0.25387168,-0.3520249,9.757365868813624,76.37130694199786,5425.0,Kochi,11,"{""type"":""MultiPoint"",""coordinates"":[]}",-10.130180096354117,-15.698727651863436,-9.692009081942512,-16.631239115941984
1_2_426_0_1_2_426_0,0.1773,0.1708,0.10055,0.0986,0.05345,0.0474,0.0629,0.0612,0.0506,0.0554,0.2722,0.2722,1,1,-0.47626978,-0.47241378,-0.21112347,-0.2288939,0.68649316,0.6617827,-0.6245897,-0.6328734,9.83075822752619,76.44955020324467,5426.0,Kochi,11,"{""type"":""MultiPoint"",""coordinates"":[]}",-9.341848706225019,-15.509263729386976,-11.080713972482384,-17.174939634182156
1_2_427_0_1_2_427_0,0.1909,0.1808,0.1035,0.09235,0.0566,0.05615,0.0769,0.07525,0.05105,0.05035,0.3147,0.331,4,4,-0.4256908,-0.41222417,-0.2448576,-0.29347402,0.72084755,0.73593813,-0.6072523,-0.6295385,9.937747577864824,76.40328696611252,5427.0,Kochi,11,"{""type"":""MultiPoint"",""coordinates"":[]}",-9.225845264254684,-15.984887250360085,-8.075465400998313,-14.768272508287914
1_2_428_0_1_2_428_0,0.29385,0.2579,0.19215,0.1698,0.0656,0.0746,0.09295,0.087,0.1262,0.1032,0.2638,0.227,6,6,-0.51938987,-0.49550593,0.053886846,0.06372448,0.35282052,0.3749243,-0.4789068,-0.44585988,10.01859595343558,76.35459827771324,5428.0,Kochi,11,"{""type"":""MultiPoint"",""coordinates"":[]}",-6.908316064523181,-13.20042236126435,-5.996843702488506,-12.143211050761565
1_2_429_0_1_2_429_0,0.02585,0.0206,0.0164,0.0119,0.0594,0.0583,0.06545,0.0657,0.0525,0.0482,0.05745,0.0488,0,0,0.43373495,0.5225956,-0.37935174,-0.40634006,0.045020465,0.006185567,0.06509357,0.14759825,10.086418757386603,76.21787469147024,5429.0,Kochi,11,"{""type"":""MultiPoint"",""coordinates"":[]}",-17.31150010779033,-25.830141229923996,-21.493748177663914,-27.91025300248905
1_2_430_0_1_2_430_0,0.01765,0.0163,0.01195,0.0112,0.0671,0.0629,0.0737,0.0722,0.0615,0.0592,0.0375,0.0388,0,0,0.61357415,0.6316384,-0.35992748,-0.40834847,-0.24242425,-0.20816326,0.32553956,0.3009009,10.083274653892186,76.24491398152225,5430.0,Kochi,11,"{""type"":""MultiPoint"",""coordinates"":[]}",-20.831748818182135,-29.37237852223189,-21.171987898531945,-27.702821992326886
1_2_431_0_1_2_431_0,0.18105,0.1842,0.09265,0.0963,0.0442,0.0483,0.0645,0.0711,0.0485,0.0484,0.3007,0.3212,1,1,-0.47464874,-0.4430082,-0.24836533,-0.27107242,0.7222222,0.7380952,-0.64676887,-0.6375223,10.05497772244242,76.37525952924798,5431.0,Kochi,11,"{""type"":""MultiPoint"",""coordinates"":[]}",-7.003906293874594,-12.4154886732067,-7.161820298108653,-14.015279520852875
1_2_432_0_1_2_432_0,0.01755,0.0173,0.01155,0.0114,0.07525,0.0679,0.0795,0.0694,0.061,0.0498,0.0372,0.032,0,0,0.63833076,0.6009227,-0.35890412,-0.29817444,-0.24236253,-0.2176039,0.36246786,0.36883628,9.97107507490566,76.26314978178986,5432.0,Kochi,11,"{""type"":""MultiPoint"",""coordinates"":[]}",-20.979400986857215,-27.62687589095929,-21.617552232225794,-28.610695453652045
1_2_433_0_1_2_433_0,0.0122,0.01425,0.009,0.01,0.0481,0.0511,0.064,0.0583,0.0359,0.04165,0.0222,0.0283,0,0,0.67979,0.6071675,-0.29069766,-0.33019978,-0.23580034,-0.1908506,0.4849188,0.34642032,9.832015868923955,76.2919857024101,5433.0,Kochi,11,"{""type"":""MultiPoint"",""coordinates"":[]}",-21.65582545604165,-29.493608467305116,-21.826061344409695,-29.9874541372034
1_2_434_0_1_2_434_0,0.1621,0.1665,0.08505,0.0834,0.04395,0.0454,0.0614,0.0628,0.0415,0.0418,0.2799,0.2994,1,1,-0.4505593,-0.45224598,-0.26651585,-0.28525436,0.74175483,0.7549824,-0.64019924,-0.65323025,9.987963402247106,76.27437872284136,5434.0,Kochi,11,"{""type"":""MultiPoint"",""coordinates"":[]}",-6.829705958772576,-12.293089154292595,-5.727941709704805,-13.455910296661868
1_2_435_0_1_2_435_0,0.2542,0.2224,0.2063,0.1754,0.0878,0.083,0.1118,0.0996,0.1186,0.093,0.2362,0.26,6,6,-0.38907105,-0.38136646,0.03670473,-0.077943616,0.33145434,0.47308782,-0.35747126,-0.44605118,9.998922848713365,76.33654214050243,5435.0,Kochi,11,"{""type"":""MultiPoint"",""coordinates"":[]}",-7.428494287233807,-15.473086398375262,-7.216607776151173,-13.37140112781475
1_2_436_0_1_2_436_0,0.0179,0.0149,0.0118,0.0112,0.085,0.0714,0.0809,0.0756,0.052,0.0491,0.032,0.0246,0,0,0.6376518,0.67071825,-0.28256512,-0.24556962,-0.23809524,-0.33242875,0.43312666,0.50898206,9.921577902750672,76.24150038344258,5436.0,Kochi,11,"{""type"":""MultiPoint"",""coordinates"":[]}",-22.051667793114415,-32.53477372643906,-22.525333352233417,-33.257597203729006
1_2_437_0_1_2_437_0,0.1529,0.1588,0.0757,0.0776,0.04655,0.0461,0.067,0.068,0.0463,0.0482,0.2963,0.2996,1,1,-0.3906321,-0.40035275,-0.3192342,-0.3071553,0.729714,0.7228292,-0.6311588,-0.63003266,10.01392471395816,76.41011416227182,5437.0,Kochi,11,"{""type"":""MultiPoint"",""coordinates"":[]}",-6.025005372539217,-12.875323727518442,-6.32914696969782,-12.233467939751616
1_2_438_0_1_2_438_0,0.0186,0.0166,0.01195,0.0117,0.0912,0.0805,0.0949,0.0874,0.0673,0.0646,0.0404,0.0396,0,0,0.6722467,0.6807692,-0.36949152,-0.40925267,-0.24976787,-0.23992322,0.40280858,0.37637794,10.0563251953686,76.19999821731626,5438.0,Kochi,11,"{""type"":""MultiPoint"",""coordinates"":[]}",-22.02874423317483,-31.47279714539766,-22.581974787732776,-33.26580973234188
1_2_439_0_1_2_439_0,0.0126,0.0159,0.0083,0.0112,0.0576,0.06175,0.0487,0.0551,0.0281,0.0328,0.0176,0.02245,0,0,0.588907,0.5521127,-0.16556291,-0.1707953,-0.2297593,-0.18733032,0.46907994,0.4210187,9.813061416429036,76.21437126186217,5439.0,Kochi,11,"{""type"":""MultiPoint"",""coordinates"":[]}",-24.747612938230045,-36.22897283066766,-24.684824759899655,-33.616492254749936
1_2_440_0_1_2_440_0,0.16205,0.1396,0.11325,0.099,0.0582,0.0642,0.0668,0.0735,0.06485,0.0656,0.1535,0.1758,6,6,-0.4162115,-0.31018302,0.027095547,-0.11477489,0.40599954,0.45650372,-0.39355424,-0.41034898,10.038179226629389,76.40723955336264,5440.0,Kochi,11,"{""type"":""MultiPoint"",""coordinates"":[]}",-7.117119591732834,-14.85938245566017,-4.888658832563025,-13.542933839344528
1_2_441_0_1_2_441_0,0.01285,0.0131,0.00955,0.0095,0.056,0.0567,0.06025,0.0624,0.0462,0.0484,0.02655,0.0279,0,0,0.64842683,0.65298015,-0.34771574,-0.36097562,-0.2701031,-0.26867628,0.38824886,0.3820598,10.018416290378758,76.26683287445475,5441.0,Kochi,11,"{""type"":""MultiPoint"",""coordinates"":[]}",-22.52377048341885,-28.46444060723976,-21.31805119540529,-28.758696545697617
1_2_442_0_1_2_442_0,0.23445,0.2327,0.13665,0.1339,0.054,0.0567,0.0765,0.08,0.06005,0.0644,0.3158,0.2984,6,6,-0.5079595,-0.48832747,-0.14784189,-0.123705514,0.68045765,0.6449835,-0.6099923,-0.57716703,10.079681392755708,76.354328783128,5442.0,Kochi,11,"{""type"":""MultiPoint"",""coordinates"":[]}",-8.740482409485356,-15.574162633015314,-9.283491331854735,-14.68024418520185
1_2_443_0_1_2_443_0,0.13165,0.13545,0.0679,0.066,0.0629,0.0534,0.07455,0.06785,0.0593,0.0479,0.2542,0.2936,3,1,-0.2769156,-0.33251354,-0.31761047,-0.36860505,0.6216906,0.7194729,-0.5464639,-0.6245677,9.81746316132122,76.32585218862141,5443.0,Kochi,11,"{""type"":""MultiPoint"",""coordinates"":[]}",-9.240303213086143,-15.628594054012282,-9.28685301527773,-15.217303444659265
1_2_444_0_1_2_444_0,0.01095,0.0129,0.00825,0.0086,0.0612,0.0463,0.06515,0.0502,0.04785,0.0355,0.02785,0.0265,0,0,0.7122208,0.5911252,-0.43556702,-0.34517765,-0.2642008,-0.14516129,0.40107527,0.30899608,9.828602270844302,76.37265441492404,5444.0,Kochi,11,"{""type"":""MultiPoint"",""coordinates"":[]}",-21.453172686543958,-29.37934103387248,-20.381559757916683,-28.487115904085158
1_2_445_0_1_2_445_0,0.01145,0.0146,0.00765,0.0095,0.06305,0.0656,0.06835,0.0706,0.05205,0.0526,0.0237,0.0278,0,0,0.7130326,0.657277,-0.3485064,-0.31132075,-0.37425742,-0.3084577,0.48506248,0.43495935,10.01760780662305,76.23979358440276,5445.0,Kochi,11,"{""type"":""MultiPoint"",""coordinates"":[]}",-22.426766257280775,-29.234422470519288,-21.95380577364679,-31.264534420788713
1_2_446_0_1_2_446_0,0.1879,0.188,0.1337,0.1464,0.0755,0.0988,0.083,0.1036,0.081,0.093,0.1988,0.182,6,6,-0.38722777,-0.2894376,-0.028187225,0.016216217,0.42101502,0.32363635,-0.41092974,-0.27450982,9.903791260125107,76.27294141838676,5446.0,Kochi,11,"{""type"":""MultiPoint"",""coordinates"":[]}",-7.596655628705911,-14.143763704282547,-6.413486007216454,-11.666724306714485
1_2_447_0_1_2_447_0,0.1215,0.1322,0.0543,0.0582,0.0507,0.051,0.06805,0.0662,0.04485,0.0454,0.2908,0.3196,1,1,-0.28198364,-0.3326613,-0.41062334,-0.4147853,0.73275733,0.75123286,-0.6207329,-0.656817,9.825637830406707,76.39852589510667,5447.0,Kochi,11,"{""type"":""MultiPoint"",""coordinates"":[]}",-8.895798056091156,-14.310955252153082,-8.539988222434099,-14.248924600128648
1_2_448_0_1_2_448_0,0.1076,0.1208,0.07405,0.0859,0.0729,0.063,0.0811,0.0756,0.06815,0.0629,0.1405,0.155,0,0,-0.14043455,-0.23014256,-0.13260782,-0.1240029,0.34675294,0.42267096,-0.26805055,-0.34431916,10.097557866909687,76.21392210422012,5448.0,Kochi,11,"{""type"":""MultiPoint"",""coordinates"":[]}",-11.819921686450085,-17.95557373747315,-10.661780682035996,-16.919298180666267
1_2_449_0_1_2_449_0,0.15285,0.1607,0.0761,0.0769,0.0547,0.0495,0.0655,0.0688,0.0448,0.0425,0.2758,0.3364,1,1,-0.4000458,-0.40043572,-0.28683075,-0.35345,0.720524,0.7756664,-0.61617345,-0.66041464,9.801113823150246,76.39286650881672,5449.0,Kochi,11,"{""type"":""MultiPoint"",""coordinates"":[]}",-6.158635240574486,-13.360423884024538,-6.7859652280066385,-12.968576368251794
1_2_450_0_1_2_450_0,0.01355,0.0133,0.00825,0.0093,0.0772,0.0717,0.08055,0.0775,0.0504,0.051,0.0293,0.0269,0,0,0.7120085,0.7070485,-0.36756125,-0.33830845,-0.2647428,-0.309371,0.46654528,0.48467433,9.98401081499698,76.20538810902099,5450.0,Kochi,11,"{""type"":""MultiPoint"",""coordinates"":[]}",-21.87626808419889,-33.45390749160601,-22.703652459335718,-31.361060484412697
1_2_451_0_1_2_451_0,0.01605,0.0147,0.00975,0.0106,0.0625,0.064,0.06135,0.0687,0.0454,0.0556,0.0367,0.041,0,0,0.5852713,0.64748204,-0.39146918,-0.47217235,-0.105968334,-0.15113872,0.25140235,0.25250682,10.073213522710049,76.243117350954,5451.0,Kochi,11,"{""type"":""MultiPoint"",""coordinates"":[]}",-20.63877120716078,-29.191707413528363,-20.880935484085544,-28.22952649930219
1_2_452_0_1_2_452_0,0.0156,0.0149,0.0093,0.0112,0.0714,0.0594,0.0597,0.0512,0.0347,0.0313,0.0238,0.0199,0,0,0.58565736,0.54916793,-0.20812182,-0.14367816,-0.18632479,-0.22265625,0.42994013,0.44022503,9.874596013391225,76.1830200584464,5452.0,Kochi,11,"{""type"":""MultiPoint"",""coordinates"":[]}",-23.665010049349426,-38.41512768376687,-25.13513795271555,-40.60439886680118
1_2_453_0_1_2_453_0,0.1725,0.186,0.1275,0.1323,0.0606,0.0657,0.0684,0.0804,0.0678,0.0787,0.198,0.2094,6,6,-0.4321295,-0.3963964,-0.06882591,-0.059180576,0.489842,0.45366192,-0.4864865,-0.44513458,9.944395110967308,76.29728576258641,5453.0,Kochi,11,"{""type"":""MultiPoint"",""coordinates"":[]}",-7.8077862719427795,-14.00174610400496,-8.139916604861352,-13.446514218035947
1_2_454_0_1_2_454_0,0.0107,0.0141,0.0076,0.0114,0.0646,0.06325,0.0556,0.05295,0.0378,0.03095,0.021,0.0222,0,0,0.67722476,0.57941836,-0.32492113,-0.2231405,-0.2857143,-0.16462842,0.45169714,0.40918162,9.780811897729144,76.22245609941925,5454.0,Kochi,11,"{""type"":""MultiPoint"",""coordinates"":[]}",-24.34123302984937,-33.46672558350608,-24.568840054424946,-35.41202669446335
1_2_455_0_1_2_455_0,0.0153,0.0135,0.0101,0.0099,0.08615,0.0799,0.0902,0.0847,0.0626,0.0586,0.03235,0.0334,0,0,0.7099526,0.7250509,-0.3578174,-0.42430705,-0.31858873,-0.27391306,0.47205222,0.43437764,10.068003294062157,76.1964947877082,5455.0,Kochi,11,"{""type"":""MultiPoint"",""coordinates"":[]}",-20.881456598351022,-31.85335642570601,-22.264765004671247,-31.60523694233309
1_2_456_0_1_2_456_0,0.17425,0.1832,0.1102,0.105,0.05475,0.0548,0.0674,0.0709,0.0543,0.0584,0.2338,0.302,1,1,-0.4421684,-0.441952,-0.145938,-0.24484749,0.62304753,0.67591566,-0.55245686,-0.6197372,10.066027000437092,76.44020772428982,5456.0,Kochi,11,"{""type"":""MultiPoint"",""coordinates"":[]}",-7.303851022658078,-13.705747350314443,-6.6824947027847,-13.77739242957631
1_2_457_0_1_2_457_0,0.0111,0.0164,0.0096,0.01165,0.0517,0.05985,0.0526,0.04975,0.028,0.03135,0.0162,0.022,0,0,0.65149134,0.50415725,-0.18681319,-0.14583333,-0.26696834,-0.17525773,0.5290698,0.38675958,9.809108829178909,76.20727457111764,5457.0,Kochi,11,"{""type"":""MultiPoint"",""coordinates"":[]}",-23.911051538183873,-38.536376935707445,-26.411733756137945,-37.12878883343247
1_2_458_0_1_2_458_0,0.21975,0.23685,0.13465,0.1321,0.0664,0.08945,0.0848,0.1107,0.084,0.1397,0.2681,0.3364,1,6,-0.4431128,-0.36296937,-0.09910833,-0.17365897,0.52286285,0.4131485,-0.5194106,-0.5048088,9.936579767995468,76.43535682175558,5458.0,Kochi,11,"{""type"":""MultiPoint"",""coordinates"":[]}",-9.924942013850828,-15.809549294956472,-8.612992545654638,-15.362795499987723
1_2_459_0_1_2_459_0,0.07955,0.0928,0.0446,0.0542,0.06615,0.0504,0.0783,0.061,0.0544,0.041,0.0833,0.0787,0,0,-0.00791891,-0.20676203,-0.023027325,0.08221574,0.20987654,0.31495404,-0.030940594,-0.12670007,10.06773379947692,76.2070050765324,5459.0,Kochi,11,"{""type"":""MultiPoint"",""coordinates"":[]}",-14.232149274423485,-19.710170538951196,-12.410477521249874,-19.13182839006568
1_2_460_0_1_2_460_0,0.26225,0.2477,0.1623,0.1424,0.068,0.0642,0.0858,0.0848,0.0884,0.078,0.2415,0.252,5,6,-0.50696737,-0.48992482,0.041191068,-0.008605164,0.46408004,0.5272727,-0.47571036,-0.49643704,9.982932836656037,76.34112354845143,5460.0,Kochi,11,"{""type"":""MultiPoint"",""coordinates"":[]}",-10.043137411623986,-15.346962010877265,-9.808957725816958,-15.87770869280855
1_2_461_0_1_2_461_0,0.22345,0.219,0.12855,0.1127,0.0547,0.0614,0.0768,0.0771,0.0601,0.0626,0.2803,0.2998,1,1,-0.4884263,-0.47923,-0.1128536,-0.15574403,0.646886,0.6545254,-0.5698684,-0.5908729,10.093066290489087,76.38639863877107,5461.0,Kochi,11,"{""type"":""MultiPoint"",""coordinates"":[]}",-6.734481479752245,-13.548864684749454,-5.977387241647668,-13.521478177392808
1_2_462_0_1_2_462_0,0.39655,0.2901,0.37355,0.25,0.1202,0.0897,0.1687,0.1032,0.2105,0.1278,0.262,0.1936,6,6,-0.40309596,-0.47520977,0.2043125,0.19950382,0.10899471,0.2047293,-0.2166241,-0.3045822,9.964158047217936,76.27168377698901,5462.0,Kochi,11,"{""type"":""MultiPoint"",""coordinates"":[]}",-17.261398957462873,-23.865477747853575,-11.450449206700453,-21.05657673476574
1_2_463_0_1_2_463_0,0.01495,0.0119,0.00955,0.0088,0.0783,0.073,0.07895,0.0754,0.04815,0.0454,0.02915,0.0251,0,0,0.68157613,0.7273769,-0.32199547,-0.35675675,-0.24579561,-0.28794327,0.46068454,0.5004975,10.08022038192618,76.18113359634975,5463.0,Kochi,11,"{""type"":""MultiPoint"",""coordinates"":[]}",-24.032168402692765,-36.03330090550359,-23.816105853064098,-35.64767828480326
1_2_464_0_1_2_464_0,0.1925,0.1972,0.09975,0.096,0.057,0.0536,0.07225,0.0727,0.0566,0.0504,0.2653,0.3128,1,1,-0.4542021,-0.46128196,-0.1590214,-0.22666667,0.648338,0.72246695,-0.57191527,-0.6228275,9.800395170922949,76.4205346195676,5464.0,Kochi,11,"{""type"":""MultiPoint"",""coordinates"":[]}",-8.961114728893493,-14.140028392606917,-8.897698047350351,-14.987539292078472
1_2_465_0_1_2_465_0,0.20085,0.247,0.10475,0.142,0.055,0.061,0.0676,0.0746,0.05225,0.0706,0.2794,0.3044,6,6,-0.49636805,-0.53606963,-0.16356064,-0.104098655,0.6849088,0.6234667,-0.6103746,-0.6063325,9.816924172150747,76.44137553415918,5465.0,Kochi,11,"{""type"":""MultiPoint"",""coordinates"":[]}",-8.181306267065494,-14.405605725209256,-8.796620505504906,-14.564416053754583
1_2_466_0_1_2_466_0,0.014,0.0165,0.0104,0.0123,0.0607,0.0571,0.065,0.0654,0.0469,0.0483,0.0262,0.0266,0,0,0.6455696,0.5970696,-0.3034826,-0.23433875,-0.28317374,-0.2897196,0.42543858,0.42173913,9.882501187891474,76.30752655682537,5466.0,Kochi,11,"{""type"":""MultiPoint"",""coordinates"":[]}",-21.30861448197663,-29.87834766918706,-19.65890564465972,-28.951109833834494
1_2_467_0_1_2_467_0,0.0088,0.01395,0.006,0.00945,0.053,0.06155,0.051,0.0531,0.028,0.03135,0.0175,0.02155,0,0,0.7056856,0.58389264,-0.33079848,-0.2140845,-0.23076923,-0.1852552,0.4890511,0.42263898,9.822763221497526,76.21257463129393,5467.0,Kochi,11,"{""type"":""MultiPoint"",""coordinates"":[]}",-24.0028600294579,-39.29077189015161,-25.808391507347032,-37.84837202556597
1_2_468_0_1_2_468_0,0.2005,0.2113,0.13775,0.1497,0.0637,0.0579,0.07485,0.0714,0.07745,0.0698,0.2218,0.2178,6,6,-0.4563283,-0.4948709,-0.050438076,-0.015147984,0.4823726,0.5146036,-0.4953649,-0.5062241,9.84558042971416,76.41244978201053,5468.0,Kochi,11,"{""type"":""MultiPoint"",""coordinates"":[]}",-9.114076681989186,-13.98957357377941,-7.347177432988565,-13.276991441095575
1_2_469_0_1_2_469_0,0.20895,0.1724,0.125,0.093,0.03665,0.0431,0.05235,0.0602,0.04835,0.0414,0.2825,0.3376,6,6,-0.5993111,-0.48237318,-0.14965917,-0.32392156,0.70772254,0.7815303,-0.6873227,-0.69733536,10.03557411230544,76.43436867494304,5469.0,Kochi,11,"{""type"":""MultiPoint"",""coordinates"":[]}",-4.99092819951289,-14.337378345959426,-2.859344718346923,-12.496826358536403
1_2_470_0_1_2_470_0,0.2207,0.21,0.11195,0.1054,0.0554,0.0557,0.07925,0.0766,0.0557,0.0535,0.3508,0.322,1,1,-0.4715786,-0.46545708,-0.22764654,-0.21052632,0.7259533,0.7150466,-0.6314382,-0.61565477,9.99137700032676,76.27303124991518,5470.0,Kochi,11,"{""type"":""MultiPoint"",""coordinates"":[]}",-7.980897497031211,-13.961798059084096,-8.618582859112689,-14.290336605861388
1_2_471_0_1_2_471_0,0.0109,0.0135,0.007,0.0094,0.0568,0.0565,0.0618,0.0646,0.0399,0.0478,0.0235,0.0282,0,0,0.70013756,0.65428936,-0.36627907,-0.352518,-0.25867507,-0.25789472,0.44900352,0.3922414,9.864714545265906,76.27114478781853,5471.0,Kochi,11,"{""type"":""MultiPoint"",""coordinates"":[]}",-22.59677007181702,-31.487943822993856,-23.286247249510218,-35.37422387643571
1_2_472_0_1_2_472_0,0.0134,0.0166,0.0084,0.0103,0.07495,0.0664,0.0721,0.0623,0.0438,0.0392,0.0275,0.0247,0,0,0.6865497,0.5792142,-0.34474328,-0.19612591,-0.2286115,-0.22691706,0.44779116,0.43218392,9.980687048445738,76.17008431835508,5472.0,Kochi,11,"{""type"":""MultiPoint"",""coordinates"":[]}",-23.86327299370959,-36.362410527491136,-24.91851699921265,-35.65921662248843
1_2_473_0_1_2_473_0,0.20835,0.1679,0.1177,0.0813,0.0654,0.0544,0.0849,0.0726,0.0745,0.0486,0.278,0.3312,1,1,-0.42097187,-0.3962578,-0.14320962,-0.32718894,0.57730496,0.74407583,-0.5321025,-0.640416,9.80174264384913,76.41613287467543,5473.0,Kochi,11,"{""type"":""MultiPoint"",""coordinates"":[]}",-9.467669287960135,-14.740171347231854,-7.880682271586942,-14.628303793070563
1_2_474_0_1_2_474_0,0.0131,0.0128,0.0086,0.0097,0.07775,0.0686,0.07885,0.0683,0.0596,0.0517,0.0324,0.0244,0,0,0.71506256,0.6843403,-0.42417583,-0.31182796,-0.29565218,-0.3587385,0.4175281,0.47357064,9.967122487655534,76.23386470352757,5474.0,Kochi,11,"{""type"":""MultiPoint"",""coordinates"":[]}",-22.94117430884303,-28.429949229140146,-22.216855398660357,-29.94688754773342
1_2_475_0_1_2_475_0,0.2367,0.2741,0.2366,0.2334,0.0796,0.1398,0.088,0.1426,0.0834,0.1456,0.1918,0.1866,6,6,-0.4579612,-0.31557477,0.10478413,0.18992837,0.39389536,0.12341963,-0.37097928,-0.13365735,9.923105038733675,76.31704869883704,5475.0,Kochi,11,"{""type"":""MultiPoint"",""coordinates"":[]}",-0.07168422349185372,-9.60758393167392,-1.0765061076492908,-9.008456840241259
1_2_476_0_1_2_476_0,0.0285,0.0174,0.0164,0.011,0.0806,0.0719,0.0777,0.0734,0.0489,0.0488,0.0313,0.0263,0,0,0.46327683,0.6167401,-0.04682274,-0.20366132,-0.21945137,-0.29960054,0.4256881,0.47241727,9.915110032705012,76.24347667706765,5476.0,Kochi,11,"{""type"":""MultiPoint"",""coordinates"":[]}",-22.829297060979815,-32.07858301981713,-22.313898752742986,-31.92205091281997
1_2_477_0_1_2_477_0,0.0151,0.01245,0.0104,0.01015,0.0672,0.058,0.0571,0.04565,0.0311,0.0276,0.0193,0.0198,0,0,0.58171743,0.5714286,-0.12209302,-0.22790697,-0.23412699,-0.16455697,0.4947644,0.394958,9.768504978336706,76.18688281416811,5477.0,Kochi,11,"{""type"":""MultiPoint"",""coordinates"":[]}",-25.95178910126117,-41.36131341538908,-26.35302673390898,-38.23824337902504
1_2_478_0_1_2_478_0,0.11575,0.1215,0.0557,0.0568,0.06285,0.0475,0.0708,0.0621,0.05155,0.0411,0.264,0.2702,1,1,-0.24095416,-0.32352942,-0.3903884,-0.37962726,0.6732689,0.73594606,-0.57706094,-0.6262413,9.802191801491189,76.321180949144,5478.0,Kochi,11,"{""type"":""MultiPoint"",""coordinates"":[]}",-7.525523130699597,-14.86828689933148,-9.105316324343775,-15.538596331536406
1_2_479_0_1_2_479_0,0.0128,0.0131,0.0091,0.0109,0.0749,0.0686,0.07055,0.0708,0.0417,0.0422,0.0257,0.025,0,0,0.69286144,0.68772346,-0.33506495,-0.31233597,-0.23738873,-0.2559524,0.46597403,0.47807932,10.043299623748869,76.17691151451439,5479.0,Kochi,11,"{""type"":""MultiPoint"",""coordinates"":[]}",-23.105775542588752,-33.79280038657368,-23.480773352485752,-35.400312838437344
1_2_480_0_1_2_480_0,0.1752,0.1958,0.1143,0.1368,0.0861,0.067,0.0896,0.075,0.097,0.0731,0.2388,0.2246,6,6,-0.32326284,-0.44608566,-0.1536232,-0.06850618,0.42227516,0.5089016,-0.454324,-0.49933246,9.88241135636306,76.30141801289336,5480.0,Kochi,11,"{""type"":""MultiPoint"",""coordinates"":[]}",-6.771863830684071,-14.018950229625155,-7.807141960915969,-14.213898522042337
1_2_481_0_1_2_481_0,0.0138,0.014,0.00845,0.011,0.07075,0.071,0.06415,0.065,0.03785,0.0373,0.027,0.0217,0,0,0.6459269,0.6455696,-0.32352942,-0.21568628,-0.16730918,-0.26440677,0.40756994,0.4994233,10.035304617720204,76.1596638610593,5481.0,Kochi,11,"{""type"":""MultiPoint"",""coordinates"":[]}",-23.2257305661284,-34.60822911701691,-23.941127845602374,-35.88680540039657
1_2_482_0_1_2_482_0,0.0125,0.014,0.0078,0.0103,0.0804,0.073,0.0776,0.0701,0.0466,0.0427,0.0277,0.0255,0,0,0.72253054,0.667063,-0.37810946,-0.29113925,-0.25437415,-0.2521994,0.47388414,0.4665272,10.029016410731368,76.18840995015113,5482.0,Kochi,11,"{""type"":""MultiPoint"",""coordinates"":[]}",-22.798123806261064,-34.46313259979899,-24.195141207625014,-34.892110911879655
1_2_483_0_1_2_483_0,0.2182,0.2411,0.10845,0.1492,0.041,0.0502,0.0561,0.0654,0.0461,0.0616,0.2722,0.2598,1,6,-0.59095883,-0.5732463,-0.110114194,-0.0373328,0.71033615,0.61667705,-0.6582394,-0.59778595,9.975476819797844,76.43023642463609,5483.0,Kochi,11,"{""type"":""MultiPoint"",""coordinates"":[]}",-6.205933193743201,-13.760769361455214,-8.648999176164583,-13.588103653025982
1_2_484_0_1_2_484_0,0.22335,0.2126,0.14345,0.1443,0.052,0.0596,0.0651,0.0758,0.0644,0.0614,0.3027,0.346,6,6,-0.54862195,-0.47434118,-0.15084118,-0.23881131,0.6491419,0.69857633,-0.64600325,-0.640588,9.964427541803174,76.4061615750217,5484.0,Kochi,11,"{""type"":""MultiPoint"",""coordinates"":[]}",-5.947045573900917,-13.48612217778065,-5.469332864761202,-13.311705491615447
1_2_485_0_1_2_485_0,0.0225,0.0248,0.0139,0.014,0.0512,0.0456,0.0493,0.0454,0.03735,0.0317,0.05005,0.0508,0,0,0.37325907,0.2934473,-0.37973812,-0.34391534,0.14530893,0.23151515,-0.007549069,-0.056133058,9.794196795462526,76.4362551370397,5485.0,Kochi,11,"{""type"":""MultiPoint"",""coordinates"":[]}",-22.124375927613315,-25.979513530142853,-20.7035327584843,-28.21830134882823
1_2_486_0_1_2_486_0,0.014,0.0126,0.009,0.0103,0.076,0.0673,0.0753,0.0662,0.0446,0.0391,0.0294,0.0224,0,0,0.6864502,0.680203,-0.3548387,-0.28,-0.2054054,-0.27154472,0.4383954,0.49435666,9.930381392535043,76.20206434246974,5486.0,Kochi,11,"{""type"":""MultiPoint"",""coordinates"":[]}",-22.778860461007884,-33.58861487675673,-24.773386193834163,-36.249400678135814
1_2_487_0_1_2_487_0,0.14955,0.1355,0.0824,0.0729,0.05625,0.0458,0.0667,0.0604,0.0671,0.04,0.245,0.2774,4,4,-0.3831214,-0.38335887,-0.24192117,-0.34366676,0.5700096,0.7479521,-0.5720244,-0.6423919,9.758803173268216,76.44209418638647,5487.0,Kochi,11,"{""type"":""MultiPoint"",""coordinates"":[]}",-17.031053499381144,-25.067673699570435,-14.806263525867255,-22.424344552522623
1_2_488_0_1_2_488_0,0.0132,0.014,0.0085,0.0092,0.0766,0.0682,0.0714,0.0637,0.0454,0.0368,0.0277,0.0218,0,0,0.6879433,0.6396396,-0.35452324,-0.21787709,-0.24213406,-0.25597268,0.44096872,0.49005848,9.932267854631696,76.19245236892966,5488.0,Kochi,11,"{""type"":""MultiPoint"",""coordinates"":[]}",-24.3571973678932,-38.2158955888583,-25.109042590153944,-42.4675433308454
1_2_489_0_1_2_489_0,0.1919,0.20945,0.0965,0.11615,0.0483,0.0582,0.05755,0.0701,0.04395,0.06435,0.2832,0.3176,1,1,-0.5385849,-0.4984797,-0.19217007,-0.20519875,0.7313159,0.6630449,-0.6622157,-0.63838017,9.891304677675844,76.39457330785655,5489.0,Kochi,11,"{""type"":""MultiPoint"",""coordinates"":[]}",-8.001844306667891,-14.665901293756772,-8.540273523027706,-15.167271802266065
1_2_490_0_1_2_490_0,0.19275,0.2457,0.09305,0.1225,0.0526,0.0601,0.0648,0.0819,0.0476,0.0573,0.3496,0.399,1,6,-0.49679673,-0.5,-0.2892044,-0.23778501,0.7603223,0.74884945,-0.68725866,-0.65938866,9.90442008082399,76.41038365685705,5490.0,Kochi,11,"{""type"":""MultiPoint"",""coordinates"":[]}",-9.768812592669718,-16.46739669587445,-5.562571457419753,-13.788532148631813
1_2_491_0_1_2_491_0,0.04535,0.0491,0.0236,0.0266,0.0609,0.0615,0.0641,0.0694,0.05395,0.0564,0.06555,0.0596,0,0,0.1713111,0.17130801,-0.18214607,-0.09659614,0.097071126,0.027586207,-0.011183957,0.075968996,10.044197939032989,76.23081043156157,5491.0,Kochi,11,"{""type"":""MultiPoint"",""coordinates"":[]}",-12.678303661496813,-20.23491133662523,-16.372003797041337,-22.63101537852961
1_2_492_0_1_2_492_0,0.0131,0.0147,0.0084,0.0102,0.0638,0.0661,0.06715,0.0708,0.05455,0.0545,0.02995,0.0305,0,0,0.67352027,0.6561403,-0.39140534,-0.34955752,-0.29112425,-0.28235295,0.3831102,0.39782822,10.000449984696369,76.25704123785785,5492.0,Kochi,11,"{""type"":""MultiPoint"",""coordinates"":[]}",-21.591870047027065,-28.00439322629222,-21.134861915867056,-28.24098946305994
1_2_493_0_1_2_493_0,0.01395,0.0135,0.0083,0.0104,0.0786,0.0695,0.07595,0.066,0.0478,0.0411,0.02915,0.0246,0,0,0.6896552,0.6603774,-0.35266823,-0.2913386,-0.24236517,-0.25114155,0.4452902,0.45695364,10.003953414304434,76.18508618359988,5493.0,Kochi,11,"{""type"":""MultiPoint"",""coordinates"":[]}",-22.147215507224658,-35.4958765350476,-23.360005032225022,-35.20773019133402
1_2_494_0_1_2_494_0,0.08515,0.089,0.0482,0.0484,0.06445,0.0604,0.06735,0.0705,0.05475,0.0549,0.0942,0.087,3,3,-0.11672131,-0.11598746,-0.050459996,0.011363637,0.26485398,0.22621565,-0.16620241,-0.104761906,10.077345773016996,76.1988304074469,5494.0,Kochi,11,"{""type"":""MultiPoint"",""coordinates"":[]}",-11.70196381888318,-18.489449377323375,-12.663367077256709,-19.291485355101262
1_2_495_0_1_2_495_0,0.20965,0.1771,0.12115,0.0892,0.04815,0.0535,0.06635,0.0706,0.0626,0.0482,0.2679,0.3628,6,1,-0.5192029,-0.4299556,-0.121976756,-0.3439526,0.62118006,0.7654501,-0.60299176,-0.674204,10.07563897397717,76.4055327543228,5495.0,Kochi,11,"{""type"":""MultiPoint"",""coordinates"":[]}",-5.2867428316203835,-16.01180729041854,-6.231818872728935,-14.048775677225954
1_2_496_0_1_2_496_0,0.019,0.016,0.0143,0.01085,0.059,0.05655,0.0441,0.04335,0.0317,0.03245,0.0229,0.02385,0,0,0.3977813,0.46082562,-0.09307876,-0.1969887,-0.16117217,-0.15275311,0.3164179,0.29017857,9.822134400798642,76.15481295852506,5496.0,Kochi,11,"{""type"":""MultiPoint"",""coordinates"":[]}",-25.364716960553256,-42.74275202064736,-25.969825768647347,-41.50642314300738
1_2_497_0_1_2_497_0,0.2858,0.3096,0.17595,0.18155,0.05975,0.06095,0.0794,0.0797,0.09205,0.1068,0.3202,0.3034,1,6,-0.56516975,-0.59054714,-0.056765676,0.010114192,0.5534263,0.47927842,-0.6026026,-0.58392066,9.89561659103962,76.44101620804553,5497.0,Kochi,11,"{""type"":""MultiPoint"",""coordinates"":[]}",-8.100505012899095,-15.93400063897171,-7.150241648138151,-14.281482944182509
1_2_498_0_1_2_498_0,0.01295,0.0127,0.0082,0.0096,0.0765,0.066,0.07705,0.0626,0.04985,0.0368,0.0263,0.0239,0,0,0.7122222,0.6626826,-0.34012738,-0.30601093,-0.30925804,-0.2125206,0.49104983,0.44739884,9.97170389560454,76.1776301667417,5498.0,Kochi,11,"{""type"":""MultiPoint"",""coordinates"":[]}",-22.275407951806812,-34.403453868362845,-23.30656168833688,-35.354944368950505
1_2_499_0_1_2_499_0,0.2887,0.2902,0.24405,0.2967,0.0708,0.1094,0.09095,0.1256,0.093,0.173,0.2403,0.2206,6,6,-0.5208745,-0.39586338,0.09149338,0.13625686,0.44194418,0.120934956,-0.45086792,-0.27440786,10.050665809078648,76.2904585664271,5499.0,Kochi,11,"{""type"":""MultiPoint"",""coordinates"":[]}",-8.789039449919922,-14.368219832121417,-7.7171090970842116,-14.54827105023989
2_0_0_2_0_0,0.14405,0.15455,0.1273,0.13865,0.0906,0.1114,0.09885,0.1135,0.1001,0.1133,0.1532,0.119,6,6,-0.1860848,-0.15314306,-0.03078217,0.12995796,0.20963284,0.024537235,-0.21563181,-0.023655914,26.18413881728002,91.74085263258398,5500.0,Guwahati,12,"{""type"":""MultiPoint"",""coordinates"":[]}",-6.520859542946962,-13.345955867411952,-1.2753949231917854,-9.677662489299493
2_1_0_2_1_0,0.2127,0.2132,0.1443,0.1509,0.0978,0.0996,0.1058,0.109,0.0948,0.1152,0.233,0.2286,1,1,-0.33563578,-0.3234016,-0.04554633,-0.0348574,0.42159852,0.32984293,-0.37544274,-0.3542654,26.252410778873102,91.6424871089729,5501.0,Guwahati,12,"{""type"":""MultiPoint"",""coordinates"":[]}",-9.720651846383905,-14.637081358008826,-8.760342184700978,-14.593012781915803
2_2_0_2_2_0,0.219,0.2123,0.1329,0.1158,0.0452,0.0294,0.0576,0.0588,0.0558,0.0428,0.1982,0.285,1,1,-0.5835141,-0.5662117,0.049856186,-0.14618942,0.5606299,0.73886514,-0.54964817,-0.6579407,26.003128287529936,91.69638602602006,5502.0,Guwahati,12,"{""type"":""MultiPoint"",""coordinates"":[]}",-9.406362235672852,-14.392170437532311,-7.728162849075481,-14.76363455103619
2_3_0_2_3_0,0.17335,0.18125,0.14235,0.14555,0.0945,0.0722,0.0979,0.07925,0.09185,0.07305,0.1936,0.2054,6,6,-0.27815667,-0.3915547,-0.05518463,-0.062459588,0.35645473,0.47530976,-0.32830188,-0.44317582,26.14560109159129,91.804094028586,5503.0,Guwahati,12,"{""type"":""MultiPoint"",""coordinates"":[]}",-6.880907750851442,-13.800896946027322,-8.804518758727863,-15.307215619760264
2_4_0_2_4_0,0.1959,0.213,0.0949,0.1091,0.0791,0.0554,0.0973,0.0717,0.0747,0.0608,0.3104,0.3022,1,1,-0.33628923,-0.4963119,-0.2261505,-0.17313665,0.6120488,0.6650138,-0.52268827,-0.616475,25.97689748123365,91.81927555688762,5504.0,Guwahati,12,"{""type"":""MultiPoint"",""coordinates"":[]}",-9.51009824912774,-15.846175625962568,-8.356982648912847,-15.423028548491029
2_5_0_2_5_0,0.1825,0.1604,0.1474,0.1017,0.1252,0.0775,0.1334,0.0926,0.1206,0.0835,0.2232,0.1882,7,1,-0.15542893,-0.26798418,-0.100320436,-0.079747565,0.2984293,0.38535148,-0.25182277,-0.34045583,26.230491885940584,91.76896990097693,5505.0,Guwahati,12,"{""type"":""MultiPoint"",""coordinates"":[]}",-10.613571432801441,-15.738387691811868,-11.617736875916194,-16.5978623832709
2_6_0_2_6_0,0.1449,0.1907,0.0799,0.1148,0.0424,0.0327,0.0475,0.0501,0.038,0.0628,0.138,0.1606,1,1,-0.50623703,-0.58388704,0.024390243,0.08568175,0.5681818,0.43777975,-0.48787063,-0.5244423,25.978244954159823,91.64392441342748,5506.0,Guwahati,12,"{""type"":""MultiPoint"",""coordinates"":[]}",-11.189882135046696,-16.88600054788214,-9.40453184376248,-16.129514618730262
2_7_0_2_7_0,0.1512,0.1653,0.0763,0.0805,0.048,0.0381,0.0568,0.0503,0.0411,0.0398,0.2532,0.275,1,1,-0.45384616,-0.5333952,-0.25222552,-0.24914831,0.7206932,0.74714106,-0.6335484,-0.690747,25.956056566642072,91.85242339087164,5507.0,Guwahati,12,"{""type"":""MultiPoint"",""coordinates"":[]}",-9.797394917842475,-15.298986831607664,-8.641836898023541,-14.493241495440357
2_8_0_2_8_0,0.1768,0.2454,0.1277,0.2055,0.0979,0.1278,0.1032,0.1318,0.092,0.1374,0.2292,0.2104,6,6,-0.26285714,-0.3011665,-0.12906404,0.07678807,0.4271482,0.20989074,-0.37906137,-0.22969024,26.09017503856112,91.57439481043664,5508.0,Guwahati,12,"{""type"":""MultiPoint"",""coordinates"":[]}",-5.525120450316752,-13.084226091609079,-6.67984884410679,-13.900336532694306
2_9_0_2_9_0,0.1587,0.096,0.1309,0.0639,0.0968,0.0738,0.0992,0.0842,0.0976,0.0957,0.1526,0.1388,0,4,-0.23070958,-0.065482795,0.019595245,-0.18228279,0.21982414,0.1837953,-0.21207307,-0.24484305,26.332091344574504,91.8995849432879,5509.0,Guwahati,12,"{""type"":""MultiPoint"",""coordinates"":[]}",-7.5191443497476325,-15.205514129589885,-10.35973343331856,-18.027523262023585
2_10_0_2_10_0,0.2407,0.2311,0.1707,0.157,0.0924,0.063,0.0993,0.0744,0.1058,0.0892,0.1798,0.1766,4,4,-0.41588235,-0.5129296,0.14482759,0.13367672,0.25910366,0.32881865,-0.28842708,-0.4071713,26.067088335759244,91.55400305348712,5510.0,Guwahati,12,"{""type"":""MultiPoint"",""coordinates"":[]}",-12.214615903139581,-16.28969287336743,-10.0871662653493,-15.752122718578242
2_11_0_2_11_0,0.1572,0.1756,0.0947,0.1029,0.0642,0.051,0.0736,0.0664,0.0708,0.0683,0.1869,0.1921,1,1,-0.36221838,-0.45123968,-0.086312115,-0.04487354,0.45052385,0.4754224,-0.43493283,-0.4862669,26.09152251148729,91.80678897443836,5511.0,Guwahati,12,"{""type"":""MultiPoint"",""coordinates"":[]}",-8.608408046326337,-15.278760975402559,-8.648676607552956,-15.969472673155472
2_12_0_2_12_0,0.14675,0.15175,0.11745,0.12275,0.0978,0.08775,0.1042,0.0995,0.1078,0.1038,0.1437,0.1501,6,6,-0.1695557,-0.2079602,0.010500947,0.005466291,0.14274354,0.18235525,-0.15933844,-0.20272435,26.128712764249844,91.80732796360884,5512.0,Guwahati,12,"{""type"":""MultiPoint"",""coordinates"":[]}",-5.054074068324935,-13.324417866426186,-5.284906007038641,-11.756237241519363
2_13_0_2_13_0,0.1328,0.1534,0.0681,0.0913,0.0742,0.0532,0.0798,0.0672,0.0754,0.068,0.1735,0.1814,1,1,-0.24929444,-0.3907525,-0.13287626,-0.08363202,0.3941342,0.45469126,-0.3699171,-0.4593725,26.096553077078365,91.82035353522856,5513.0,Guwahati,12,"{""type"":""MultiPoint"",""coordinates"":[]}",-8.319480734393498,-14.00654066355089,-7.879115210854475,-14.12859607051091
2_14_0_2_14_0,0.1076,0.1444,0.0949,0.133,0.0934,0.0942,0.0968,0.1154,0.0902,0.1132,0.1166,0.153,0,0,-0.052837573,-0.11162432,-0.04014273,-0.028917283,0.12765957,0.14951165,-0.0927835,-0.14008942,26.281156867964928,91.5696337394308,5514.0,Guwahati,12,"{""type"":""MultiPoint"",""coordinates"":[]}",-14.85301881523009,-22.972028521474883,-13.215447051625695,-21.418783356758766
2_15_0_2_15_0,0.1509,0.1603,0.0818,0.0825,0.0254,0.0219,0.0333,0.0387,0.0245,0.0325,0.1692,0.2288,1,1,-0.6384365,-0.61105525,-0.057169635,-0.1760473,0.7470315,0.75124377,-0.6711111,-0.7106542,25.96746517075039,91.75333921503324,5515.0,Guwahati,12,"{""type"":""MultiPoint"",""coordinates"":[]}",-8.689455278695638,-14.895223493158024,-11.311093571434913,-15.746100361527793
2_16_0_2_16_0,0.2228,0.2362,0.1231,0.1322,0.0562,0.0426,0.074,0.073,0.0626,0.0855,0.3204,0.3427,1,1,-0.5013477,-0.52781373,-0.179676,-0.1839696,0.673107,0.6006539,-0.62474644,-0.6487852,25.953181957732887,91.892847578657,5516.0,Guwahati,12,"{""type"":""MultiPoint"",""coordinates"":[]}",-8.594578903722322,-14.109606110682344,-8.345995055515965,-13.57890869234448
2_17_0_2_17_0,0.1684,0.2011,0.0835,0.1179,0.051,0.0425,0.065,0.0746,0.0497,0.0746,0.3188,0.3144,1,1,-0.4430163,-0.45883206,-0.3087028,-0.21978661,0.7302578,0.61645246,-0.66128194,-0.61645246,26.01956745722932,91.77418012962482,5517.0,Guwahati,12,"{""type"":""MultiPoint"",""coordinates"":[]}",-9.005885540905762,-14.412157202496266,-7.804372421706434,-14.391059155176888
2_18_0_2_18_0,0.19115,0.228,0.1364,0.1876,0.09175,0.0907,0.09935,0.1168,0.09605,0.1188,0.1954,0.197,1,6,-0.3160069,-0.3225058,-0.010994697,0.07294118,0.3408818,0.24762508,-0.32586938,-0.2555768,26.19824236724069,91.70833361929886,5518.0,Guwahati,12,"{""type"":""MultiPoint"",""coordinates"":[]}",-8.543444190352671,-14.304441509914831,-9.14442574596081,-15.667381790707001
2_19_0_2_19_0,0.1737,0.1514,0.1189,0.1044,0.1006,0.0723,0.106,0.0878,0.1036,0.0792,0.1992,0.1926,4,6,-0.24204504,-0.26588628,-0.06838294,-0.11976744,0.31571993,0.41721854,-0.30537352,-0.3737518,26.33712191016557,91.72701857720854,5519.0,Guwahati,12,"{""type"":""MultiPoint"",""coordinates"":[]}",-8.12996769424347,-15.514745274202408,-8.655510697342422,-15.408470490607993
2_20_0_2_20_0,0.2758,0.2943,0.2071,0.222,0.1052,0.0962,0.117,0.113,0.131,0.129,0.2322,0.229,4,4,-0.404277,-0.44512644,0.08582677,0.12478502,0.27863437,0.2793296,-0.3298969,-0.33918127,26.33559477418257,91.77741406464764,5520.0,Guwahati,12,"{""type"":""MultiPoint"",""coordinates"":[]}",-9.82899504483985,-18.234527580731935,-10.804274249075727,-17.76042526100263
2_21_0_2_21_0,0.2522,0.2367,0.193,0.1918,0.1138,0.1004,0.1138,0.115,0.1172,0.1208,0.2416,0.2098,1,6,-0.3781421,-0.34603354,0.02146618,0.06024636,0.34671125,0.2692075,-0.35959482,-0.29187194,26.25223111581628,91.55723698850996,5521.0,Guwahati,12,"{""type"":""MultiPoint"",""coordinates"":[]}",-9.875029015518562,-15.05593593741978,-7.671806324843269,-14.728815360324921
2_22_0_2_22_0,0.2307,0.2335,0.197,0.2087,0.103,0.0916,0.1144,0.1054,0.1096,0.1144,0.2258,0.2248,6,6,-0.33700377,-0.3779876,0.010733845,0.018983198,0.346452,0.3254717,-0.32745445,-0.36159903,26.227707108559816,91.66395684426335,5522.0,Guwahati,12,"{""type"":""MultiPoint"",""coordinates"":[]}",-5.337383133859303,-13.327065584512388,-5.540872455620097,-13.595981469863112
2_23_0_2_23_0,0.1456,0.15415,0.0728,0.08575,0.05785,0.05735,0.06445,0.0686,0.05045,0.069,0.21595,0.2037,1,1,-0.3863366,-0.38406286,-0.1945789,-0.13846584,0.6212462,0.49394938,-0.5402996,-0.49614397,26.16769964758063,91.89024246433306,5523.0,Guwahati,12,"{""type"":""MultiPoint"",""coordinates"":[]}",-8.507012199733705,-13.805510383930196,-7.0732579473595445,-14.598636606703359
2_24_0_2_24_0,0.1698,0.1762,0.095,0.1006,0.0878,0.0637,0.0937,0.0822,0.0774,0.0706,0.2104,0.2188,1,1,-0.28880456,-0.3637771,-0.1067859,-0.1078481,0.46212646,0.51209396,-0.38375536,-0.4538206,26.28133653102175,91.64518205482526,5524.0,Guwahati,12,"{""type"":""MultiPoint"",""coordinates"":[]}",-7.6721786273375265,-13.570337016954195,-8.119885659073244,-14.3350611876096
2_25_0_2_25_0,0.1987,0.2606,0.1868,0.2485,0.1088,0.1116,0.1218,0.1186,0.1236,0.1788,0.1698,0.222,6,6,-0.2399376,-0.3744726,0.07842605,0.07998342,0.1574642,0.10778443,-0.16460906,-0.30358192,26.30388424465315,91.68776219929252,5525.0,Guwahati,12,"{""type"":""MultiPoint"",""coordinates"":[]}",-5.948733338088644,-14.007893926093939,-7.479982327456975,-13.731241061367406
2_26_0_2_26_0,0.1698,0.1707,0.1223,0.1309,0.102,0.0866,0.112,0.1044,0.1082,0.1108,0.223,0.1918,4,4,-0.20511001,-0.24100327,-0.13543788,-0.058206897,0.34661835,0.2676801,-0.3313433,-0.2950709,26.315203017233056,91.80436352317123,5526.0,Guwahati,12,"{""type"":""MultiPoint"",""coordinates"":[]}",-8.602123833565479,-15.409838744213666,-9.316944446551304,-15.329815716733552
2_27_0_2_27_0,0.171,0.179,0.0883,0.0967,0.0404,0.0295,0.053,0.0548,0.0503,0.0542,0.1812,0.1958,1,1,-0.52678573,-0.5312233,-0.028960818,-0.044823907,0.56544274,0.5664,-0.5473954,-0.56264967,26.00654188560959,91.75019511153884,5527.0,Guwahati,12,"{""type"":""MultiPoint"",""coordinates"":[]}",-8.471704225716625,-14.168166497771994,-8.457368376541591,-14.398384056937523
2_28_0_2_28_0,0.1798,0.19555,0.16465,0.1757,0.0945,0.08235,0.10275,0.0924,0.1073,0.0988,0.1539,0.1758,6,6,-0.2726951,-0.35822192,0.07761462,0.053184327,0.17840736,0.28040788,-0.19929865,-0.31096196,26.142995977267343,91.8130771814272,5528.0,Guwahati,12,"{""type"":""MultiPoint"",""coordinates"":[]}",-6.609526405620618,-15.078343593987173,-5.663723300062442,-14.465738574511473
2_29_0_2_29_0,0.3148,0.192,0.2373,0.1052,0.0723,0.0408,0.0924,0.0617,0.112,0.0608,0.2104,0.2556,5,1,-0.546169,-0.51359874,0.19878142,-0.14209116,0.30521092,0.61567634,-0.38969618,-0.6110936,26.006362222552763,91.60278157341482,5529.0,Guwahati,12,"{""type"":""MultiPoint"",""coordinates"":[]}",-3.0691683579255056,-12.173202180176526,-5.150195012469966,-12.294694904924526
2_30_0_2_30_0,0.166,0.2522,0.1201,0.1943,0.0988,0.0831,0.1012,0.0982,0.0996,0.1076,0.1506,0.2032,1,4,-0.24251497,-0.4394977,0.04864182,0.107597716,0.20383693,0.30759332,-0.19618745,-0.34837425,26.30532154910774,91.73519324629405,5530.0,Guwahati,12,"{""type"":""MultiPoint"",""coordinates"":[]}",-9.59193108176665,-15.38164913714703,-8.857796008458358,-15.087990064953956
2_31_0_2_31_0,0.0503,0.1287,0.0302,0.0694,0.098,0.0664,0.1058,0.1082,0.0881,0.079,0.1132,0.2186,0,3,0.35554132,-0.0865344,-0.38470948,-0.25885403,0.12468952,0.46908602,-0.033789955,-0.3378213,26.12269405184624,91.63592940739882,5531.0,Guwahati,12,"{""type"":""MultiPoint"",""coordinates"":[]}",-15.620440166009278,-24.125187098062135,-17.244712393479926,-25.95122845414582
2_32_0_2_32_0,0.0264,0.0298,0.0185,0.0214,0.1252,0.094,0.1314,0.1066,0.119,0.0962,0.0734,0.0642,0,0,0.66539925,0.56304985,-0.47094187,-0.36595744,-0.23700623,-0.19950125,0.28320312,0.24824356,26.227796940088226,91.80247706107458,5532.0,Guwahati,12,"{""type"":""MultiPoint"",""coordinates"":[]}",-20.675470349500486,-31.303475884296375,-22.267660364954203,-34.107108100420874
2_33_0_2_33_0,0.2065,0.1856,0.1383,0.1012,0.055,0.0272,0.0766,0.0538,0.0822,0.052,0.2104,0.2344,5,1,-0.45884848,-0.550543,-0.009354761,-0.11619048,0.4381408,0.6368715,-0.46620208,-0.6266482,25.998097721938866,91.8072381320804,5533.0,Guwahati,12,"{""type"":""MultiPoint"",""coordinates"":[]}",-6.348076998762371,-13.624017874828558,-6.640383924253406,-13.39861689874682
2_34_0_2_34_0,0.1543,0.1756,0.1164,0.1266,0.09205,0.06785,0.09375,0.0791,0.0921,0.07915,0.1678,0.19,6,6,-0.24410401,-0.3788771,-0.04191245,-0.039387308,0.29126588,0.41185212,-0.28311986,-0.41211444,26.20399158505906,91.80068043050636,5534.0,Guwahati,12,"{""type"":""MultiPoint"",""coordinates"":[]}",-7.397590985754444,-13.472608896795357,-8.87135589145888,-14.330185719380255
2_35_0_2_35_0,0.0307,0.0316,0.0194,0.0242,0.1272,0.0998,0.1308,0.107,0.1176,0.0942,0.0791,0.0618,0,0,0.6198142,0.54401153,-0.44080147,-0.32334048,-0.19572954,-0.20769231,0.24630776,0.26777253,26.231210538167883,91.81047206710323,5535.0,Guwahati,12,"{""type"":""MultiPoint"",""coordinates"":[]}",-22.584518059960548,-31.07401714042262,-23.446130566010567,-32.973987349887125
2_36_0_2_36_0,0.1851,0.1899,0.0962,0.0991,0.0607,0.0526,0.076,0.0784,0.0625,0.0712,0.237,0.2745,1,1,-0.41784757,-0.4155796,-0.12295665,-0.18217054,0.5826377,0.58808213,-0.514377,-0.55568147,26.053344111912217,91.6312581679214,5536.0,Guwahati,12,"{""type"":""MultiPoint"",""coordinates"":[]}",-7.098448702374407,-12.949663889720377,-7.4309937720192725,-13.616358890848645
2_37_0_2_37_0,0.1857,0.1642,0.1392,0.1084,0.1064,0.107,0.117,0.126,0.1064,0.1164,0.244,0.23,1,4,-0.22695738,-0.13163336,-0.13567606,-0.16692035,0.39269406,0.32794458,-0.35180056,-0.29213482,26.259956627259704,91.83077399252434,5537.0,Guwahati,12,"{""type"":""MultiPoint"",""coordinates"":[]}",-10.694460320396605,-16.388697854049063,-9.932591375376596,-17.13284998896888
2_38_0_2_38_0,0.1529,0.17255,0.15115,0.16835,0.1081,0.106,0.1138,0.1236,0.1202,0.135,0.1435,0.1711,6,6,-0.14660667,-0.16528787,0.0317139,0.004219409,0.088357985,0.117935315,-0.11542946,-0.16118087,26.167070826881748,91.7666342812382,5538.0,Guwahati,12,"{""type"":""MultiPoint"",""coordinates"":[]}",-2.7247360648601853,-7.460151864046589,-1.870581032991653,-5.841918335220252
2_39_0_2_39_0,0.02645,0.02975,0.0165,0.0195,0.1238,0.0952,0.1322,0.1097,0.1151,0.08285,0.0698,0.0503,0,0,0.6665616,0.5733238,-0.45038962,-0.25671455,-0.2449973,-0.24446113,0.30891088,0.37125,26.19536775833151,91.7320491427996,5539.0,Guwahati,12,"{""type"":""MultiPoint"",""coordinates"":[]}",-20.675909544744208,-27.524070960907284,-21.47068457892142,-30.141538284321957
2_40_0_2_40_0,0.162,0.1697,0.0998,0.1009,0.0924,0.073,0.098,0.0912,0.0902,0.0826,0.2078,0.2316,1,1,-0.24615385,-0.30088156,-0.12385073,-0.15424868,0.39463088,0.47422025,-0.3590582,-0.43494424,26.312238576795465,91.70833361929886,5540.0,Guwahati,12,"{""type"":""MultiPoint"",""coordinates"":[]}",-8.505843172495133,-14.766981560674576,-8.0672570300783,-15.048237823358427
2_41_0_2_41_0,0.1987,0.1953,0.1192,0.1111,0.0534,0.0346,0.0746,0.0508,0.0816,0.0495,0.2017,0.236,5,1,-0.45407978,-0.5871597,-0.0074925073,-0.09436587,0.42393222,0.6532399,-0.46000725,-0.6457462,25.974561861494934,91.75432736184578,5541.0,Guwahati,12,"{""type"":""MultiPoint"",""coordinates"":[]}",-8.5986090076372,-14.79678620284479,-8.285835423243428,-14.635591361177287
2_42_0_2_42_0,0.1588,0.1758,0.0886,0.1006,0.0479,0.0446,0.0592,0.0596,0.0504,0.0561,0.1896,0.2011,1,1,-0.45688075,-0.49362788,-0.088404134,-0.06712656,0.58,0.5637636,-0.52411574,-0.5427695,26.081910537947216,91.6952182161507,5542.0,Guwahati,12,"{""type"":""MultiPoint"",""coordinates"":[]}",-6.011473239404966,-12.126578147081919,-9.32052335065836,-12.967605908013546
2_43_0_2_43_0,0.18345,0.2073,0.12775,0.1623,0.0997,0.07645,0.1037,0.09295,0.09695,0.0881,0.28135,0.2286,6,6,-0.27772942,-0.3808493,-0.21062823,-0.048864417,0.48744383,0.44363752,-0.46136865,-0.42186284,26.19967967169529,91.56020142894756,5543.0,Guwahati,12,"{""type"":""MultiPoint"",""coordinates"":[]}",-7.744049754899148,-14.728720837802294,-8.404979411281507,-15.017719329017593
2_44_0_2_44_0,0.0337,0.0328,0.0226,0.0269,0.1282,0.095,0.135,0.1074,0.1244,0.0964,0.0827,0.063,0,0,0.60047424,0.532097,-0.42096218,-0.3152401,-0.201352,-0.20953576,0.24023886,0.26056337,26.22851559231552,91.79475154963116,5544.0,Guwahati,12,"{""type"":""MultiPoint"",""coordinates"":[]}",-22.0990922615455,-30.75622478655255,-21.78130691662644,-32.12654050315933
2_45_0_2_45_0,0.2095,0.31,0.1173,0.2199,0.07,0.0624,0.0843,0.085,0.0686,0.1028,0.2808,0.251,1,1,-0.42614022,-0.56962025,-0.14542118,0.10516934,0.60732687,0.41888073,-0.5382087,-0.4940476,26.01579453303602,91.8432605749736,5545.0,Guwahati,12,"{""type"":""MultiPoint"",""coordinates"":[]}",-7.50100806957522,-13.134872631977384,-8.744208498859287,-15.394851890738286
2_46_0_2_46_0,0.1453,0.1575,0.1074,0.1089,0.0921,0.0715,0.0942,0.0924,0.0778,0.0756,0.1588,0.1785,6,6,-0.21336117,-0.26050422,-0.04439329,-0.0625,0.34234995,0.40495867,-0.25533596,-0.31782946,26.285109455215053,91.66332802356447,5546.0,Guwahati,12,"{""type"":""MultiPoint"",""coordinates"":[]}",-6.18118665621515,-13.778564231324353,-7.535227569274669,-14.024711803433593
2_47_0_2_47_0,0.15785,0.17125,0.12325,0.14155,0.0934,0.0729,0.0966,0.08645,0.0903,0.082,0.1757,0.1919,6,6,-0.24071527,-0.32906482,-0.053515214,-0.056863554,0.32105264,0.40124133,-0.29048842,-0.37883958,26.172909876228523,91.57286767445363,5547.0,Guwahati,12,"{""type"":""MultiPoint"",""coordinates"":[]}",-5.120606374500564,-12.354573873502629,-5.5743677137938334,-13.089788196250794
2_48_0_2_48_0,0.178,0.1431,0.1221,0.0862,0.0961,0.0767,0.1042,0.0894,0.0938,0.0822,0.2182,0.2128,3,0,-0.26151666,-0.23096775,-0.10146391,-0.19584154,0.39871794,0.44271186,-0.35359803,-0.40833884,26.31295722902276,91.89410522005475,5548.0,Guwahati,12,"{""type"":""MultiPoint"",""coordinates"":[]}",-9.745230355948932,-15.1075220122598,-10.06235770214513,-16.102959128679082
2_49_0_2_49_0,0.13785,0.1516,0.0745,0.087,0.0726,0.06055,0.08155,0.076,0.07025,0.07095,0.17115,0.1674,1,1,-0.25660893,-0.3321617,-0.10776699,-0.04952978,0.41797847,0.404657,-0.35457063,-0.37551355,26.18970837204156,91.84981827654768,5549.0,Guwahati,12,"{""type"":""MultiPoint"",""coordinates"":[]}",-7.69749853519441,-14.283430342910314,-7.483690605161211,-15.220343292884069
2_50_0_2_50_0,0.1606,0.1554,0.0866,0.0779,0.0388,0.0299,0.0532,0.0506,0.0398,0.0461,0.2128,0.2588,1,1,-0.50233865,-0.50873786,-0.13979647,-0.24963786,0.6848773,0.6976058,-0.6,-0.67291534,25.96270409974456,91.75082393223772,5550.0,Guwahati,12,"{""type"":""MultiPoint"",""coordinates"":[]}",-8.224946332400318,-13.76277077499342,-8.897961249829875,-14.82546082306373
2_51_0_2_51_0,0.2225,0.24705,0.1997,0.23205,0.1048,0.1166,0.1199,0.1165,0.1373,0.129,0.203,0.2115,6,6,-0.29964954,-0.35909778,0.045828436,0.07752699,0.19306494,0.24229075,-0.2573552,-0.28963414,26.14164850434117,91.829606182655,5551.0,Guwahati,12,"{""type"":""MultiPoint"",""coordinates"":[]}",-4.392290349288386,-12.658527734456793,-2.679890025728446,-12.37080606563725
2_52_0_2_52_0,0.217,0.2567,0.1442,0.1759,0.0942,0.0724,0.1006,0.0979,0.097,0.1062,0.237,0.2577,1,6,-0.36649874,-0.44782853,-0.04405286,-0.0019440125,0.41916168,0.41632316,-0.40402845,-0.44938132,26.11604651874376,91.6185020908869,5552.0,Guwahati,12,"{""type"":""MultiPoint"",""coordinates"":[]}",-10.651822931202435,-16.50548222161732,-8.532084107573674,-15.449873675204213
2_53_0_2_53_0,0.0248,0.3515,0.01595,0.38375,0.1179,0.1729,0.1289,0.1905,0.109,0.2116,0.0667,0.2303,0,7,0.6772934,-0.29704797,-0.4579235,0.20831901,-0.24075128,0.042317268,0.3179959,-0.094581746,26.176682800421823,91.72540160969712,5553.0,Guwahati,12,"{""type"":""MultiPoint"",""coordinates"":[]}",-20.73007333119415,-27.67555701588424,-16.168532909584783,-26.49262358457561
2_54_0_2_54_0,0.1369,0.15065,0.0646,0.07465,0.0727,0.063,0.07535,0.0684,0.0585,0.0564,0.2368,0.22005,1,1,-0.28998822,-0.37548506,-0.26732674,-0.18721338,0.6037927,0.5919696,-0.5172193,-0.52574104,26.170214930376165,91.89060179044672,5554.0,Guwahati,12,"{""type"":""MultiPoint"",""coordinates"":[]}",-8.730211866753097,-14.163364311198192,-7.838295321650232,-14.411335462196648
2_55_0_2_55_0,0.1746,0.2327,0.0989,0.1592,0.0458,0.0516,0.0566,0.0732,0.0487,0.0841,0.1906,0.2142,1,5,-0.5103806,-0.52141225,-0.04381161,0.041396286,0.59297955,0.43613812,-0.5420712,-0.4906054,26.05963231890105,91.75333921503324,5555.0,Guwahati,12,"{""type"":""MultiPoint"",""coordinates"":[]}",-8.221844945211938,-13.321336958024524,-8.281845937789036,-15.261610692925025
2_56_0_2_56_0,0.1661,0.20885,0.10225,0.141,0.09645,0.07045,0.102,0.0892,0.09135,0.09705,0.2113,0.2205,6,6,-0.23908989,-0.4014427,-0.119766824,-0.02713404,0.39633238,0.38875768,-0.3488669,-0.42395866,26.131497541630612,91.59900864922152,5556.0,Guwahati,12,"{""type"":""MultiPoint"",""coordinates"":[]}",-8.982298222528897,-14.632295671608736,-8.065120074799577,-14.795616317593733
2_57_0_2_57_0,0.2459,0.2441,0.1795,0.1832,0.1044,0.0898,0.1116,0.1062,0.1032,0.118,0.2424,0.1936,4,1,-0.37566432,-0.39366257,0.007167725,0.11537583,0.4027778,0.24261874,-0.36949152,-0.2915277,26.2569023552937,91.55202675986206,5557.0,Guwahati,12,"{""type"":""MultiPoint"",""coordinates"":[]}",-9.778406385982947,-14.68054235442343,-8.657500679805977,-15.592597741645012
2_58_0_2_58_0,0.2691,0.2977,0.2005,0.2112,0.1044,0.0922,0.1452,0.1118,0.1258,0.1246,0.2976,0.2522,4,4,-0.29905865,-0.45396826,-0.05029116,0.08274232,0.40576288,0.3386412,-0.34417343,-0.3857143,26.301009635743966,91.68551641108222,5558.0,Guwahati,12,"{""type"":""MultiPoint"",""coordinates"":[]}",-9.937327609719278,-16.41658106955039,-10.300697381620624,-17.365448109173414
2_59_0_2_59_0,0.1882,0.2172,0.1023,0.1224,0.0438,0.0362,0.062,0.0647,0.05,0.0578,0.2238,0.251,1,1,-0.5043965,-0.540972,-0.086407766,-0.07219137,0.6347699,0.62564766,-0.56613016,-0.5901172,26.04984068230415,91.7575612968686,5559.0,Guwahati,12,"{""type"":""MultiPoint"",""coordinates"":[]}",-7.940363664405297,-13.23891220402141,-8.413710709594975,-13.865236495998253
2_60_0_2_60_0,0.35805,0.30225,0.39095,0.30225,0.1948,0.1379,0.2238,0.1582,0.2416,0.1733,0.2563,0.19265,7,7,-0.23072957,-0.31284612,0.1656222,0.22145888,0.029524,0.052876078,-0.06769423,-0.09819011,26.147577385216355,91.58221015340848,5560.0,Guwahati,12,"{""type"":""MultiPoint"",""coordinates"":[]}",-18.565758562121026,-29.156152672645256,-17.637333508559124,-28.9287631538928
2_61_0_2_61_0,0.2308,0.2494,0.1348,0.1228,0.0896,0.0965,0.1068,0.1344,0.0918,0.1156,0.2724,0.3672,1,1,-0.36729857,-0.29963523,-0.082670905,-0.19104768,0.49588138,0.52112675,-0.43670887,-0.46411484,26.006901211723235,91.78019884202844,5561.0,Guwahati,12,"{""type"":""MultiPoint"",""coordinates"":[]}",-7.3485633941891715,-15.678754489276265,-7.234215910769228,-13.703135814368363
2_62_0_2_62_0,0.2757,0.2956,0.2079,0.2405,0.1054,0.0752,0.1146,0.0948,0.1178,0.1122,0.2182,0.2116,5,5,-0.41275942,-0.5143443,0.11642033,0.16561514,0.29880953,0.30697963,-0.31129807,-0.38120106,26.117843149312,91.62694625455762,5562.0,Guwahati,12,"{""type"":""MultiPoint"",""coordinates"":[]}",-11.212715447710272,-16.67142382776281,-11.631123595557826,-17.33374078719896
2_63_0_2_63_0,0.2403,0.2154,0.1571,0.1483,0.096,0.0948,0.1064,0.117,0.1164,0.1202,0.2252,0.171,1,1,-0.38621286,-0.29602888,0.032438237,0.11490683,0.31850117,0.17445055,-0.35826296,-0.1875,26.34152365505776,91.77840221146018,5563.0,Guwahati,12,"{""type"":""MultiPoint"",""coordinates"":[]}",-9.941925550837883,-15.765858382459571,-9.836838491514154,-17.068470832599715
2_64_0_2_64_0,0.1983,0.21995,0.14515,0.18145,0.1671,0.129,0.1711,0.1256,0.1587,0.1378,0.23205,0.19635,6,0,-0.07363292,-0.27304298,-0.078424536,0.05668989,0.18771593,0.17522071,-0.15118442,-0.21975462,26.15934531543832,91.74282892620904,5564.0,Guwahati,12,"{""type"":""MultiPoint"",""coordinates"":[]}",-9.290651900836712,-15.667111176491815,-3.7709855362380367,-11.713460019039674
2_65_0_2_65_0,0.18015,0.16985,0.0957,0.1072,0.147,0.0963,0.1541,0.1087,0.1298,0.0998,0.3131,0.2452,1,1,-0.07793567,-0.2195297,-0.26953876,-0.1815444,0.41386318,0.42144927,-0.34032536,-0.38570216,26.146409575347,91.88143897454869,5565.0,Guwahati,12,"{""type"":""MultiPoint"",""coordinates"":[]}",-8.327329658723114,-15.516400404346978,-7.667609932642154,-16.086930577582116
2_66_0_2_66_0,0.315,0.3629,0.2365,0.3311,0.1054,0.125,0.1212,0.1414,0.1422,0.1704,0.2438,0.2442,4,4,-0.44429162,-0.4392227,0.1274159,0.19551969,0.26321244,0.1780029,-0.3358904,-0.2665975,26.06277642239547,91.56756761427732,5566.0,Guwahati,12,"{""type"":""MultiPoint"",""coordinates"":[]}",-10.528442281517142,-17.054691905606337,-11.07232874156616,-19.684204202237606
2_67_0_2_67_0,0.1816,0.2024,0.1071,0.1246,0.0442,0.0353,0.055,0.0606,0.059,0.059,0.1942,0.2027,1,1,-0.5350803,-0.5391635,-0.033528473,-0.0007405579,0.53396523,0.549102,-0.5585875,-0.5396886,26.004835086569763,91.78729553277296,5567.0,Guwahati,12,"{""type"":""MultiPoint"",""coordinates"":[]}",-7.553266263203862,-12.673178306027914,-6.912244389042833,-14.323512435822408
2_68_0_2_68_0,0.1198,0.1451,0.0806,0.0847,0.1148,0.0809,0.1188,0.0983,0.1198,0.094,0.1602,0.2216,0,0,-0.004191115,-0.19227609,-0.14428571,-0.2086174,0.14428571,0.40430924,-0.14838709,-0.38543296,26.28403147687411,91.79097862543786,5568.0,Guwahati,12,"{""type"":""MultiPoint"",""coordinates"":[]}",-9.997621155285088,-19.234404851150693,-13.70648784104886,-22.28857520157512
2_69_0_2_69_0,0.16505,0.1628,0.11355,0.1043,0.0711,0.0527,0.0815,0.0631,0.0792,0.0672,0.173,0.1494,1,1,-0.3388765,-0.44134572,-0.02351723,0.042921204,0.37192705,0.37950137,-0.35952848,-0.40611765,26.183420165052723,91.58930684415304,5569.0,Guwahati,12,"{""type"":""MultiPoint"",""coordinates"":[]}",-7.741130395672528,-13.045608956480942,-7.700031717001559,-14.14299209069549
2_70_0_2_70_0,0.2576,0.2869,0.1962,0.2356,0.1112,0.1054,0.1252,0.126,0.136,0.1498,0.2384,0.2344,4,4,-0.34587252,-0.38968274,0.038709678,0.100709766,0.2735043,0.22019781,-0.31133112,-0.30077693,26.33487612195528,91.74157128481129,5570.0,Guwahati,12,"{""type"":""MultiPoint"",""coordinates"":[]}",-10.642243723453515,-16.95710023811368,-12.25002348983397,-18.337366378919345
2_71_0_2_71_0,0.1791,0.18495,0.1499,0.14395,0.1323,0.1097,0.1341,0.1205,0.136,0.1342,0.1945,0.1934,6,6,-0.14367816,-0.21100016,-0.041220557,-0.022333818,0.17700455,0.18070818,-0.1838101,-0.23223956,26.161950429762268,91.71875407659464,5571.0,Guwahati,12,"{""type"":""MultiPoint"",""coordinates"":[]}",-7.236374319968604,-14.390764527198932,-7.078991121333871,-14.60252154478528
2_72_0_2_72_0,0.2119,0.2252,0.1431,0.1622,0.07,0.0527,0.0749,0.0697,0.0751,0.0728,0.2108,0.2078,1,1,-0.4776848,-0.5272974,0.0026023185,0.04018476,0.47464147,0.4811119,-0.4756738,-0.49765766,26.09763105541931,91.82080269287064,5572.0,Guwahati,12,"{""type"":""MultiPoint"",""coordinates"":[]}",-7.796917757714766,-14.127371793719679,-7.65298066950053,-13.900132231898642
2_73_0_2_73_0,0.1502,0.1659,0.0751,0.0835,0.0442,0.0301,0.0522,0.0518,0.0393,0.0406,0.2178,0.2614,1,1,-0.48418972,-0.52411574,-0.18369566,-0.22349638,0.69428235,0.73112583,-0.61333334,-0.6692209,25.969890622017516,91.7161489622707,5573.0,Guwahati,12,"{""type"":""MultiPoint"",""coordinates"":[]}",-8.38184195959988,-14.107827779718473,-8.27647170181205,-14.4651162231285
2_74_0_2_74_0,0.2079,0.189,0.1358,0.1399,0.0932,0.0803,0.095,0.0914,0.0908,0.085,0.2596,0.2054,1,4,-0.37273028,-0.34807417,-0.11058824,-0.04158215,0.48173517,0.41460055,-0.464185,-0.38409704,26.346374557592004,91.81828741007509,5574.0,Guwahati,12,"{""type"":""MultiPoint"",""coordinates"":[]}",-9.044950993225221,-14.499544031090032,-8.978353511003395,-15.167384628834794
2_75_0_2_75_0,0.20665,0.2123,0.14465,0.1457,0.09955,0.0782,0.1098,0.10075,0.0962,0.0903,0.2503,0.2997,1,6,-0.30605152,-0.35633287,-0.095524676,-0.17070313,0.44473305,0.53692305,-0.3901694,-0.49681607,26.19123550802456,91.66395684426335,5575.0,Guwahati,12,"{""type"":""MultiPoint"",""coordinates"":[]}",-9.211713193973505,-15.470918083456898,-7.407932473665482,-14.21136300195747
2_76_0_2_76_0,0.1687,0.1867,0.0889,0.0964,0.0364,0.0296,0.0606,0.0639,0.0512,0.0427,0.2308,0.2878,1,1,-0.4714348,-0.49002394,-0.15544431,-0.21306638,0.63687944,0.7416036,-0.5840769,-0.63662213,25.96521938254009,91.718394750481,5576.0,Guwahati,12,"{""type"":""MultiPoint"",""coordinates"":[]}",-7.70998633934338,-12.88012396333874,-8.306938111982415,-13.73832850083041
2_77_0_2_77_0,0.1339,0.1488,0.0668,0.0904,0.0443,0.0292,0.0536,0.0406,0.0421,0.042,0.1846,0.1805,1,1,-0.42826667,-0.57127774,-0.15918367,-0.0962648,0.628584,0.6224719,-0.549958,-0.6327454,26.027113305615927,91.81819757854667,5577.0,Guwahati,12,"{""type"":""MultiPoint"",""coordinates"":[]}",-6.182101206053467,-13.485773445868595,-8.02311453068981,-13.883071533652856
2_78_0_2_78_0,0.1714,0.1862,0.1279,0.1485,0.0844,0.0803,0.091,0.1009,0.102,0.1144,0.1606,0.1622,6,6,-0.30640244,-0.297109,0.03253012,0.06888634,0.22315308,0.17281273,-0.27662957,-0.23299126,26.118202475425644,91.8199043775865,5578.0,Guwahati,12,"{""type"":""MultiPoint"",""coordinates"":[]}",-7.984022701854567,-14.611121449510776,-8.225453886746873,-13.774576299900454
2_79_0_2_79_0,0.1714,0.1747,0.1015,0.1097,0.0382,0.038,0.0584,0.0603,0.0542,0.0626,0.183,0.2058,1,1,-0.49173194,-0.4868085,-0.032731377,-0.08173456,0.5430017,0.533532,-0.5161558,-0.5467869,26.03753376291171,91.71749643519688,5579.0,Guwahati,12,"{""type"":""MultiPoint"",""coordinates"":[]}",-8.518108221507319,-13.366034738759055,-8.44129458688581,-14.613293797138276
2_80_0_2_80_0,0.1771,0.1801,0.1074,0.1082,0.091,0.0706,0.0973,0.0844,0.0858,0.082,0.2064,0.1866,6,6,-0.29081634,-0.36181474,-0.07640156,-0.017725661,0.412731,0.38942665,-0.3592361,-0.37712178,26.271095736782787,91.62910221123953,5580.0,Guwahati,12,"{""type"":""MultiPoint"",""coordinates"":[]}",-6.24872080099855,-12.987384234976746,-6.339307241326904,-12.828932750707004
2_81_0_2_81_0,0.1462,0.16905,0.0844,0.1061,0.0692,0.0784,0.0755,0.0824,0.0693,0.0824,0.17475,0.1752,1,1,-0.31889942,-0.3446013,-0.088954665,-0.017864924,0.43208358,0.36024845,-0.3966034,-0.36024845,26.18845073064379,91.83382826449036,5581.0,Guwahati,12,"{""type"":""MultiPoint"",""coordinates"":[]}",-7.334218281573658,-14.787776675265096,-7.408996194290944,-14.116281652266007
2_82_0_2_82_0,0.1861,0.2145,0.106,0.1274,0.036,0.0269,0.0594,0.055,0.0542,0.05,0.2167,0.2275,1,1,-0.5160896,-0.59183675,-0.07596822,-0.029411765,0.5998523,0.6396396,-0.5697211,-0.6106195,25.95920067013649,91.7394153281294,5582.0,Guwahati,12,"{""type"":""MultiPoint"",""coordinates"":[]}",-7.996970177448741,-12.678290335153592,-7.994016803944845,-13.774666955777235
2_83_0_2_83_0,0.314,0.3154,0.2353,0.2269,0.1166,0.0922,0.1282,0.1076,0.1474,0.1316,0.2322,0.2392,4,4,-0.42017186,-0.49125296,0.14976199,0.13739632,0.22339304,0.2901834,-0.28856826,-0.37946942,26.270466916083905,91.5965831979544,5583.0,Guwahati,12,"{""type"":""MultiPoint"",""coordinates"":[]}",-9.521329054978349,-16.21225552743131,-10.057369625701792,-16.17563083392476
2_84_0_2_84_0,0.1686,0.1811,0.119,0.1571,0.1042,0.087,0.1076,0.1018,0.0942,0.1098,0.2624,0.2222,1,6,-0.22085445,-0.28031108,-0.21763341,-0.10190925,0.47167695,0.3385542,-0.41837838,-0.37160495,26.25600404000958,91.68722321012206,5584.0,Guwahati,12,"{""type"":""MultiPoint"",""coordinates"":[]}",-6.3781491509235675,-12.967284893246704,-6.717521564372834,-13.662352589750318
2_85_0_2_85_0,0.2081,0.167,0.1303,0.0756,0.07,0.0394,0.0808,0.0505,0.097,0.0356,0.198,0.2894,1,1,-0.4406369,-0.5356322,0.024870722,-0.2681858,0.3423729,0.78092307,-0.42037302,-0.7028538,25.953451452318124,91.89967477481632,5585.0,Guwahati,12,"{""type"":""MultiPoint"",""coordinates"":[]}",-9.40209413612436,-15.77843900470049,-7.502336232749316,-13.628587600171553
2_86_0_2_86_0,0.2285,0.236,0.1898,0.1877,0.1018,0.0712,0.109,0.0958,0.1286,0.1136,0.1902,0.2008,6,6,-0.35407406,-0.4225437,0.09147361,0.08058608,0.1932246,0.2773537,-0.27139038,-0.35401213,26.117932980840408,91.6815638238321,5586.0,Guwahati,12,"{""type"":""MultiPoint"",""coordinates"":[]}",-12.039545811436797,-17.671278896303914,-9.191056643961463,-15.708969207180514
2_87_0_2_87_0,0.1679,0.1905,0.0836,0.1012,0.0543,0.0424,0.065,0.0646,0.0544,0.0562,0.2666,0.2586,1,1,-0.44182053,-0.49353194,-0.22715765,-0.1516366,0.6610592,0.6429479,-0.6079614,-0.6002475,26.054242427196336,91.76223253634603,5587.0,Guwahati,12,"{""type"":""MultiPoint"",""coordinates"":[]}",-8.094852665709052,-13.171937359883744,-8.587338399509882,-14.902168174103696
2_88_0_2_88_0,0.31465,0.27015,0.25205,0.2022,0.1138,0.0838,0.132,0.09595,0.1627,0.1025,0.2349,0.2172,4,5,-0.40893316,-0.47582626,0.14511873,0.108648814,0.18158954,0.35877386,-0.28045788,-0.38719463,26.20992046593425,91.6493143051322,5588.0,Guwahati,12,"{""type"":""MultiPoint"",""coordinates"":[]}",-11.46887497039543,-17.6579263073197,-10.521176664444862,-17.548818242399623
2_89_0_2_89_0,0.187,0.2149,0.0996,0.1145,0.0589,0.0351,0.0768,0.0659,0.0661,0.0569,0.2868,0.3044,1,1,-0.4177407,-0.5306268,-0.2106374,-0.1723474,0.62538964,0.6850263,-0.57755774,-0.64407235,25.957134544983013,91.56990323401604,5589.0,Guwahati,12,"{""type"":""MultiPoint"",""coordinates"":[]}",-8.656997507711647,-14.704243501549229,-9.160693208135324,-16.03568637708871
2_90_0_2_90_0,0.0291,0.0258,0.0221,0.0192,0.1202,0.0899,0.1294,0.1034,0.1146,0.0925,0.0727,0.0594,0,0,0.63280755,0.6006192,-0.42829075,-0.3943662,-0.22370529,-0.21790652,0.28055418,0.27027026,26.23624110375895,91.89455437769683,5590.0,Guwahati,12,"{""type"":""MultiPoint"",""coordinates"":[]}",-21.8793030865495,-31.26130041013637,-23.375507554032698,-30.09961836161521
2_91_0_2_91_0,0.15395,0.1535,0.08085,0.07695,0.0772,0.05845,0.08005,0.0731,0.0681,0.0749,0.2425,0.2121,1,1,-0.31581196,-0.35481024,-0.22335729,-0.16028446,0.5614939,0.47804877,-0.50364286,-0.4873773,26.172909876228523,91.86733542458802,5591.0,Guwahati,12,"{""type"":""MultiPoint"",""coordinates"":[]}",-7.052399341454491,-13.396881540500178,-7.173564246136755,-13.902582409085753
2_92_0_2_92_0,0.2038,0.2003,0.1138,0.1122,0.0674,0.045,0.078,0.0628,0.0678,0.0522,0.2244,0.2373,1,1,-0.4464159,-0.52261496,-0.04810836,-0.0845521,0.53593427,0.63937825,-0.48412699,-0.5814728,26.048583040906383,91.63143783097824,5592.0,Guwahati,12,"{""type"":""MultiPoint"",""coordinates"":[]}",-10.130640835443659,-16.04717712636092,-9.461004612698323,-16.04936522932119
2_93_0_2_93_0,0.1593,0.1925,0.0875,0.0987,0.0818,0.0492,0.0944,0.0602,0.0676,0.0514,0.2222,0.2082,1,1,-0.25581396,-0.5235457,-0.16487549,-0.039181434,0.53347135,0.6040062,-0.40366393,-0.5514158,25.98911456909767,91.86185570135488,5593.0,Guwahati,12,"{""type"":""MultiPoint"",""coordinates"":[]}",-10.310240319304238,-16.15005288605969,-10.39083297947083,-16.330895397914
2_94_0_2_94_0,0.191,0.1983,0.1113,0.1213,0.0574,0.0451,0.0709,0.065,0.0596,0.0667,0.215,0.2259,1,1,-0.45857197,-0.5062666,-0.0591133,-0.06506365,0.56591403,0.54408747,-0.50402236,-0.553111,26.08083255960627,91.75792062298224,5594.0,Guwahati,12,"{""type"":""MultiPoint"",""coordinates"":[]}",-7.18630596294517,-13.547668500639917,-8.048352025737177,-14.273001056161
2_95_0_2_95_0,0.213,0.3047,0.1422,0.2385,0.0952,0.088,0.1012,0.1062,0.103,0.129,0.2106,0.2404,5,4,-0.35582432,-0.4830859,0.0056657223,0.117960006,0.34311223,0.30157012,-0.35086593,-0.38718984,26.34296095951235,91.89338656782748,5595.0,Guwahati,12,"{""type"":""MultiPoint"",""coordinates"":[]}",-9.381306571901625,-13.952174687811972,-10.334263474242281,-15.182609555790112
2_96_0_2_96_0,0.176,0.1837,0.1132,0.1076,0.1052,0.0812,0.1062,0.0926,0.096,0.0893,0.2078,0.241,1,1,-0.2473423,-0.3297141,-0.08285566,-0.13491876,0.36800528,0.45927945,-0.32356688,-0.44484413,26.29094850456183,91.63961250006372,5596.0,Guwahati,12,"{""type"":""MultiPoint"",""coordinates"":[]}",-11.317969819096625,-16.709936298781784,-9.82344201466494,-16.78473521299684
2_97_0_2_97_0,0.2032,0.2017,0.1741,0.1831,0.1028,0.0744,0.1162,0.0908,0.1228,0.0889,0.1976,0.1412,6,6,-0.27238572,-0.3791453,0.013972056,0.17643628,0.23345818,0.22729248,-0.2594009,-0.21724138,26.11946011682341,91.774000466568,5597.0,Guwahati,12,"{""type"":""MultiPoint"",""coordinates"":[]}",-7.671017230744515,-13.585565046141962,-6.797397968024484,-14.255963323060293
2_98_0_2_98_0,0.1536,0.2147,0.1314,0.2076,0.1068,0.1114,0.1144,0.1264,0.1104,0.13,0.1492,0.1644,6,6,-0.14626865,-0.25886837,0.014531043,0.13268267,0.1494607,0.11684783,-0.13201821,-0.130674,26.240193691009075,91.81487381199544,5598.0,Guwahati,12,"{""type"":""MultiPoint"",""coordinates"":[]}",-5.272908726668217,-12.368797289787459,-4.226998001163954,-12.608898067116007
2_99_0_2_99_0,0.1614,0.17385,0.09875,0.1104,0.0791,0.0701,0.0852,0.0781,0.07365,0.0706,0.1699,0.1718,1,1,-0.30900243,-0.38003573,-0.025656505,0.005930855,0.39519605,0.41749176,-0.33202666,-0.37495,26.19967967169529,91.70797429318522,5599.0,Guwahati,12,"{""type"":""MultiPoint"",""coordinates"":[]}",-7.1165417351620865,-14.245683293440269,-7.705228098851794,-14.522614999567153
2_100_0_2_100_0,0.3044,0.2276,0.2166,0.1272,0.0732,0.0429,0.0878,0.0656,0.1122,0.0673,0.2302,0.2558,5,1,-0.5522693,-0.55252385,0.13879536,-0.05833678,0.34462616,0.5834107,-0.44779873,-0.5917859,26.023070886837388,91.78828367958548,5600.0,Guwahati,12,"{""type"":""MultiPoint"",""coordinates"":[]}",-10.066116671830388,-16.14440193245914,-8.216205954391569,-13.774166150713702
2_101_0_2_101_0,0.1717,0.18945,0.136,0.1382,0.1055,0.07455,0.1108,0.0891,0.1029,0.07885,0.2082,0.2669,1,1,-0.21557522,-0.3602585,-0.09607791,-0.16971622,0.33847636,0.5438901,-0.30532914,-0.4994382,26.15377576067678,91.66898740985442,5601.0,Guwahati,12,"{""type"":""MultiPoint"",""coordinates"":[]}",-7.543590446400254,-14.205278063828159,-7.7163557923087245,-14.462587632684276
2_102_0_2_102_0,0.2108,0.1907,0.1169,0.0979,0.0922,0.0509,0.0974,0.0621,0.0825,0.0634,0.2758,0.2444,1,1,-0.3679429,-0.5087025,-0.13357994,-0.1234199,0.5394921,0.58804417,-0.47802788,-0.5947798,26.0126504295416,91.85242339087164,5602.0,Guwahati,12,"{""type"":""MultiPoint"",""coordinates"":[]}",-10.188273511663187,-16.36134965190041,-10.2675559992505,-16.36290718478203
2_103_0_2_103_0,0.19465,0.17515,0.1981,0.16915,0.1079,0.1078,0.1162,0.1273,0.1161,0.1303,0.14545,0.1611,6,6,-0.25237253,-0.15820797,0.14466333,0.041784387,0.11221564,0.10569663,-0.11179056,-0.11719833,26.202105122962408,91.67446713308756,5603.0,Guwahati,12,"{""type"":""MultiPoint"",""coordinates"":[]}",0.9050273309035469,-8.60363388226477,-0.4186910500685343,-8.510488633386373
2_104_0_2_104_0,0.1759,0.1653,0.1369,0.1255,0.0949,0.0814,0.1026,0.0908,0.0916,0.0888,0.1804,0.2016,6,6,-0.2631957,-0.290902,-0.012629806,-0.09893704,0.32647058,0.38842976,-0.27491167,-0.37893298,26.28780440106741,91.89715949202078,5604.0,Guwahati,12,"{""type"":""MultiPoint"",""coordinates"":[]}",-5.388256622252744,-13.331906191674316,-5.3211775512398845,-12.554003075275507
2_105_0_2_105_0,0.128,0.1699,0.0605,0.0882,0.0436,0.0313,0.0516,0.0504,0.0383,0.048,0.1788,0.2157,1,1,-0.42538977,-0.54244214,-0.16558018,-0.118775934,0.6471672,0.63594997,-0.5520833,-0.621195,25.990641705080677,91.6200292268699,5605.0,Guwahati,12,"{""type"":""MultiPoint"",""coordinates"":[]}",-9.614063670742713,-15.264388788183,-7.9695676092716194,-14.194931069647826
2_106_0_2_106_0,0.2532,0.2104,0.1991,0.1401,0.1154,0.0866,0.1324,0.1144,0.1278,0.1078,0.3082,0.269,4,4,-0.31327802,-0.2955665,-0.09796936,-0.122236125,0.41376147,0.42781317,-0.39900136,-0.4032342,26.26184308935636,91.65308722932552,5606.0,Guwahati,12,"{""type"":""MultiPoint"",""coordinates"":[]}",-9.682014894221926,-15.995660404237,-10.085403270602702,-16.602240663781632
2_107_0_2_107_0,0.223,0.2246,0.1707,0.1965,0.1376,0.12,0.1438,0.1352,0.1438,0.1394,0.2205,0.2052,6,6,-0.21592148,-0.24847138,0.0056369784,0.045137275,0.21054076,0.19094603,-0.21054076,-0.20564042,26.091432679958885,91.61598680809138,5607.0,Guwahati,12,"{""type"":""MultiPoint"",""coordinates"":[]}",-6.766971463200059,-15.134131674188957,-7.631767480919876,-13.149462391443404
2_108_0_2_108_0,0.1581,0.1492,0.0971,0.0837,0.0442,0.0226,0.0542,0.0426,0.0557,0.0421,0.1578,0.1814,1,1,-0.4894018,-0.55578727,0.0009496676,-0.09739867,0.47822013,0.6232662,-0.48867926,-0.61964285,25.99639092289904,91.84972844501928,5608.0,Guwahati,12,"{""type"":""MultiPoint"",""coordinates"":[]}",-5.851252716586629,-12.289081516901787,-5.245840351594634,-12.884025795677049
2_109_0_2_109_0,0.1303,0.1261,0.0702,0.0652,0.049,0.0322,0.0592,0.0478,0.0452,0.0394,0.1986,0.1672,1,1,-0.3751979,-0.45025876,-0.2076619,-0.14012957,0.6292043,0.61858666,-0.5407292,-0.5553488,26.04184567627549,91.60960876957412,5609.0,Guwahati,12,"{""type"":""MultiPoint"",""coordinates"":[]}",-8.430091123483109,-14.447374274071432,-8.33603046789449,-14.356092481107233
2_110_0_2_110_0,0.165,0.1731,0.0875,0.0947,0.0443,0.0295,0.0586,0.0514,0.0534,0.0563,0.2074,0.1874,1,1,-0.47584972,-0.5420935,-0.11385607,-0.03966713,0.5904908,0.5379565,-0.5593985,-0.5695142,26.02648448491704,91.73914583354416,5610.0,Guwahati,12,"{""type"":""MultiPoint"",""coordinates"":[]}",-6.9593137549415065,-13.670296887104188,-7.613866056064591,-13.535952840447939
2_111_0_2_111_0,0.17835,0.19475,0.1539,0.18155,0.1154,0.1012,0.1213,0.1114,0.1311,0.1289,0.17465,0.1722,6,6,-0.19038878,-0.27225217,0.010481587,0.061452515,0.14243664,0.14380604,-0.18026693,-0.21438646,26.136078949579623,91.72324565301524,5611.0,Guwahati,12,"{""type"":""MultiPoint"",""coordinates"":[]}",-6.47647668299223,-12.810489033540762,-8.072956261079948,-14.310795489539082
2_112_0_2_112_0,0.1366,0.1592,0.0825,0.1087,0.0912,0.0866,0.0987,0.1011,0.0888,0.0968,0.2298,0.211,0,0,-0.16107097,-0.223204,-0.25436682,-0.13992436,0.4425612,0.37102014,-0.39908674,-0.35213074,26.26507702437919,91.78792435347184,5612.0,Guwahati,12,"{""type"":""MultiPoint"",""coordinates"":[]}",-10.318843114293957,-14.745389409410254,-9.806944256644544,-15.798858869959773
2_113_0_2_113_0,0.155,0.1582,0.0961,0.1013,0.0968,0.0865,0.1018,0.1034,0.0918,0.1088,0.19,0.2018,1,1,-0.2071651,-0.20948012,-0.10144927,-0.12111111,0.3484741,0.29942048,-0.30226183,-0.32241154,26.255195556253877,91.66260937133715,5613.0,Guwahati,12,"{""type"":""MultiPoint"",""coordinates"":[]}",-6.833995912640852,-13.84883639621269,-7.529307269400081,-14.153119162930633
2_114_0_2_114_0,0.15275,0.18095,0.1305,0.1638,0.09465,0.0814,0.09775,0.08835,0.09585,0.0892,0.1453,0.15545,6,6,-0.21956088,-0.34385443,0.024995806,0.07580262,0.2050591,0.27079502,-0.19563876,-0.2752256,26.161052114478142,91.75531550865831,5614.0,Guwahati,12,"{""type"":""MultiPoint"",""coordinates"":[]}",-6.799672409964206,-11.20825482153343,-7.242609090947113,-11.156485038042488
2_115_0_2_115_0,0.1506,0.1618,0.0736,0.0855,0.0588,0.0347,0.0642,0.0396,0.0535,0.0338,0.2032,0.2094,1,1,-0.40223464,-0.60675275,-0.14867157,-0.12823276,0.583171,0.72203946,-0.5198205,-0.68192774,25.967285507693564,91.88422375192944,5615.0,Guwahati,12,"{""type"":""MultiPoint"",""coordinates"":[]}",-8.270208984414662,-13.700478920230626,-9.25174973188641,-15.989455991718462
2_116_0_2_116_0,0.1542,0.17395,0.13165,0.1306,0.1126,0.1038,0.1131,0.1114,0.1138,0.1122,0.1471,0.1639,6,6,-0.15375982,-0.21920449,0.023564553,0.02974693,0.1276351,0.187251,-0.13066871,-0.19070105,26.169586109677283,91.75684264464132,5616.0,Guwahati,12,"{""type"":""MultiPoint"",""coordinates"":[]}",-5.55360710784704,-12.53574093184954,-6.397420560306142,-13.834874840156518
2_117_0_2_117_0,0.1831,0.2145,0.13125,0.16825,0.1605,0.1235,0.1597,0.1302,0.1432,0.1315,0.2638,0.22935,6,6,-0.06826138,-0.24456048,-0.18057731,-0.03345725,0.2963145,0.2711653,-0.24580874,-0.27576137,26.14919435272777,91.78118698884096,5617.0,Guwahati,12,"{""type"":""MultiPoint"",""coordinates"":[]}",-6.4207453162034165,-12.274322704377951,-6.219361405737827,-13.955925750931232
2_118_0_2_118_0,0.2021,0.22405,0.14055,0.16455,0.1499,0.1006,0.1514,0.1106,0.1462,0.1051,0.22895,0.26095,6,6,-0.14342292,-0.3390109,-0.062289756,-0.076082475,0.22057843,0.42576152,-0.20389116,-0.40465617,26.12565849228384,91.71740660366846,5618.0,Guwahati,12,"{""type"":""MultiPoint"",""coordinates"":[]}",-6.893554038390624,-13.040465133894154,-8.813196469634228,-13.818554926516946
2_119_0_2_119_0,0.2078,0.2096,0.1367,0.1304,0.07,0.0487,0.0832,0.073,0.0946,0.0878,0.212,0.2254,1,1,-0.4281787,-0.48336872,-0.010004764,-0.036321837,0.38290933,0.43933588,-0.43631437,-0.5107239,26.060979791827236,91.8101127409896,5619.0,Guwahati,12,"{""type"":""MultiPoint"",""coordinates"":[]}",-7.988790982505321,-13.684222259910754,-6.51114843722481,-11.520671720954015
2_120_0_2_120_0,0.1675,0.2037,0.1266,0.1948,0.0796,0.08,0.0956,0.0809,0.0963,0.0896,0.1784,0.171,6,6,-0.2732801,-0.4314828,-0.031511996,0.08726981,0.2988715,0.3123561,-0.30218977,-0.35768163,26.088019081879228,91.78585822831838,5620.0,Guwahati,12,"{""type"":""MultiPoint"",""coordinates"":[]}",-6.374339214208579,-13.580533070745581,-5.859641725686005,-13.207162696252738
2_121_0_2_121_0,0.16845,0.21385,0.1108,0.14755,0.0963,0.073,0.0968,0.0842,0.0941,0.0895,0.17665,0.184,1,3,-0.27012253,-0.43499413,-0.023761228,0.07502828,0.30489382,0.34552103,-0.2920095,-0.37211037,26.181264208370838,91.57538295724918,5621.0,Guwahati,12,"{""type"":""MultiPoint"",""coordinates"":[]}",-8.671158259645559,-13.492832845271746,-11.000105545299327,-16.345910536881405
2_122_0_2_122_0,0.2888,0.23415,0.27335,0.1745,0.1125,0.0888,0.1351,0.1136,0.1544,0.1222,0.2215,0.2169,6,6,-0.3625855,-0.34665707,0.1318832,0.0382441,0.17850493,0.27926865,-0.24228828,-0.31255674,26.166891163824925,91.83688253645636,5622.0,Guwahati,12,"{""type"":""MultiPoint"",""coordinates"":[]}",-9.617789928431954,-15.88603204201299,-10.949082193244301,-16.47624472791795
2_123_0_2_123_0,0.177,0.1971,0.136,0.1538,0.0932,0.0998,0.1016,0.115,0.0936,0.116,0.1828,0.17,6,6,-0.2706389,-0.26305673,-0.016120067,0.07382185,0.3227207,0.18881118,-0.28551337,-0.19298245,26.31367588125005,91.71327435336153,5623.0,Guwahati,12,"{""type"":""MultiPoint"",""coordinates"":[]}",-5.725291463461103,-13.285925979179105,-4.357701209293792,-13.785987090431579
2_124_0_2_124_0,0.2444,0.2486,0.1692,0.1841,0.0999,0.0847,0.1058,0.1058,0.1112,0.106,0.2276,0.2294,4,4,-0.39577386,-0.40293455,0.03559322,0.040167365,0.34356552,0.3679189,-0.36532694,-0.36873507,26.339637192961103,91.77085636307358,5624.0,Guwahati,12,"{""type"":""MultiPoint"",""coordinates"":[]}",-9.264665060524756,-15.83998283145684,-9.463044641971617,-15.389499719815838
2_125_0_2_125_0,0.1862,0.1632,0.0941,0.0813,0.0482,0.0366,0.0662,0.0514,0.0442,0.039,0.3104,0.293,1,1,-0.47543582,-0.5209693,-0.25010067,-0.28452432,0.750705,0.76506025,-0.6484333,-0.7015099,25.963961741142324,91.6221851835518,5625.0,Guwahati,12,"{""type"":""MultiPoint"",""coordinates"":[]}",-5.009459772334777,-11.638046192159436,-5.392751918332644,-13.054810004817917
2_126_0_2_126_0,0.1876,0.1363,0.1521,0.0817,0.1,0.082,0.1118,0.0952,0.1098,0.091,0.1842,0.194,4,4,-0.25317302,-0.1775378,0.009144701,-0.17468968,0.25306123,0.3614035,-0.24459459,-0.3416321,26.34071517130205,91.82098235592744,5626.0,Guwahati,12,"{""type"":""MultiPoint"",""coordinates"":[]}",-8.58855016460313,-16.82060177368569,-8.346373809782293,-14.78608825314922
2_127_0_2_127_0,0.1836,0.2272,0.1657,0.2174,0.1058,0.0954,0.1192,0.1092,0.1242,0.124,0.2072,0.189,1,6,-0.21268164,-0.3507729,-0.060388945,0.09178279,0.25045264,0.20766774,-0.26960784,-0.26760563,26.29732654307908,91.71264553266263,5627.0,Guwahati,12,"{""type"":""MultiPoint"",""coordinates"":[]}",-5.212224733112567,-13.426758187295627,-0.939527248560481,-13.082225847594366
2_128_0_2_128_0,0.26685,0.30005,0.19945,0.22745,0.1041,0.0918,0.1151,0.1165,0.1143,0.1309,0.22355,0.2166,4,4,-0.3973033,-0.44064337,0.088295266,0.16152135,0.32336837,0.2466187,-0.32024214,-0.30051035,26.19159483413821,91.57358632668092,5628.0,Guwahati,12,"{""type"":""MultiPoint"",""coordinates"":[]}",-9.90865142249357,-16.53850475766748,-10.022830684749431,-17.011502629580853
2_129_0_2_129_0,0.1606,0.1971,0.1226,0.1572,0.1038,0.0894,0.1182,0.1088,0.1194,0.1186,0.171,0.2036,4,4,-0.15208034,-0.2886564,-0.03136309,-0.016221613,0.17768595,0.2638113,-0.18257262,-0.3034571,26.278282259055743,91.80571099609742,5629.0,Guwahati,12,"{""type"":""MultiPoint"",""coordinates"":[]}",-9.366811599118243,-16.954392837065075,-10.114984463354084,-17.385439821062327
2_130_0_2_130_0,0.0731,0.1292,0.0415,0.0715,0.0972,0.0688,0.1,0.106,0.0824,0.0783,0.148,0.2196,0,3,0.1554015,-0.09863946,-0.33876073,-0.25917432,0.2847222,0.47432023,-0.19354838,-0.34889436,26.123592367130364,91.63395311377376,5630.0,Guwahati,12,"{""type"":""MultiPoint"",""coordinates"":[]}",-16.14492506184198,-24.119193214126447,-18.641387290226113,-28.57812531357895
2_131_0_2_131_0,0.2393,0.2136,0.1647,0.1474,0.0898,0.0822,0.0979,0.0959,0.0852,0.0948,0.241,0.2298,1,1,-0.4193357,-0.3802908,-0.0035394544,-0.03653586,0.47762108,0.41589648,-0.42224845,-0.4111145,26.22878508690076,91.60619517149446,5631.0,Guwahati,12,"{""type"":""MultiPoint"",""coordinates"":[]}",-8.067879230273576,-14.297430286242708,-8.683064078572464,-13.207109579340862
2_132_0_2_132_0,0.11615,0.36715,0.09355,0.39755,0.1107,0.1877,0.1167,0.2192,0.117,0.2382,0.1309,0.25985,0,7,0.0023620357,-0.2523237,-0.059704512,0.17113237,0.056070995,0.04346953,-0.057350565,-0.084855445,26.15790801098373,91.6320666516771,5632.0,Guwahati,12,"{""type"":""MultiPoint"",""coordinates"":[]}",-19.456542638395447,-27.50496281147522,-19.59073244191198,-29.594424733582002
2_133_0_2_133_0,0.1744,0.2182,0.1367,0.1996,0.0976,0.0968,0.0971,0.1262,0.0966,0.1504,0.1676,0.214,6,6,-0.28471455,-0.26713124,0.01988304,0.009717723,0.2687358,0.17453349,-0.26633924,-0.2580835,26.11478887734599,91.70608783108857,5633.0,Guwahati,12,"{""type"":""MultiPoint"",""coordinates"":[]}",-5.5180022432225595,-12.480083134123534,-3.9005515965385382,-12.9616134891858
2_134_0_2_134_0,0.2707,0.29,0.2065,0.2185,0.1042,0.0782,0.113,0.1052,0.1318,0.1316,0.1988,0.2078,4,4,-0.41099817,-0.46761134,0.15314163,0.16512656,0.20266183,0.22451384,-0.2751764,-0.32779554,26.09152251148729,91.60655449760812,5634.0,Guwahati,12,"{""type"":""MultiPoint"",""coordinates"":[]}",-10.892661977119865,-17.537374428366768,-9.990357446634103,-18.004926939111584
2_135_0_2_135_0,0.1735,0.1871,0.1005,0.1136,0.0547,0.0486,0.0657,0.0642,0.071,0.0594,0.1878,0.1871,1,1,-0.4506689,-0.48905692,-0.0395793,0.0,0.45131376,0.51805276,-0.48165682,-0.48905692,26.015525038450782,91.80544150151218,5635.0,Guwahati,12,"{""type"":""MultiPoint"",""coordinates"":[]}",-7.523566213340723,-13.88430331779859,-9.356599895497528,-14.799142834889645
2_136_0_2_136_0,0.1931,0.1756,0.1705,0.1521,0.0996,0.0848,0.108,0.094,0.096,0.0882,0.2062,0.1886,6,6,-0.28263035,-0.30267063,-0.032807413,-0.035694674,0.36465916,0.36271676,-0.3125398,-0.33474877,26.25474639861181,91.5695439079024,5636.0,Guwahati,12,"{""type"":""MultiPoint"",""coordinates"":[]}",-3.387945695065753,-12.94937716012397,-3.4539831777310157,-13.182281575348432
2_137_0_2_137_0,0.1499,0.1859,0.10435,0.1329,0.0687,0.0645,0.0759,0.0801,0.07485,0.08815,0.17365,0.19915,6,6,-0.32772365,-0.39774436,-0.07340442,-0.034411114,0.3975855,0.38635573,-0.39170507,-0.4263205,26.15152997246648,91.7672631019371,5637.0,Guwahati,12,"{""type"":""MultiPoint"",""coordinates"":[]}",-7.232309039431708,-14.194164331621579,-6.926266980403708,-14.91035233147539
2_138_0_2_138_0,0.1798,0.2146,0.111,0.1478,0.0772,0.0742,0.0806,0.087,0.0744,0.1,0.1886,0.177,1,1,-0.3809524,-0.42307693,-0.02388708,0.09601634,0.43422052,0.27797833,-0.4011887,-0.3409091,26.283402656175227,91.7349237517088,5638.0,Guwahati,12,"{""type"":""MultiPoint"",""coordinates"":[]}",-9.324135334986664,-14.58648875239233,-11.728733239227367,-16.463784287586392
2_139_0_2_139_0,0.3718,0.3366,0.4025,0.3708,0.1954,0.1844,0.2294,0.202,0.2452,0.2144,0.2608,0.2468,7,7,-0.23685962,-0.24990717,0.17546633,0.15392527,0.030830039,0.07025152,-0.06405549,-0.09982175,26.253578588742457,91.8672455930596,5639.0,Guwahati,12,"{""type"":""MultiPoint"",""coordinates"":[]}",-19.076701400031293,-30.151345355179924,-19.75617550073099,-32.3208465656474
2_140_0_2_140_0,0.1757,0.199,0.1131,0.1385,0.0586,0.057,0.0704,0.0672,0.0722,0.0794,0.2185,0.2142,1,1,-0.42787483,-0.49511644,-0.10857433,-0.03678606,0.503268,0.45912805,-0.51263416,-0.52238804,26.02774212631481,91.72872537624838,5640.0,Guwahati,12,"{""type"":""MultiPoint"",""coordinates"":[]}",-8.991000367348395,-14.707129553745476,-8.33180965621608,-14.562234294598696
2_141_0_2_141_0,0.2144,0.2411,0.1382,0.1517,0.062,0.0508,0.0786,0.0768,0.0899,0.0922,0.2485,0.2132,1,1,-0.46348122,-0.5168292,-0.07366602,0.06141316,0.46867612,0.3962017,-0.519413,-0.47034484,25.995672270671744,91.58975600179508,5641.0,Guwahati,12,"{""type"":""MultiPoint"",""coordinates"":[]}",-6.848404341632021,-13.918622034740547,-6.962406978132597,-13.444928086818763
2_142_0_2_142_0,0.2332,0.2228,0.1557,0.1362,0.0778,0.0568,0.0888,0.0812,0.0924,0.084,0.2562,0.2768,1,1,-0.4484472,-0.46578947,-0.04699632,-0.10808647,0.4698795,0.5343681,-0.4852174,-0.5463687,26.074813847202677,91.80885509959184,5642.0,Guwahati,12,"{""type"":""MultiPoint"",""coordinates"":[]}",-8.44309276648184,-14.089059235787232,-8.129655490443046,-14.191186128251015
2_143_0_2_143_0,0.2657,0.1992,0.2065,0.1524,0.0798,0.0691,0.0949,0.0794,0.1106,0.0855,0.1927,0.149,5,5,-0.47365502,-0.4300072,0.15924956,0.14417002,0.2706891,0.2707889,-0.34005564,-0.30472854,26.08568346214052,91.78711586971616,5643.0,Guwahati,12,"{""type"":""MultiPoint"",""coordinates"":[]}",-10.856054618047528,-16.03650522999809,-8.732545114541349,-15.180013409851597
2_144_0_2_144_0,0.195,0.1872,0.1477,0.143,0.0836,0.0736,0.096,0.0927,0.1238,0.1108,0.1914,0.1626,5,4,-0.34020618,-0.3376206,0.00931677,0.0703259,0.214467,0.18946598,-0.33194155,-0.27379555,26.31771830002859,91.7651071452552,5644.0,Guwahati,12,"{""type"":""MultiPoint"",""coordinates"":[]}",-9.42817561385382,-14.509472144476764,-10.320507757998026,-16.26351180953
2_145_0_2_145_0,0.1449,0.1793,0.0995,0.14,0.0696,0.0662,0.0786,0.0786,0.0826,0.0892,0.1599,0.1836,1,1,-0.2966443,-0.39046142,-0.049212597,-0.0118489945,0.3187629,0.34604105,-0.3408805,-0.40045768,26.092061500657767,91.891320442674,5645.0,Guwahati,12,"{""type"":""MultiPoint"",""coordinates"":[]}",-10.195278322771413,-16.050840518817274,-10.744493790197756,-17.658512949031568
2_146_0_2_146_0,0.1701,0.1916,0.0931,0.0971,0.0424,0.0364,0.0604,0.0626,0.0399,0.0465,0.2409,0.3321,1,1,-0.4759219,-0.5074744,-0.17226277,-0.26828337,0.71581197,0.7543582,-0.59907067,-0.6827971,25.96486005642644,91.57277784292522,5646.0,Guwahati,12,"{""type"":""MultiPoint"",""coordinates"":[]}",-10.703002906943283,-16.32079033342682,-9.02728096659467,-16.08453762015559
2_147_0_2_147_0,0.1883,0.1645,0.1205,0.1051,0.0998,0.0728,0.1044,0.0889,0.1026,0.0821,0.2188,0.206,1,1,-0.2866416,-0.29834256,-0.07492017,-0.1120108,0.36154324,0.43005902,-0.3539604,-0.39708376,26.260495616430177,91.57349649515253,5647.0,Guwahati,12,"{""type"":""MultiPoint"",""coordinates"":[]}",-9.361221868837479,-14.502015291770356,-8.656408760581222,-14.187349977901532
2_148_0_2_148_0,0.1435,0.372,0.0889,0.4043,0.1034,0.1942,0.1078,0.218,0.0963,0.2424,0.1786,0.2644,0,7,-0.14206128,-0.26101694,-0.10897237,0.16907606,0.29938158,0.04340963,-0.2472067,-0.09618574,26.21602900986626,91.75783079145384,5648.0,Guwahati,12,"{""type"":""MultiPoint"",""coordinates"":[]}",-9.584978153968656,-14.612379527426025,-18.913006641636194,-30.98687958415183
2_149_0_2_149_0,0.3421,0.3405,0.2525,0.2634,0.1064,0.1014,0.1238,0.1224,0.1492,0.153,0.271,0.2396,4,4,-0.46855548,-0.47116008,0.11596803,0.17393553,0.28986198,0.22058074,-0.37284702,-0.3237569,26.332271007631327,91.69225377571313,5649.0,Guwahati,12,"{""type"":""MultiPoint"",""coordinates"":[]}",-9.41147287594331,-16.58161185567871,-10.674184565635494,-17.49772696100172
2_150_0_2_150_0,0.1636,0.1893,0.1013,0.1246,0.0938,0.078,0.1022,0.0956,0.0907,0.0808,0.2424,0.2656,1,6,-0.23100075,-0.32888734,-0.19408867,-0.16772917,0.4554188,0.5334873,-0.40684852,-0.47065338,26.279629731981924,91.70285389606572,5650.0,Guwahati,12,"{""type"":""MultiPoint"",""coordinates"":[]}",-8.334375894155903,-14.24846278169582,-8.402724814657848,-15.141369801876701
2_151_0_2_151_0,0.1241,0.1156,0.0739,0.0656,0.091,0.0752,0.0952,0.0902,0.0843,0.0886,0.1838,0.1714,1,4,-0.13178295,-0.1234208,-0.19389412,-0.19442509,0.37113017,0.31846154,-0.31756273,-0.31039757,26.292475640544836,91.83014517182546,5651.0,Guwahati,12,"{""type"":""MultiPoint"",""coordinates"":[]}",-8.306197460924444,-13.379481452775089,-9.69848624370595,-17.16873753755393
2_152_0_2_152_0,0.229,0.2328,0.1258,0.1406,0.0696,0.056,0.0898,0.0888,0.0722,0.0956,0.2906,0.3128,1,1,-0.4366374,-0.4477612,-0.11855273,-0.14662756,0.60198456,0.53183156,-0.5278654,-0.55776894,26.039869382650423,91.74507471441936,5652.0,Guwahati,12,"{""type"":""MultiPoint"",""coordinates"":[]}",-8.932468224086119,-14.424263190603925,-8.81909689977277,-15.684273257949727
2_153_0_2_153_0,0.4046,0.1686,0.4103,0.1254,0.2002,0.0844,0.2454,0.1004,0.2762,0.1072,0.3052,0.1578,7,0,-0.24492307,-0.2535316,0.14003944,0.033088237,0.0498796,0.19094339,-0.10860879,-0.2223083,26.269119443157724,91.891320442674,5653.0,Guwahati,12,"{""type"":""MultiPoint"",""coordinates"":[]}",-17.85488033982997,-29.36692001046047,-11.844071457148864,-16.81181903379638
2_154_0_2_154_0,0.1553,0.1729,0.075,0.0901,0.0342,0.025,0.0428,0.0448,0.0304,0.0388,0.2102,0.208,1,1,-0.567895,-0.58842444,-0.1502052,-0.092150174,0.7472984,0.68557537,-0.6616601,-0.6455696,25.96063797459108,91.75648331852769,5654.0,Guwahati,12,"{""type"":""MultiPoint"",""coordinates"":[]}",-9.242301437040556,-15.389672465501004,-8.616653589524125,-15.320374468655666
2_155_0_2_155_0,0.1817,0.1945,0.0978,0.1018,0.0549,0.0438,0.0719,0.0644,0.06,0.0517,0.2149,0.2565,1,1,-0.4329653,-0.5025106,-0.08371155,-0.13747229,0.56347764,0.6645036,-0.4986053,-0.5986289,26.023879370593097,91.64733801150714,5655.0,Guwahati,12,"{""type"":""MultiPoint"",""coordinates"":[]}",-9.54252126073742,-15.609966780766694,-9.38803951088949,-15.580444946153328
2_156_0_2_156_0,0.2896,0.3294,0.228,0.2652,0.121,0.113,0.1288,0.1356,0.1628,0.165,0.229,0.23,4,4,-0.3843212,-0.41677418,0.116853066,0.17769039,0.16896376,0.16455697,-0.2800447,-0.25820568,26.2471107186968,91.81801791548985,5656.0,Guwahati,12,"{""type"":""MultiPoint"",""coordinates"":[]}",-11.2244442651551,-17.3137631191395,-11.669869022520114,-19.208429252989013
2_157_0_2_157_0,0.2255,0.2642,0.2283,0.2694,0.1088,0.118,0.1224,0.146,0.1378,0.1784,0.1912,0.2214,6,6,-0.29634953,-0.28815213,0.08231342,0.08813839,0.16231003,0.10755378,-0.21938775,-0.20522591,26.122604220317832,91.72324565301524,5657.0,Guwahati,12,"{""type"":""MultiPoint"",""coordinates"":[]}",-5.162886696663872,-12.50845673023732,-2.6422626686923385,-11.632371081071703
2_158_0_2_158_0,0.3145,0.2857,0.2387,0.2141,0.1154,0.0871,0.1282,0.1082,0.1454,0.1168,0.2626,0.2338,4,4,-0.42082673,-0.450622,0.08993242,0.099903755,0.2872549,0.33371362,-0.34390992,-0.36725146,26.329755724835792,91.61095624250032,5658.0,Guwahati,12,"{""type"":""MultiPoint"",""coordinates"":[]}",-9.411437055996766,-15.939718893128326,-9.648108280388964,-16.574568888999814
2_159_0_2_159_0,0.201,0.2099,0.121,0.1227,0.1208,0.1018,0.1216,0.1114,0.11,0.099,0.2316,0.242,1,1,-0.24612524,-0.30656707,-0.07073509,-0.07103342,0.3559719,0.41935483,-0.3114383,-0.3695529,26.09951751751596,91.75792062298224,5659.0,Guwahati,12,"{""type"":""MultiPoint"",""coordinates"":[]}",-10.878336349289967,-15.754752450878339,-10.547017339180137,-16.44156173397552
2_160_0_2_160_0,0.2316,0.3443,0.1711,0.3028,0.0976,0.1064,0.1074,0.1288,0.126,0.1638,0.1888,0.2256,4,4,-0.3663717,-0.45550624,0.1018078,0.20828216,0.19949174,0.1587057,-0.2748143,-0.2731377,26.07696980388456,91.5764609355901,5660.0,Guwahati,12,"{""type"":""MultiPoint"",""coordinates"":[]}",-10.123345128064763,-17.472027934340062,-11.779832639009728,-19.285908983957235
2_161_0_2_161_0,0.2247,0.2331,0.1505,0.1735,0.1026,0.0884,0.1019,0.1058,0.0944,0.0982,0.2442,0.2002,6,6,-0.3759951,-0.37562704,-0.041586693,0.07592892,0.44240993,0.34182304,-0.41115284,-0.30849674,26.346374557592004,91.5591234506066,5661.0,Guwahati,12,"{""type"":""MultiPoint"",""coordinates"":[]}",-9.298750694349032,-15.876670122686505,-9.89445680101743,-16.4755732735551
2_162_0_2_162_0,0.2887,0.3291,0.2105,0.2432,0.0998,0.0845,0.1172,0.1238,0.1334,0.1482,0.2264,0.2442,4,4,-0.42251787,-0.45330095,0.12094739,0.14809,0.25847694,0.24464832,-0.3178114,-0.32717392,26.069064629384307,91.56163873340212,5662.0,Guwahati,12,"{""type"":""MultiPoint"",""coordinates"":[]}",-9.312349797915246,-15.481819386473415,-10.081135991018947,-16.568435061610877
2_163_0_2_163_0,0.1507,0.1544,0.0826,0.0915,0.0572,0.0539,0.0651,0.0592,0.056,0.0554,0.1844,0.1825,1,1,-0.39666358,-0.4456929,-0.100567,-0.083407536,0.53410983,0.53425807,-0.4781563,-0.51013654,26.046516915752907,91.84748265680898,5663.0,Guwahati,12,"{""type"":""MultiPoint"",""coordinates"":[]}",-6.3371402297533725,-13.64913883016446,-7.565122975479886,-14.258832547717542
2_164_0_2_164_0,0.16055,0.1961,0.14425,0.18255,0.1047,0.08675,0.1107,0.099,0.1139,0.1072,0.1658,0.14905,6,6,-0.18377881,-0.329041,-0.016087024,0.13631754,0.18555595,0.16331707,-0.19927667,-0.20177384,26.13877389543198,91.74507471441936,5664.0,Guwahati,12,"{""type"":""MultiPoint"",""coordinates"":[]}",-4.463634243326345,-13.955349640625114,-5.211915593690759,-12.959210057336366
2_165_0_2_165_0,0.2083,0.2228,0.156,0.1686,0.1076,0.0896,0.1208,0.1076,0.144,0.1252,0.201,0.1938,4,1,-0.26587662,-0.34866828,0.017835328,0.06961114,0.16521738,0.21504702,-0.24922311,-0.28599867,26.248458191622976,91.72971352306092,5665.0,Guwahati,12,"{""type"":""MultiPoint"",""coordinates"":[]}",-10.331141841216514,-17.411357201736763,-9.838896371773512,-16.81983748953389
2_166_0_2_166_0,0.2641,0.2234,0.2156,0.1935,0.1158,0.1136,0.1288,0.1248,0.1492,0.1378,0.2156,0.1856,4,4,-0.34436244,-0.28317058,0.101104856,0.09242054,0.18201755,0.14780457,-0.25203252,-0.19587629,26.27019742149867,91.79987194675064,5666.0,Guwahati,12,"{""type"":""MultiPoint"",""coordinates"":[]}",-9.915808659329405,-16.681538294774313,-11.497882631000444,-17.808256611846243
2_167_0_2_167_0,0.1564,0.1436,0.099,0.0912,0.0832,0.0651,0.0908,0.0772,0.0791,0.0714,0.1962,0.1682,1,1,-0.26537216,-0.30072463,-0.11287578,-0.07889673,0.42535415,0.4040067,-0.36724737,-0.37082314,26.277563606828448,91.70851328235568,5667.0,Guwahati,12,"{""type"":""MultiPoint"",""coordinates"":[]}",-5.256253523782709,-13.710861118892716,-6.818700794840177,-14.642605631333279
2_168_0_2_168_0,0.1497,0.17,0.0887,0.1156,0.0807,0.0812,0.0832,0.0924,0.0764,0.1036,0.1566,0.1624,1,1,-0.28553027,-0.2957317,-0.022526935,0.02286402,0.344206,0.22105263,-0.30608842,-0.2747253,26.28232467783428,91.74750016568647,5668.0,Guwahati,12,"{""type"":""MultiPoint"",""coordinates"":[]}",-9.411180674722253,-15.085000622404834,-10.15278407110658,-16.096074125793603
2_169_0_2_169_0,0.35905,0.3499,0.2922,0.28925,0.1222,0.1147,0.1469,0.1366,0.1821,0.1683,0.2619,0.2383,4,4,-0.4193102,-0.43843782,0.15645382,0.18973139,0.17972973,0.17215937,-0.28131115,-0.27127233,26.185306627149373,91.55094878152111,5669.0,Guwahati,12,"{""type"":""MultiPoint"",""coordinates"":[]}",-10.32372399310345,-16.773407526810335,-11.358597597655207,-18.94345424828199
2_170_0_2_170_0,0.1879,0.2108,0.101,0.121,0.0653,0.0552,0.0826,0.0706,0.0636,0.0718,0.2818,0.2437,1,1,-0.38927913,-0.49822316,-0.19991484,-0.07238724,0.63173133,0.54484946,-0.546652,-0.5507477,26.01094363050177,91.58274914257896,5670.0,Guwahati,12,"{""type"":""MultiPoint"",""coordinates"":[]}",-9.701294345147206,-15.313850083176881,-10.39948691837778,-16.665157185291847
2_171_0_2_171_0,0.2072,0.2416,0.1476,0.1898,0.0866,0.0798,0.1006,0.096,0.0866,0.101,0.2104,0.21,1,6,-0.3463288,-0.43127963,-0.007662835,0.06997343,0.416835,0.3504823,-0.35305467,-0.37254903,26.303165592425856,91.61535798739249,5671.0,Guwahati,12,"{""type"":""MultiPoint"",""coordinates"":[]}",-5.729206083365306,-12.49675145494136,-7.143833703058153,-14.075156691469747
2_172_0_2_172_0,0.1592,0.1688,0.0872,0.0917,0.0362,0.0263,0.0455,0.0442,0.0397,0.0416,0.2026,0.2114,1,1,-0.555447,-0.58497655,-0.11995578,-0.112046294,0.6723071,0.6711463,-0.6332124,-0.6541471,25.95875151249443,91.59990696450564,5672.0,Guwahati,12,"{""type"":""MultiPoint"",""coordinates"":[]}",-6.599655115878443,-13.054574005627483,-7.646606376396091,-14.45626435035785
2_173_0_2_173_0,0.1748,0.1924,0.0941,0.1164,0.0392,0.0316,0.0547,0.0542,0.0416,0.0575,0.2092,0.195,1,1,-0.52331156,-0.56042176,-0.08958333,-0.0067114094,0.6682616,0.5445545,-0.58544904,-0.56500804,26.00842834770624,91.70294372759416,5673.0,Guwahati,12,"{""type"":""MultiPoint"",""coordinates"":[]}",-7.259258772804827,-12.69425987113333,-6.93416918957135,-12.72952763955336
2_174_0_2_174_0,0.14275,0.1448,0.0679,0.06965,0.0808,0.0599,0.0856,0.0679,0.0638,0.0559,0.25565,0.1976,1,1,-0.2502737,-0.36154208,-0.28338355,-0.1542056,0.60056347,0.5589744,-0.498315,-0.48851225,26.188091404530145,91.8853915617988,5674.0,Guwahati,12,"{""type"":""MultiPoint"",""coordinates"":[]}",-9.314225400171898,-15.115459053219253,-9.131800851389634,-14.572594574824528
2_175_0_2_175_0,0.2172,0.2811,0.1383,0.2115,0.1086,0.0982,0.118,0.1236,0.1056,0.1448,0.261,0.2486,1,4,-0.29594272,-0.38917717,-0.091593474,0.061355483,0.42389524,0.26385358,-0.3773087,-0.33584094,26.22564098340634,91.7409424641124,5675.0,Guwahati,12,"{""type"":""MultiPoint"",""coordinates"":[]}",-12.921678900368153,-19.791793597345354,-11.625798049150983,-18.921161626522146
2_176_0_2_176_0,0.2896,0.2304,0.2171,0.1465,0.108,0.0942,0.1176,0.1126,0.1284,0.1178,0.2324,0.2758,4,1,-0.42239687,-0.34344023,0.10957854,-0.08968787,0.28824833,0.40142277,-0.328,-0.4201854,26.23534278847483,91.56190822798736,5676.0,Guwahati,12,"{""type"":""MultiPoint"",""coordinates"":[]}",-10.099993092816225,-16.2368898018563,-10.450834514481633,-17.767441642647583
2_177_0_2_177_0,0.0255,0.36545,0.01505,0.39355,0.1194,0.1911,0.1292,0.2171,0.111,0.238,0.0694,0.2582,0,7,0.6703297,-0.25465626,-0.4625922,0.17197146,-0.23059867,0.04070939,0.30110776,-0.0864717,26.176682800421823,91.62236484660862,5677.0,Guwahati,12,"{""type"":""MultiPoint"",""coordinates"":[]}",-21.395740554449535,-29.43460629221001,-20.209332440970865,-30.63317234593232
2_178_0_2_178_0,0.15345,0.08095,0.14135,0.06735,0.1205,0.0914,0.1309,0.111,0.1254,0.1065,0.11445,0.0906,0,0,-0.079303674,0.15655118,0.1455767,-0.05625182,-0.045653533,-0.08066971,0.067047074,0.10119048,26.202374617547644,91.78316328246602,5678.0,Guwahati,12,"{""type"":""MultiPoint"",""coordinates"":[]}",-20.10972402158646,-25.84373230194675,-19.62961590474601,-28.31284615782399
2_179_0_2_179_0,0.1438,0.1697,0.0747,0.0897,0.0346,0.0303,0.0481,0.0602,0.0386,0.0483,0.2026,0.2376,1,1,-0.49869725,-0.47629404,-0.16974595,-0.16670759,0.67993367,0.6621196,-0.6162744,-0.5957018,25.96198544751726,91.58050335436864,5679.0,Guwahati,12,"{""type"":""MultiPoint"",""coordinates"":[]}",-5.893374531283648,-12.564487938065387,-5.7805585748383335,-12.826331977981361
2_180_0_2_180_0,0.3031,0.2653,0.2278,0.2135,0.109,0.0916,0.1262,0.1026,0.1354,0.1212,0.2472,0.1987,4,4,-0.41206616,-0.44223973,0.101580955,0.14353448,0.29221117,0.24226321,-0.32404926,-0.31895122,26.30756733731804,91.70465052663396,5680.0,Guwahati,12,"{""type"":""MultiPoint"",""coordinates"":[]}",-9.489333768394143,-15.061317779522545,-10.908476055695308,-17.66088082811332
2_181_0_2_181_0,0.1948,0.2045,0.15165,0.155,0.118,0.105,0.1371,0.1293,0.1295,0.1285,0.24655,0.2362,1,4,-0.17384754,-0.2252846,-0.11725388,-0.07193102,0.3112618,0.2953112,-0.28528607,-0.29247606,26.208303498422836,91.60134426896022,5681.0,Guwahati,12,"{""type"":""MultiPoint"",""coordinates"":[]}",-10.999222533113736,-18.345475281915387,-9.395340986588788,-17.143054282637618
2_182_0_2_182_0,0.1529,0.1549,0.1057,0.1112,0.0856,0.0774,0.0914,0.091,0.0819,0.0822,0.176,0.1766,6,6,-0.25173965,-0.25986174,-0.07023411,-0.06546003,0.3648701,0.36476043,-0.31637996,-0.31988043,26.33532527959733,91.84945895043404,5682.0,Guwahati,12,"{""type"":""MultiPoint"",""coordinates"":[]}",-6.591801628308234,-13.712527530459953,-7.123353517512783,-14.325170056926702
2_183_0_2_183_0,0.1187,0.1186,0.0626,0.0662,0.0771,0.0582,0.0782,0.0634,0.0694,0.0562,0.1543,0.1618,1,1,-0.20568816,-0.30329672,-0.13040294,-0.15406562,0.37952614,0.48440367,-0.3273118,-0.43694493,26.075801994015205,91.86176586982648,5683.0,Guwahati,12,"{""type"":""MultiPoint"",""coordinates"":[]}",-7.6126153983256355,-13.8138959196755,-7.3419349772308875,-13.891971749851443
2_184_0_2_184_0,0.1645,0.1624,0.1049,0.1129,0.0906,0.0748,0.0938,0.0878,0.0836,0.0852,0.196,0.1764,1,6,-0.27371272,-0.29816148,-0.08737864,-0.041322313,0.40200287,0.34862384,-0.352657,-0.335352,26.28412130840252,91.55328440125984,5684.0,Guwahati,12,"{""type"":""MultiPoint"",""coordinates"":[]}",-5.9644928279774865,-13.204059563724302,-6.09476953261725,-13.454900411911728
2_185_0_2_185_0,0.1843,0.1939,0.0935,0.0999,0.0814,0.0465,0.0922,0.0539,0.0758,0.0449,0.2836,0.2786,1,1,-0.3330922,-0.56497175,-0.21222484,-0.17925926,0.57818586,0.72241116,-0.50931346,-0.6757895,26.01202160884272,91.84963861349084,5685.0,Guwahati,12,"{""type"":""MultiPoint"",""coordinates"":[]}",-7.886674336862056,-14.648467557065619,-8.125976163020217,-15.407374533989659
2_186_0_2_186_0,0.2549,0.238,0.1535,0.147,0.0644,0.0474,0.076,0.0684,0.0752,0.0731,0.22,0.2426,1,1,-0.54064673,-0.5535248,0.07348915,-0.009571369,0.4905149,0.5369021,-0.4864865,-0.5601286,26.060530634185174,91.61661562879026,5686.0,Guwahati,12,"{""type"":""MultiPoint"",""coordinates"":[]}",-7.126785904323697,-12.73888571566463,-7.036482206420663,-13.15791536273605
2_187_0_2_187_0,0.205,0.2225,0.1131,0.1263,0.0475,0.0393,0.0688,0.0689,0.0495,0.0624,0.2692,0.2829,1,1,-0.49744338,-0.5271105,-0.13538592,-0.1195093,0.68936306,0.63857514,-0.5928994,-0.60830015,26.006631717138,91.6628788659224,5687.0,Guwahati,12,"{""type"":""MultiPoint"",""coordinates"":[]}",-7.280314908138635,-12.814170557661416,-6.9537077294420655,-12.703513387526604
2_188_0_2_188_0,0.1798,0.1796,0.1188,0.1132,0.035,0.0313,0.0552,0.0516,0.0592,0.0537,0.1728,0.22,1,1,-0.53021276,-0.5536332,0.019852525,-0.1011011,0.48965517,0.60759956,-0.51578945,-0.62002945,25.97213641022781,91.86473031026406,5688.0,Guwahati,12,"{""type"":""MultiPoint"",""coordinates"":[]}",-7.202698785983345,-14.2579322181222,-10.871353708992533,-15.698513719576534
2_189_0_2_189_0,0.2135,0.2126,0.1651,0.1539,0.0951,0.078,0.0961,0.0949,0.0878,0.0924,0.1738,0.1844,4,4,-0.37919897,-0.38276422,0.10250452,0.07103275,0.32874617,0.33236995,-0.2878844,-0.32044396,26.33514561654051,91.64760750609238,5689.0,Guwahati,12,"{""type"":""MultiPoint"",""coordinates"":[]}",-9.11108584881829,-15.304896994865441,-9.470916315327534,-15.916895222319251
2_190_0_2_190_0,0.3138,0.2987,0.2359,0.2196,0.1162,0.0983,0.126,0.1198,0.1438,0.1408,0.2668,0.2676,4,4,-0.42701226,-0.4274791,0.08095074,0.054917887,0.29956162,0.3104799,-0.35845214,-0.3815178,26.348171188160244,91.57753891393104,5690.0,Guwahati,12,"{""type"":""MultiPoint"",""coordinates"":[]}",-9.594923188627433,-15.45660139563227,-9.595421213246192,-17.071207049662245
2_191_0_2_191_0,0.1866,0.1749,0.0997,0.0936,0.0312,0.0242,0.0546,0.0493,0.0458,0.0348,0.2404,0.2374,1,1,-0.5472637,-0.5602141,-0.12599532,-0.15158865,0.6799441,0.7443057,-0.6298305,-0.6560865,25.97150758952893,91.87515076755986,5691.0,Guwahati,12,"{""type"":""MultiPoint"",""coordinates"":[]}",-9.655174393375074,-14.28045903460556,-7.691641259829149,-13.834486210185014
2_192_0_2_192_0,0.13395,0.1455,0.06705,0.09545,0.0573,0.0603,0.0646,0.0701,0.05165,0.07025,0.2151,0.2034,1,1,-0.3492823,-0.3497217,-0.23248819,-0.16595013,0.612746,0.48657045,-0.5380765,-0.48738575,26.163387734216855,91.88413392040106,5692.0,Guwahati,12,"{""type"":""MultiPoint"",""coordinates"":[]}",-8.097785690474762,-13.972059338052798,-6.522051844782461,-11.664737175927517
2_193_0_2_193_0,0.2342,0.2517,0.1525,0.1596,0.0976,0.089,0.1044,0.1042,0.0984,0.0988,0.225,0.2598,5,4,-0.3833432,-0.41444227,0.020034844,-0.015835777,0.39146566,0.4489682,-0.36612022,-0.42747253,26.24450560437285,91.6386243532512,5693.0,Guwahati,12,"{""type"":""MultiPoint"",""coordinates"":[]}",-10.512506163180996,-15.71895064885165,-10.290912273636744,-17.146151579792416
2_194_0_2_194_0,0.164,0.1837,0.0952,0.1008,0.0508,0.0346,0.0628,0.0582,0.0499,0.0398,0.1995,0.2128,1,1,-0.44620812,-0.51880944,-0.09766162,-0.07339218,0.5998396,0.6848773,-0.521159,-0.5704797,26.011392788143837,91.81325684448402,5694.0,Guwahati,12,"{""type"":""MultiPoint"",""coordinates"":[]}",-8.628336659261358,-14.242712785916078,-8.361908356722036,-14.91471320076522
2_195_0_2_195_0,0.0905,0.1426,0.057,0.0879,0.089,0.0726,0.0898,0.0847,0.0836,0.0798,0.14,0.1892,0,3,-0.0038824182,-0.25472942,-0.21475054,-0.14044605,0.25223613,0.40669146,-0.21845083,-0.3815261,26.21584934680944,91.65847712103024,5695.0,Guwahati,12,"{""type"":""MultiPoint"",""coordinates"":[]}",-9.378297130689226,-15.769603799619908,-12.360736653370118,-19.75196971208935
2_196_0_2_196_0,0.1374,0.15905,0.0726,0.0995,0.0509,0.0535,0.0557,0.06615,0.05,0.0663,0.1931,0.1535,1,1,-0.42309684,-0.4125222,-0.16853252,0.017757159,0.58864665,0.39672428,-0.5522508,-0.39767814,26.159614810023555,91.8987764595322,5696.0,Guwahati,12,"{""type"":""MultiPoint"",""coordinates"":[]}",-5.5236060666478926,-11.804821750376687,-6.0953833938545205,-11.799197415674538
2_197_0_2_197_0,0.2552,0.2334,0.1822,0.1657,0.0877,0.0738,0.0952,0.0884,0.0876,0.0878,0.2108,0.2238,1,4,-0.456621,-0.45059043,0.09527897,0.020997375,0.41286862,0.436457,-0.37777779,-0.43369636,26.29112816761865,91.67509595378644,5697.0,Guwahati,12,"{""type"":""MultiPoint"",""coordinates"":[]}",-8.079651191502192,-14.090592032257513,-8.459161465956456,-14.719240597944392
2_198_0_2_198_0,0.19655,0.22755,0.1359,0.16175,0.09425,0.0733,0.09765,0.0912,0.095,0.09075,0.19215,0.21025,5,6,-0.33616588,-0.4277647,0.0113197835,0.03951576,0.3383249,0.39700997,-0.32608697,-0.39492452,26.143894292551465,91.61580714503457,5698.0,Guwahati,12,"{""type"":""MultiPoint"",""coordinates"":[]}",-11.243608040155127,-17.19476774138265,-10.216157208157174,-17.097118665982354
2_199_0_2_199_0,0.16135,0.17525,0.13715,0.15515,0.09035,0.0732,0.09485,0.0843,0.0932,0.09375,0.1452,0.1386,6,6,-0.25956285,-0.3504142,0.052683085,0.11677553,0.2181208,0.19302776,-0.20974797,-0.243607,26.16868779439316,91.67832988880927,5699.0,Guwahati,12,"{""type"":""MultiPoint"",""coordinates"":[]}",-4.380047247230548,-11.963285007610354,-4.236809268548688,-13.942456295176559
2_200_0_2_200_0,0.1871,0.2043,0.0986,0.1066,0.0415,0.0292,0.0546,0.0566,0.044,0.0498,0.2136,0.2814,1,1,-0.54820025,-0.5661173,-0.06613427,-0.15873997,0.6583851,0.6992754,-0.59284115,-0.6650888,25.99531294455809,91.64994312583109,5700.0,Guwahati,12,"{""type"":""MultiPoint"",""coordinates"":[]}",-7.050456819639217,-13.225711278089578,-7.785630194813107,-13.60065858788469
2_201_0_2_201_0,0.3032,0.2699,0.2429,0.2015,0.1196,0.0996,0.1302,0.1148,0.1578,0.1372,0.2414,0.198,4,4,-0.39916936,-0.4031713,0.11347778,0.15366532,0.20941883,0.18138425,-0.2992465,-0.26598465,26.26184308935636,91.67608410059896,5701.0,Guwahati,12,"{""type"":""MultiPoint"",""coordinates"":[]}",-9.283121100704824,-16.65441288618429,-11.223710526646714,-19.129101287728737
2_202_0_2_202_0,0.1353,0.1509,0.0877,0.0876,0.1196,0.0818,0.12,0.0797,0.1054,0.0608,0.1919,0.1717,1,1,-0.059929494,-0.30875975,-0.17298289,-0.06447613,0.2909519,0.47698924,-0.2305226,-0.36595067,26.02441835976357,91.85862176633204,5702.0,Guwahati,12,"{""type"":""MultiPoint"",""coordinates"":[]}",-8.842820214049128,-13.409744557461527,-5.542713372368135,-11.692854412663072
2_203_0_2_203_0,0.1449,0.1762,0.0788,0.121,0.0618,0.0465,0.0642,0.066,0.0583,0.0798,0.181,0.201,1,1,-0.38593975,-0.45499587,-0.11077017,-0.06574761,0.5127455,0.43162394,-0.47634584,-0.505618,26.090624196203176,91.74579336664664,5703.0,Guwahati,12,"{""type"":""MultiPoint"",""coordinates"":[]}",-6.009700459419808,-12.034946705993383,-8.484210257230497,-14.980319309218494
2_204_0_2_204_0,0.1854,0.1861,0.1329,0.1354,0.0996,0.0828,0.0985,0.1018,0.0894,0.0996,0.1658,0.175,0,0,-0.3060937,-0.29281,0.055808656,0.030739408,0.29937303,0.27458122,-0.2546349,-0.26445088,26.307387674261214,91.57349649515253,5704.0,Guwahati,12,"{""type"":""MultiPoint"",""coordinates"":[]}",-7.149851956023405,-13.379824494465364,-7.455352615663608,-14.853463519677776
2_205_0_2_205_0,0.1756,0.18215,0.14385,0.16225,0.09165,0.088,0.1019,0.1022,0.1059,0.1117,0.1736,0.1715,6,6,-0.26558557,-0.28116757,0.005727377,0.03011452,0.24221824,0.21115819,-0.26025409,-0.25319692,26.17749128417753,91.84074529217808,5705.0,Guwahati,12,"{""type"":""MultiPoint"",""coordinates"":[]}",-6.95905565218514,-13.062322640232797,-7.889893295852483,-15.28988119511271
2_206_0_2_206_0,0.2022,0.2333,0.1311,0.1416,0.0418,0.0294,0.0558,0.0552,0.0592,0.0564,0.1809,0.2358,1,1,-0.5674419,-0.617331,0.05559906,-0.005329354,0.5068721,0.61396307,-0.5285171,-0.6206186,25.969082138261804,91.72827621860633,5706.0,Guwahati,12,"{""type"":""MultiPoint"",""coordinates"":[]}",-8.947423830022526,-15.01252001442807,-7.918752079464773,-14.718346036166382
2_207_0_2_207_0,0.2075,0.2226,0.1143,0.1145,0.041,0.0298,0.0545,0.0668,0.0405,0.0492,0.2854,0.3412,1,1,-0.5839695,-0.53835523,-0.15804423,-0.21035828,0.7514575,0.7479508,-0.6793175,-0.672549,25.95228364244877,91.84433855331456,5707.0,Guwahati,12,"{""type"":""MultiPoint"",""coordinates"":[]}",-8.916400109087066,-15.591586046816666,-9.89304725822238,-16.496909771915107
2_208_0_2_208_0,0.1729,0.1916,0.0971,0.1069,0.0452,0.0396,0.0591,0.0585,0.0488,0.0594,0.1998,0.2276,1,1,-0.49051723,-0.5321871,-0.07217601,-0.085877866,0.60740143,0.5860627,-0.5434531,-0.59105206,26.049571187718914,91.6416786252172,5708.0,Guwahati,12,"{""type"":""MultiPoint"",""coordinates"":[]}",-6.530121760435868,-12.787460802999671,-6.523599204766998,-13.387831834391523
2_209_0_2_209_0,0.033,0.023,0.0225,0.0172,0.1162,0.0916,0.1278,0.1002,0.1212,0.09,0.0878,0.0596,0,0,0.5895522,0.6266234,-0.4536424,-0.44309926,-0.1598086,-0.20320855,0.18552876,0.25406757,26.225012162707458,91.8716473379518,5709.0,Guwahati,12,"{""type"":""MultiPoint"",""coordinates"":[]}",-21.09376680247798,-30.135072275044,-21.71168941113124,-32.42453138670723
2_210_0_2_210_0,0.1593,0.1709,0.0809,0.0918,0.0353,0.0265,0.0432,0.0484,0.0345,0.036,0.1792,0.227,1,1,-0.5733333,-0.55859554,-0.058788773,-0.1409902,0.67711747,0.72623575,-0.6115108,-0.64851123,25.969531295903863,91.69189444959947,5710.0,Guwahati,12,"{""type"":""MultiPoint"",""coordinates"":[]}",-8.81500297862298,-13.892681884002883,-7.629945787429651,-14.471309934254693
2_211_0_2_211_0,0.15545,0.1552,0.0927,0.10295,0.06145,0.0533,0.0686,0.06215,0.06435,0.0711,0.1647,0.16115,1,1,-0.3876367,-0.42811134,-0.028892707,-0.018808281,0.43811396,0.38772875,-0.411916,-0.44334975,26.14371462949464,91.87973217550886,5711.0,Guwahati,12,"{""type"":""MultiPoint"",""coordinates"":[]}",-7.412587733106472,-13.56698226400643,-6.401930150882765,-14.27480422213685
2_212_0_2_212_0,0.1724,0.1781,0.0909,0.099,0.0628,0.0762,0.0696,0.0892,0.0656,0.0934,0.2118,0.2154,1,1,-0.4247934,-0.3325851,-0.10255075,-0.09479034,0.5270368,0.3950777,-0.5053305,-0.41431385,26.253039599571984,91.75612399241402,5712.0,Guwahati,12,"{""type"":""MultiPoint"",""coordinates"":[]}",-7.097762935170821,-13.69087501109165,-7.797571342890306,-13.547310235177635
2_213_0_2_213_0,0.1485,0.1716,0.1165,0.1324,0.0956,0.0804,0.0952,0.0934,0.0944,0.0995,0.1528,0.1736,0,0,-0.21871153,-0.29509434,-0.01427149,-0.005793743,0.23624596,0.2713292,-0.23225807,-0.30037454,26.27361101957832,91.81190937155785,5713.0,Guwahati,12,"{""type"":""MultiPoint"",""coordinates"":[]}",-8.832106211585437,-14.952769237650845,-6.856666494561063,-12.189746930223514
2_214_0_2_214_0,0.2043,0.2018,0.174,0.1672,0.1148,0.0822,0.1258,0.0973,0.14,0.103,0.2082,0.174,6,6,-0.23780672,-0.34938148,-0.009454546,0.07397552,0.19586444,0.25631768,-0.24670659,-0.28271288,26.105446398391148,91.7492069647263,5714.0,Guwahati,12,"{""type"":""MultiPoint"",""coordinates"":[]}",-8.274872132776743,-13.614717643785749,-7.752580190343192,-12.894738657105574
2_215_0_2_215_0,0.1313,0.2535,0.0865,0.2094,0.1052,0.0983,0.1158,0.1136,0.1132,0.1196,0.161,0.2062,0,4,-0.06272764,-0.38109508,-0.10160793,0.10289319,0.17432532,0.26580724,-0.16329479,-0.28955597,26.260495616430177,91.78118698884096,5715.0,Guwahati,12,"{""type"":""MultiPoint"",""coordinates"":[]}",-10.002950505042943,-18.472226136254577,-9.931541466779152,-16.912910249011457
2_216_0_2_216_0,0.2068,0.2471,0.13,0.1914,0.1034,0.1038,0.1306,0.1262,0.136,0.1398,0.2692,0.2498,4,4,-0.2258447,-0.32386822,-0.13109244,-0.005433689,0.32872656,0.28234085,-0.34667334,-0.3287234,26.286636591198057,91.69997928715657,5716.0,Guwahati,12,"{""type"":""MultiPoint"",""coordinates"":[]}",-9.342509115395076,-15.470555246589242,-10.729284773082298,-16.87373510632635
2_217_0_2_217_0,0.1779,0.1702,0.0898,0.0881,0.0451,0.0302,0.0598,0.0507,0.043,0.0384,0.2452,0.2202,1,1,-0.49684477,-0.5409688,-0.15906405,-0.12807377,0.70159614,0.7030162,-0.60786885,-0.6256921,26.030886229809227,91.66548398024636,5717.0,Guwahati,12,"{""type"":""MultiPoint"",""coordinates"":[]}",-6.711131034257237,-12.72301717654954,-7.1052327348298405,-12.955746670213994
2_218_0_2_218_0,0.1553,0.17425,0.09645,0.11085,0.0852,0.05665,0.0884,0.0688,0.0776,0.06495,0.1831,0.20255,1,1,-0.27451786,-0.43386135,-0.0821513,-0.07510616,0.40467972,0.5143925,-0.34880295,-0.49290586,26.207405183138714,91.82843837278564,5718.0,Guwahati,12,"{""type"":""MultiPoint"",""coordinates"":[]}",-8.865020084131533,-15.47098100374587,-8.915873126983465,-15.593208248604418
2_219_0_2_219_0,0.2359,0.1979,0.152,0.1223,0.1036,0.0769,0.1116,0.0932,0.1082,0.0843,0.2492,0.2614,4,4,-0.35769784,-0.35967022,-0.027417028,-0.13825387,0.39451596,0.5122939,-0.38137472,-0.47433728,26.26929910621455,91.5831084686926,5719.0,Guwahati,12,"{""type"":""MultiPoint"",""coordinates"":[]}",-9.555333310120046,-15.173998513678702,-8.673704551166178,-14.590902880815916
2_220_0_2_220_0,0.1509,0.1689,0.08805,0.0994,0.0809,0.0564,0.08395,0.0625,0.0718,0.0564,0.1599,0.1488,1,1,-0.28507558,-0.45980984,-0.028957529,0.06326723,0.38023305,0.4502924,-0.31146196,-0.40842405,26.19932034558164,91.81676027409208,5720.0,Guwahati,12,"{""type"":""MultiPoint"",""coordinates"":[]}",-11.686585193900187,-17.35597638994046,-10.980454405445627,-17.463644379749464
2_221_0_2_221_0,0.2089,0.3069,0.111,0.2354,0.0629,0.0737,0.0771,0.0962,0.0594,0.1158,0.2522,0.2029,1,5,-0.46083915,-0.52269906,-0.09390587,0.20400158,0.618742,0.2732978,-0.531734,-0.35673687,26.027562463257983,91.80014144133588,5721.0,Guwahati,12,"{""type"":""MultiPoint"",""coordinates"":[]}",-6.826620591998777,-13.441866121645628,-9.941137145709222,-16.43455070676994
2_222_0_2_222_0,0.1287,0.1541,0.0638,0.0763,0.0463,0.0344,0.0574,0.0496,0.0446,0.0438,0.2102,0.2229,1,1,-0.38312736,-0.5130093,-0.24048392,-0.18249337,0.64992154,0.67154104,-0.57100147,-0.6359633,26.03879140430948,91.69638602602006,5722.0,Guwahati,12,"{""type"":""MultiPoint"",""coordinates"":[]}",-8.381804371456408,-13.833894624267437,-8.2512988348225,-14.72610724087998
2_223_0_2_223_0,0.1751,0.1539,0.1179,0.0845,0.0636,0.0572,0.0747,0.0672,0.0872,0.0662,0.1706,0.1426,1,1,-0.40192154,-0.39213026,0.013017067,0.0381113,0.3235066,0.3659004,-0.39094985,-0.3593899,26.269209274686137,91.71812525589576,5723.0,Guwahati,12,"{""type"":""MultiPoint"",""coordinates"":[]}",-7.093569119925229,-13.8109162074328,-6.913256484973681,-13.309395880133943
2_224_0_2_224_0,0.1504,0.1621,0.1014,0.1245,0.0982,0.088,0.0976,0.0969,0.0892,0.0938,0.1688,0.1638,6,6,-0.21290323,-0.25173745,-0.05764411,-0.0052163242,0.30852714,0.27173913,-0.26726726,-0.2566168,26.27855175364098,91.64311592967178,5724.0,Guwahati,12,"{""type"":""MultiPoint"",""coordinates"":[]}",-6.20449191024446,-13.941241933644882,-5.795139759648508,-14.240581238215073
2_225_0_2_225_0,0.1771,0.1904,0.1042,0.1152,0.054,0.0464,0.0684,0.0705,0.0608,0.0606,0.2066,0.248,1,1,-0.44276986,-0.45956305,-0.07688298,-0.13138686,0.54525054,0.60725856,-0.5025455,-0.55729985,26.08756992423717,91.69602669990644,5725.0,Guwahati,12,"{""type"":""MultiPoint"",""coordinates"":[]}",-5.600151402060684,-11.742454938495118,-5.882183960249336,-11.36090035312747
2_226_0_2_226_0,0.2049,0.1549,0.1874,0.0842,0.0925,0.09415,0.1182,0.0995,0.1302,0.0949,0.2614,0.26,1,4,-0.26833797,-0.2177673,-0.12116663,-0.25331405,0.33503574,0.46520147,-0.3772392,-0.44645342,26.27621613390227,91.88143897454869,5726.0,Guwahati,12,"{""type"":""MultiPoint"",""coordinates"":[]}",-9.889875324202038,-15.244506531734212,-8.88162371579729,-16.363534549760015
2_227_0_2_227_0,0.02525,0.0277,0.01535,0.01915,0.126,0.0945,0.1336,0.1081,0.1161,0.0823,0.0691,0.047,0,0,0.68209004,0.59204715,-0.46475887,-0.2583668,-0.2537797,-0.2730085,0.31820425,0.3939394,26.193660959291684,91.73142032210072,5727.0,Guwahati,12,"{""type"":""MultiPoint"",""coordinates"":[]}",-20.966235466473346,-27.515700415491814,-21.513727798723288,-27.94409745580893
2_228_0_2_228_0,0.17265,0.18725,0.0964,0.1039,0.06425,0.057,0.07575,0.07795,0.0608,0.0667,0.2152,0.2592,1,1,-0.3900966,-0.41214177,-0.10970736,-0.16116026,0.5594203,0.59067196,-0.47929198,-0.53759456,26.12997040564761,91.86922188668468,5728.0,Guwahati,12,"{""type"":""MultiPoint"",""coordinates"":[]}",-9.099814773928784,-13.964257605807067,-8.412962363518304,-14.569868824511165
2_229_0_2_229_0,0.156,0.1486,0.0857,0.0852,0.0903,0.0562,0.0933,0.0719,0.0787,0.0709,0.2196,0.1948,1,1,-0.2515042,-0.3478458,-0.16932908,-0.13453698,0.47234327,0.4663154,-0.40364334,-0.4608174,26.102481957953557,91.67042471430902,5729.0,Guwahati,12,"{""type"":""MultiPoint"",""coordinates"":[]}",-7.535886342687922,-13.877054241927238,-8.209053405967863,-13.784889606155701
2_230_0_2_230_0,0.1063,0.1403,0.0621,0.1088,0.1034,0.0808,0.1064,0.091,0.0952,0.0911,0.1316,0.1738,0,0,0.00047014575,-0.21314311,-0.1063472,-0.10665393,0.16049382,0.31219327,-0.105882354,-0.31268883,26.30532154910774,91.79888379993812,5730.0,Guwahati,12,"{""type"":""MultiPoint"",""coordinates"":[]}",-10.971927577682518,-16.832312784376438,-11.058623305115976,-18.828290904561264
2_231_0_2_231_0,0.1902,0.1938,0.1079,0.1079,0.0796,0.0466,0.0874,0.0644,0.0705,0.0543,0.2346,0.2319,1,1,-0.370317,-0.5011619,-0.10451978,-0.089499645,0.53785646,0.6205451,-0.45714286,-0.5653054,26.103290441709262,91.63476159752948,5731.0,Guwahati,12,"{""type"":""MultiPoint"",""coordinates"":[]}",-9.402047307255504,-16.057741390519055,-9.113135174385105,-16.05679680892753
2_232_0_2_232_0,0.2365,0.25795,0.1598,0.18795,0.1019,0.08015,0.10375,0.0935,0.1037,0.1015,0.20455,0.2006,1,1,-0.3901543,-0.46791863,0.072440766,0.12506814,0.3271695,0.32803708,-0.32695428,-0.36416185,26.16078261989291,91.7221676746743,5732.0,Guwahati,12,"{""type"":""MultiPoint"",""coordinates"":[]}",-7.591552434227223,-13.024450452210687,-7.304032339526987,-13.263742423196252
2_233_0_2_233_0,0.254,0.0319,0.2752,0.023,0.149,0.0954,0.1614,0.1074,0.1642,0.0894,0.173,0.058,7,0,-0.22291768,0.5419957,0.18969555,-0.29032257,0.026097272,-0.21302578,-0.034688994,0.2986699,26.22186805921304,91.81559246422272,5733.0,Guwahati,12,"{""type"":""MultiPoint"",""coordinates"":[]}",-21.151211898639247,-29.80521919465071,-22.579228556652083,-30.92322779487297
2_234_0_2_234_0,0.1842,0.2399,0.1837,0.24155,0.1113,0.09,0.1173,0.10075,0.1256,0.1341,0.1612,0.1895,6,6,-0.22189055,-0.40848377,0.06658946,0.11737308,0.12412831,0.17119901,-0.15763016,-0.30577087,26.149014689670945,91.7289050393052,5734.0,Guwahati,12,"{""type"":""MultiPoint"",""coordinates"":[]}",-2.161826396798189,-13.212616817731172,-5.605586267504703,-13.342098042523848
2_235_0_2_235_0,0.2094,0.2284,0.1707,0.1398,0.1216,0.0867,0.1323,0.1234,0.135,0.1145,0.2052,0.2767,4,0,-0.22563653,-0.29846504,0.010130246,-0.095624626,0.20634921,0.41462168,-0.216,-0.3831542,26.125838155340663,91.6358395758704,5735.0,Guwahati,12,"{""type"":""MultiPoint"",""coordinates"":[]}",-9.009644774771193,-15.784503617455778,-11.914231801104286,-20.538044402648524
2_236_0_2_236_0,0.2029,0.2052,0.1339,0.1387,0.109,0.0834,0.1152,0.1032,0.1064,0.0904,0.2574,0.2178,1,1,-0.27569947,-0.3307393,-0.11840104,-0.029787235,0.41506323,0.41336796,-0.38164252,-0.35700935,26.33200151304609,91.59604420878392,5736.0,Guwahati,12,"{""type"":""MultiPoint"",""coordinates"":[]}",-10.221071356705023,-15.45680172007764,-10.198106560087943,-16.080964380461452
2_237_0_2_237_0,0.214,0.2775,0.2055,0.2739,0.135,0.121,0.1688,0.1426,0.1802,0.1636,0.2332,0.2222,6,6,-0.11807732,-0.32111403,-0.04293381,0.1106664,0.12820514,0.15189217,-0.160199,-0.21820176,26.27765343835686,91.89913578564584,5737.0,Guwahati,12,"{""type"":""MultiPoint"",""coordinates"":[]}",-9.554321146087933,-15.766983368116156,-11.538916129475322,-17.620684468804903
2_238_0_2_238_0,0.2204,0.21835,0.15755,0.1526,0.0827,0.0726,0.0933,0.08865,0.1056,0.1041,0.2095,0.20445,1,1,-0.40516418,-0.42247558,0.025354734,0.032876063,0.3297366,0.32523093,-0.38375166,-0.395087,26.152697782335835,91.8589810924457,5738.0,Guwahati,12,"{""type"":""MultiPoint"",""coordinates"":[]}",-9.464998343431034,-15.705794966141923,-9.116721276775486,-14.63667309118562
2_239_0_2_239_0,0.2743,0.2724,0.2205,0.2117,0.1114,0.0965,0.1196,0.1158,0.1382,0.1362,0.229,0.226,4,4,-0.39273927,-0.4034003,0.090005964,0.09309791,0.2472767,0.24792932,-0.31382674,-0.32241076,26.256363366123228,91.55265558056097,5739.0,Guwahati,12,"{""type"":""MultiPoint"",""coordinates"":[]}",-9.711164843877384,-15.532636966520164,-10.343298553134385,-17.012983775773215
2_240_0_2_240_0,0.17865,0.1679,0.10465,0.0956,0.0864,0.0538,0.08825,0.0647,0.0768,0.06725,0.1945,0.1759,1,1,-0.33870363,-0.44368014,-0.042476214,-0.023269342,0.4338371,0.4468435,-0.37577364,-0.4621779,26.209022150650128,91.88054065926455,5740.0,Guwahati,12,"{""type"":""MultiPoint"",""coordinates"":[]}",-8.541675133423261,-15.463709790980854,-8.396652218763663,-14.943548331120692
2_241_0_2_241_0,0.17015,0.19115,0.09925,0.1206,0.0912,0.0728,0.1014,0.0869,0.0931,0.0749,0.2193,0.232,1,6,-0.2531762,-0.37493256,-0.12620363,-0.09653787,0.40396926,0.51189315,-0.3676333,-0.45500156,26.131946699272675,91.70438103204872,5741.0,Guwahati,12,"{""type"":""MultiPoint"",""coordinates"":[]}",-10.73852039862528,-16.083860389885377,-9.61514647530318,-14.854782174802462
2_242_0_2_242_0,0.12155,0.19535,0.0844,0.1383,0.0903,0.07475,0.0898,0.07935,0.08015,0.0804,0.1437,0.1967,3,1,-0.15022475,-0.42227885,-0.08350613,-0.0034434383,0.28389546,0.41970408,-0.23083512,-0.42510414,26.20983063440584,91.70096743396908,5742.0,Guwahati,12,"{""type"":""MultiPoint"",""coordinates"":[]}",-8.755516044002368,-15.708822675351072,-7.60786831926894,-13.846150314163307
2_243_0_2_243_0,0.223,0.2263,0.1155,0.1214,0.0664,0.0495,0.0811,0.0706,0.0564,0.0514,0.3017,0.3233,1,1,-0.46662283,-0.524419,-0.14999047,-0.17649199,0.6850042,0.7256472,-0.57628006,-0.6415334,25.962614268216143,91.67285016557614,5743.0,Guwahati,12,"{""type"":""MultiPoint"",""coordinates"":[]}",-7.795342541057124,-13.390585482928062,-7.3395476905651815,-14.441968301503792
2_244_0_2_244_0,0.1611,0.1777,0.0898,0.0991,0.0355,0.0234,0.0476,0.0369,0.0343,0.0317,0.1804,0.175,1,1,-0.54384285,-0.6561044,-0.056515373,0.0076552313,0.6804844,0.6932753,-0.5824561,-0.6517225,25.985700971018016,91.7777733907613,5744.0,Guwahati,12,"{""type"":""MultiPoint"",""coordinates"":[]}",-7.732535923780631,-13.72833405511497,-7.489974956119746,-13.709662758803766
2_245_0_2_245_0,0.16025,0.1561,0.0901,0.09475,0.05935,0.05695,0.0677,0.0666,0.0594,0.0667,0.1804,0.16735,1,1,-0.4060101,-0.40188596,-0.059151623,-0.034781266,0.5045872,0.4300363,-0.45425233,-0.43064758,26.19330163317804,91.87056935961084,5745.0,Guwahati,12,"{""type"":""MultiPoint"",""coordinates"":[]}",-6.0011185277006245,-13.238714343784785,-7.382556307950052,-14.23939388117434
2_246_0_2_246_0,0.2268,0.1761,0.1496,0.1004,0.1052,0.0809,0.1148,0.1008,0.1015,0.0913,0.3352,0.2396,1,1,-0.32786885,-0.27193934,-0.19288257,-0.1527544,0.53515,0.44817165,-0.48977777,-0.40775558,26.341343992000933,91.694409732395,5746.0,Guwahati,12,"{""type"":""MultiPoint"",""coordinates"":[]}",-8.398755775193804,-14.958321132818233,-8.21776733578652,-14.537327516074782
2_247_0_2_247_0,0.1508,0.1978,0.091,0.1678,0.0941,0.0924,0.1046,0.118,0.1278,0.118,0.2404,0.2346,6,4,-0.18089272,-0.25269157,-0.22903885,-0.08510638,0.30581206,0.33068633,-0.3936232,-0.33068633,26.28897221093677,91.86176586982648,5747.0,Guwahati,12,"{""type"":""MultiPoint"",""coordinates"":[]}",-9.131225381710218,-15.892369426234263,-8.930762996802459,-16.830750410341516
2_248_0_2_248_0,0.2858,0.2407,0.2278,0.1874,0.1132,0.1082,0.1268,0.1276,0.1526,0.145,0.2186,0.2054,4,4,-0.38536114,-0.30708662,0.1332276,0.07913024,0.17780173,0.17237443,-0.2657788,-0.23363364,26.2689397801009,91.82179083968316,5748.0,Guwahati,12,"{""type"":""MultiPoint"",""coordinates"":[]}",-11.555632135321197,-17.52908671806628,-10.458565836308958,-17.734799441334857
2_249_0_2_249_0,0.17045,0.18515,0.1461,0.16545,0.1029,0.09605,0.1096,0.10095,0.11,0.1035,0.1695,0.1696,6,6,-0.21728262,-0.2943027,0.0027945286,0.043833684,0.21288015,0.24203588,-0.21461841,-0.25374237,26.16563352242716,91.77184450988612,5749.0,Guwahati,12,"{""type"":""MultiPoint"",""coordinates"":[]}",-8.063003504422976,-15.85342372370189,-7.15655685709619,-14.235244917063557
2_250_0_2_250_0,0.1589,0.2091,0.11565,0.1622,0.06905,0.05805,0.0742,0.06455,0.0652,0.076,0.15475,0.1544,1,4,-0.36336336,-0.5282295,0.013231309,0.15048143,0.407138,0.3402778,-0.35182354,-0.41036767,26.14919435272777,91.71399300558882,5750.0,Guwahati,12,"{""type"":""MultiPoint"",""coordinates"":[]}",-8.792299476611863,-15.576711403107275,-9.732991794749088,-16.50202519833283
2_251_0_2_251_0,0.2708,0.3134,0.1975,0.2417,0.1108,0.1104,0.1264,0.1356,0.1346,0.163,0.2472,0.2508,4,7,-0.36354482,-0.3959911,0.045559846,0.11095356,0.2949188,0.2121798,-0.32334048,-0.29813665,26.310711440812454,91.78406159775014,5751.0,Guwahati,12,"{""type"":""MultiPoint"",""coordinates"":[]}",-9.90727604151874,-16.310263030045952,-10.056622615988722,-16.917170913715374
2_252_0_2_252_0,0.2742,0.3391,0.27305,0.35005,0.1399,0.172,0.1561,0.1952,0.1586,0.2053,0.2135,0.2522,7,7,-0.2744597,-0.26932436,0.12446176,0.14696431,0.14754099,0.10251366,-0.15530303,-0.12740277,26.192313486365503,91.63215648320552,5752.0,Guwahati,12,"{""type"":""MultiPoint"",""coordinates"":[]}",-10.016045071433018,-16.73228794590071,-15.095058372054952,-24.172086586822367
2_253_0_2_253_0,0.1604,0.1711,0.0818,0.0826,0.0638,0.0452,0.0708,0.0584,0.0556,0.0457,0.2567,0.2688,1,1,-0.38754326,-0.49106753,-0.23087989,-0.22209594,0.6439321,0.70938,-0.56763357,-0.6430318,25.960368480005844,91.6980928250599,5753.0,Guwahati,12,"{""type"":""MultiPoint"",""coordinates"":[]}",-8.858799109472523,-14.232371196546879,-8.626555432320917,-15.535027171765513
2_254_0_2_254_0,0.1281,0.0917,0.0772,0.0527,0.0948,0.0742,0.0941,0.0817,0.0852,0.0754,0.15,0.098,1,4,-0.1530153,-0.057670128,-0.07874865,-0.033210333,0.2755102,0.13033448,-0.2290045,-0.090706736,26.34242197034188,91.63089884180776,5754.0,Guwahati,12,"{""type"":""MultiPoint"",""coordinates"":[]}",-9.332757685820761,-15.411892065209585,-13.362861911946938,-18.556083037555535
2_255_0_2_255_0,0.3159,0.2948,0.2283,0.2229,0.1108,0.0878,0.1268,0.099,0.144,0.1152,0.2702,0.2044,4,4,-0.42715156,-0.49720672,0.077973045,0.18108974,0.30468372,0.27909887,-0.36120906,-0.34739617,26.21351372707073,91.56235738562944,5755.0,Guwahati,12,"{""type"":""MultiPoint"",""coordinates"":[]}",-11.360439029363821,-17.206214870839442,-11.922104274824969,-18.490949701931378
2_256_0_2_256_0,0.1761,0.1881,0.11785,0.12545,0.08695,0.0691,0.09395,0.0802,0.088,0.0803,0.177,0.1882,1,6,-0.3042029,-0.40216175,-0.002548853,-0.00026574542,0.33584905,0.4018622,-0.3065141,-0.4023845,26.180186230029893,91.80193807190412,5756.0,Guwahati,12,"{""type"":""MultiPoint"",""coordinates"":[]}",-8.008982751408059,-14.141607383970102,-8.311672402707593,-13.705957989177827
2_257_0_2_257_0,0.1956,0.1953,0.0946,0.103,0.0791,0.0614,0.091,0.072,0.0726,0.0636,0.3432,0.3364,1,1,-0.3649686,-0.46127945,-0.27394208,-0.2653752,0.6507937,0.682,-0.5808383,-0.6474045,26.03834224666742,91.77184450988612,5757.0,Guwahati,12,"{""type"":""MultiPoint"",""coordinates"":[]}",-7.049260086850141,-13.678832610543749,-7.730060278269658,-14.022357177344942
2_258_0_2_258_0,0.152,0.1747,0.0837,0.1048,0.055,0.0399,0.0646,0.0646,0.0614,0.0701,0.2006,0.2208,1,1,-0.40350878,-0.46009195,-0.13783324,-0.116561316,0.5312977,0.51804745,-0.51282054,-0.547302,26.02477768587721,91.7273779033222,5758.0,Guwahati,12,"{""type"":""MultiPoint"",""coordinates"":[]}",-7.769863930823869,-12.999168972716877,-7.130481384134134,-13.514021532328272
2_259_0_2_259_0,0.1672,0.1806,0.106,0.1355,0.0977,0.0836,0.1218,0.0996,0.1078,0.091,0.252,0.2486,1,6,-0.15709342,-0.28907922,-0.20229007,-0.1584343,0.4007782,0.4640754,-0.3483146,-0.42791498,26.2809772049081,91.89814763883332,5759.0,Guwahati,12,"{""type"":""MultiPoint"",""coordinates"":[]}",-9.797169050345685,-15.945049376082418,-9.093881901317786,-16.436303775213446
2_260_0_2_260_0,0.1431,0.1761,0.12555,0.1647,0.09865,0.10145,0.10295,0.1136,0.1043,0.1184,0.1488,0.1497,6,6,-0.16317822,-0.21574043,-0.019527236,0.08103131,0.17581983,0.11674748,-0.18212512,-0.13710596,26.141738335869576,91.79484138115956,5760.0,Guwahati,12,"{""type"":""MultiPoint"",""coordinates"":[]}",-6.410891872976931,-10.52756985019997,-9.429463206146371,-16.576417375406265
2_261_0_2_261_0,0.0494,0.1077,0.027,0.0611,0.0954,0.061,0.1028,0.1054,0.0879,0.0682,0.1046,0.1838,0,0,0.35085413,-0.0107930545,-0.35844156,-0.26106346,0.08675325,0.45873016,-0.008678881,-0.27109268,26.11883129612453,91.63790570102388,5761.0,Guwahati,12,"{""type"":""MultiPoint"",""coordinates"":[]}",-12.923651102944198,-22.947464618466952,-17.672074487155992,-25.413796418774723
2_262_0_2_262_0,0.13725,0.1832,0.11975,0.17585,0.09845,0.08155,0.1002,0.08995,0.10045,0.1048,0.1402,0.1625,6,6,-0.15603285,-0.3413875,-0.010632547,0.059878506,0.16517764,0.21586233,-0.16638935,-0.28738365,26.185755784791432,91.76151388411871,5762.0,Guwahati,12,"{""type"":""MultiPoint"",""coordinates"":[]}",-4.460913973482359,-13.267022115468189,-2.7531748563834055,-11.778632972916714
2_263_0_2_263_0,0.2529,0.2632,0.1739,0.1786,0.109,0.0838,0.1126,0.1066,0.1134,0.1104,0.2968,0.2722,5,4,-0.38385773,-0.42347214,-0.079861745,-0.016809862,0.44709897,0.42289597,-0.44992673,-0.43717,26.26247191005524,91.55993193436233,5763.0,Guwahati,12,"{""type"":""MultiPoint"",""coordinates"":[]}",-9.859910012828468,-16.662678931446024,-9.95233363698057,-16.214607036150813
2_264_0_2_264_0,0.1609,0.1886,0.0948,0.1174,0.0653,0.052,0.0752,0.0717,0.0656,0.0702,0.192,0.183,1,1,-0.3629818,-0.4490972,-0.08812695,0.015069968,0.49068323,0.44549763,-0.43712574,-0.4369847,26.04579826352561,91.89410522005475,5764.0,Guwahati,12,"{""type"":""MultiPoint"",""coordinates"":[]}",-8.115340511370137,-12.26493048654321,-5.695665898063885,-14.787567150375637
2_265_0_2_265_0,0.2133,0.2321,0.1883,0.2358,0.106,0.0927,0.1086,0.113,0.1062,0.114,0.1404,0.1442,6,6,-0.3252563,-0.34511736,0.20610687,0.23359022,0.13868614,0.116963595,-0.12771085,-0.121306375,26.215939178337848,91.8702998650256,5765.0,Guwahati,12,"{""type"":""MultiPoint"",""coordinates"":[]}",-7.6886091210098595,-15.691415411170123,-0.34825825713517655,-12.532885562535414
2_266_0_2_266_0,0.1601,0.1525,0.0776,0.0698,0.059,0.0386,0.0706,0.0536,0.056,0.0455,0.2503,0.2916,1,1,-0.3879497,-0.47986415,-0.21978557,-0.31321773,0.6343454,0.73005044,-0.55998755,-0.6894554,25.960817637647907,91.76977838473265,5766.0,Guwahati,12,"{""type"":""MultiPoint"",""coordinates"":[]}",-9.37357705168777,-14.378318060660273,-6.055612176641933,-13.75515273716688
2_267_0_2_267_0,0.198,0.2292,0.1379,0.1561,0.0892,0.0901,0.0972,0.1128,0.0926,0.1162,0.2162,0.2336,1,6,-0.34146342,-0.34035087,-0.043940127,-0.009507347,0.40025908,0.33562034,-0.37970644,-0.3487298,26.29714688002225,91.71821508742416,5767.0,Guwahati,12,"{""type"":""MultiPoint"",""coordinates"":[]}",-8.82074897091165,-14.714426861084831,-8.792897009610705,-16.024986239168136
2_268_0_2_268_0,0.2402,0.2144,0.1411,0.1289,0.0835,0.052,0.0901,0.07,0.0963,0.0814,0.2242,0.2251,1,1,-0.45443535,-0.5077356,0.034453057,-0.024345847,0.39906397,0.46884176,-0.42666242,-0.5255845,26.072657890520787,91.7513629214082,5768.0,Guwahati,12,"{""type"":""MultiPoint"",""coordinates"":[]}",-7.954314912831757,-14.102089291795531,-8.873660940194375,-14.833094221377303
2_269_0_2_269_0,0.2706,0.3096,0.1844,0.2531,0.1,0.097,0.1086,0.11,0.1146,0.1204,0.2596,0.2176,5,5,-0.4272152,-0.47569114,0.020746889,0.17450683,0.3874933,0.28757396,-0.4101032,-0.32844934,26.228964749957584,91.6417684567456,5769.0,Guwahati,12,"{""type"":""MultiPoint"",""coordinates"":[]}",-9.745870251179745,-15.49450078699411,-10.284229559461199,-16.371584534849013
2_270_0_2_270_0,0.1594,0.185,0.1176,0.1533,0.0991,0.0974,0.1014,0.1152,0.0984,0.1226,0.1858,0.2082,6,6,-0.22239263,-0.23251165,-0.0764774,-0.05900305,0.3075299,0.25876662,-0.29387188,-0.28756958,26.2215985646278,91.70024878174178,5770.0,Guwahati,12,"{""type"":""MultiPoint"",""coordinates"":[]}",-8.051686679901838,-14.059960847256045,-7.135295534470386,-14.167415398360482
2_271_0_2_271_0,0.23785,0.22455,0.1864,0.16285,0.1049,0.0773,0.1178,0.0917,0.1133,0.0919,0.2011,0.2029,5,4,-0.33755097,-0.42007905,0.08372252,0.0506492,0.2792621,0.37652645,-0.2612104,-0.37746096,26.164645375614622,91.61733428101756,5771.0,Guwahati,12,"{""type"":""MultiPoint"",""coordinates"":[]}",-11.511298760978047,-17.543195336289365,-9.43609056098445,-15.546488572097694
2_272_0_2_272_0,0.1819,0.1743,0.1168,0.1267,0.0886,0.0826,0.093,0.0982,0.082,0.0944,0.2326,0.1834,1,6,-0.32339033,-0.27926606,-0.12231604,-0.025440313,0.4787031,0.32037437,-0.42874694,-0.3025568,26.344128769381705,91.59918831227834,5772.0,Guwahati,12,"{""type"":""MultiPoint"",""coordinates"":[]}",-7.94732784908149,-14.472357677086432,-9.035685524279003,-15.170035000380338
2_273_0_2_273_0,0.1886,0.1942,0.1103,0.1039,0.0576,0.0444,0.0684,0.0708,0.0594,0.0614,0.2152,0.2521,1,1,-0.46770427,-0.46566036,-0.0658742,-0.12973337,0.5673707,0.6082935,-0.51763046,-0.56147414,26.08020373890739,91.75423753031735,5773.0,Guwahati,12,"{""type"":""MultiPoint"",""coordinates"":[]}",-8.09475623552908,-13.320108852733764,-8.039050628160572,-14.34841836851443
2_274_0_2_274_0,0.2608,0.3028,0.2062,0.2284,0.1058,0.0943,0.1176,0.1118,0.1522,0.1284,0.2632,0.2408,4,4,-0.37843552,-0.46068498,-0.0045801527,0.11405445,0.26721233,0.30444205,-0.38235295,-0.36585367,26.233635989435005,91.60700365525018,5774.0,Guwahati,12,"{""type"":""MultiPoint"",""coordinates"":[]}",-10.656193550554768,-16.102357307491566,-10.82034063543268,-18.034390340288063
2_275_0_2_275_0,0.1755,0.1897,0.0969,0.1063,0.0694,0.0362,0.0756,0.0556,0.0578,0.0542,0.183,0.2092,1,1,-0.39784947,-0.54667753,-0.020920502,-0.048884433,0.5199336,0.5884586,-0.4153132,-0.5800604,26.003128287529936,91.86544896249136,5775.0,Guwahati,12,"{""type"":""MultiPoint"",""coordinates"":[]}",-7.704321728400474,-13.631397917582323,-7.384451702681153,-13.926739723527149
2_276_0_2_276_0,0.281,0.2407,0.228,0.208,0.1046,0.0896,0.1166,0.1112,0.1222,0.1186,0.2416,0.2186,4,4,-0.41348088,-0.36800227,0.07539227,0.0481167,0.3282023,0.2965599,-0.34896705,-0.3256519,26.247649707867268,91.60314089952848,5776.0,Guwahati,12,"{""type"":""MultiPoint"",""coordinates"":[]}",-9.346479142141584,-15.613716188252145,-9.822963742196961,-16.20939575718245
2_277_0_2_277_0,0.2662,0.2387,0.1687,0.1421,0.0778,0.056,0.099,0.0916,0.1318,0.0985,0.2655,0.3156,5,1,-0.45783132,-0.4453527,0.0013165319,-0.13873354,0.3365215,0.5242695,-0.45679012,-0.55009824,26.0148962177519,91.8853915617988,5777.0,Guwahati,12,"{""type"":""MultiPoint"",""coordinates"":[]}",-7.830163504644274,-14.670423685446261,-7.167082509339278,-15.637322694061758
2_278_0_2_278_0,0.1859,0.1921,0.1233,0.156,0.0968,0.1001,0.1036,0.1266,0.0994,0.1364,0.1904,0.1968,1,1,-0.28428325,-0.20552243,-0.011958544,-0.012085369,0.31400967,0.1812725,-0.2952381,-0.21706864,26.33289982833021,91.70402170593508,5778.0,Guwahati,12,"{""type"":""MultiPoint"",""coordinates"":[]}",-7.332490941597394,-14.215106364408522,-8.093712357653292,-13.678381044030578
2_279_0_2_279_0,0.2365,0.212,0.1778,0.1691,0.1096,0.0905,0.1142,0.1068,0.1252,0.1182,0.2266,0.206,4,4,-0.3487311,-0.32998747,0.021377672,0.014354067,0.28823194,0.27082047,-0.3298122,-0.31713554,26.33712191016557,91.77912086368748,5779.0,Guwahati,12,"{""type"":""MultiPoint"",""coordinates"":[]}",-9.20360165779529,-17.502416208635218,-9.048930166735968,-18.18161084789726
2_280_0_2_280_0,0.2868,0.293,0.2102,0.212,0.1064,0.091,0.1166,0.111,0.1158,0.1274,0.2412,0.2532,4,4,-0.42191374,-0.45049506,0.086363636,0.07286708,0.3512605,0.33053073,-0.34823924,-0.39044482,26.260675279487,91.56307603785672,5780.0,Guwahati,12,"{""type"":""MultiPoint"",""coordinates"":[]}",-10.059092813159403,-15.589072051382864,-9.342014897509314,-16.1264108186464
2_281_0_2_281_0,0.1646,0.1823,0.0888,0.1037,0.0454,0.0342,0.0593,0.063,0.05,0.0544,0.2122,0.2331,1,1,-0.47029924,-0.48634326,-0.12632696,-0.122291766,0.61861175,0.6215652,-0.5631676,-0.5744681,26.054871247895218,91.65209908251298,5781.0,Guwahati,12,"{""type"":""MultiPoint"",""coordinates"":[]}",-6.614580860219574,-13.137941223846283,-6.642300142212916,-13.659426812555857
2_282_0_2_282_0,0.1904,0.1995,0.1392,0.1299,0.0935,0.0807,0.098,0.0963,0.0996,0.0888,0.2036,0.243,6,6,-0.32038835,-0.34888437,-0.033502538,-0.098305084,0.34300792,0.4647378,-0.3501326,-0.43236074,26.221778227684627,91.7131845218331,5782.0,Guwahati,12,"{""type"":""MultiPoint"",""coordinates"":[]}",-9.912218984209254,-16.283973246258004,-8.666483937160033,-15.160320260746403
2_283_0_2_283_0,0.0307,0.3709,0.0199,0.391,0.128,0.1998,0.133,0.2326,0.1198,0.2568,0.0776,0.2762,0,7,0.62492365,-0.22916321,-0.43305632,0.14634523,-0.21377912,0.036397748,0.26305792,-0.085691825,26.218993450303856,91.78415142927857,5783.0,Guwahati,12,"{""type"":""MultiPoint"",""coordinates"":[]}",-22.722890430176427,-30.321682334103407,-20.20946250986467,-30.886234568595516
2_284_0_2_284_0,0.3217,0.2771,0.2425,0.2143,0.1092,0.1032,0.1356,0.1162,0.1538,0.1328,0.2542,0.2198,4,4,-0.40695387,-0.40910247,0.11720785,0.11531495,0.24607843,0.24673851,-0.30425858,-0.30833334,26.27953990045351,91.6891096722187,5784.0,Guwahati,12,"{""type"":""MultiPoint"",""coordinates"":[]}",-10.014567819313097,-16.15756945319439,-10.048214656362395,-16.814993564398627
2_285_0_2_285_0,0.1464,0.1558,0.0776,0.084,0.0771,0.0483,0.0811,0.0614,0.0697,0.0586,0.2002,0.2051,1,1,-0.28703296,-0.43462247,-0.15522216,-0.13660294,0.4835124,0.5555556,-0.4233914,-0.539212,26.094127625811243,91.6635076866213,5785.0,Guwahati,12,"{""type"":""MultiPoint"",""coordinates"":[]}",-9.59292668418237,-15.713004754639126,-10.660852064598693,-17.393564930261746
2_286_0_2_286_0,0.135,0.1332,0.0702,0.0701,0.0492,0.0275,0.0542,0.0416,0.0436,0.0368,0.1681,0.1726,1,1,-0.42706132,-0.52402747,-0.10920488,-0.12884238,0.5880964,0.6485196,-0.51237065,-0.611578,25.96611769782421,91.63997182617736,5786.0,Guwahati,12,"{""type"":""MultiPoint"",""coordinates"":[]}",-9.749359113248925,-15.735967697168139,-11.595131425247295,-17.42308040217718
2_287_0_2_287_0,0.2049,0.1732,0.12215,0.1033,0.1704,0.08805,0.1797,0.0953,0.1513,0.08125,0.2957,0.2014,1,1,-0.06552262,-0.29013035,-0.18138234,-0.0752803,0.3230425,0.42508402,-0.24400505,-0.35760027,26.21423237929802,91.89617134520824,5787.0,Guwahati,12,"{""type"":""MultiPoint"",""coordinates"":[]}",-7.617498623350565,-14.874372645583325,-8.698457413984409,-15.28812334772425
2_288_0_2_288_0,0.2233,0.2409,0.1236,0.1366,0.0696,0.0877,0.0921,0.119,0.0726,0.102,0.3312,0.3508,1,1,-0.4159797,-0.33870518,-0.19458972,-0.18573602,0.640416,0.54946995,-0.56484765,-0.49340144,25.99495361844445,91.56415401619768,5788.0,Guwahati,12,"{""type"":""MultiPoint"",""coordinates"":[]}",-9.446460805667536,-15.376994093393801,-10.94228884673812,-16.742922948317016
2_289_0_2_289_0,0.2912,0.3417,0.2303,0.2683,0.1089,0.1044,0.1336,0.1346,0.1379,0.1688,0.2456,0.2645,4,4,-0.3709981,-0.43480998,0.08494784,0.1273507,0.2808344,0.22086315,-0.29535866,-0.32548234,26.20623737326936,91.56253704868628,5789.0,Guwahati,12,"{""type"":""MultiPoint"",""coordinates"":[]}",-11.1674254300605,-17.656562992502344,-11.803935625788016,-17.831971281223293
2_290_0_2_290_0,0.1375,0.15545,0.11565,0.1447,0.0989,0.0915,0.1023,0.10095,0.0982,0.1064,0.1309,0.1453,6,6,-0.14678898,-0.21255851,0.024590164,0.033748962,0.14273243,0.15454906,-0.12264151,-0.18010153,26.161052114478142,91.77651574936353,5790.0,Guwahati,12,"{""type"":""MultiPoint"",""coordinates"":[]}",-4.753932374755866,-13.558112245885738,-6.206926607258158,-12.683254217335262
2_291_0_2_291_0,0.1393,0.1606,0.0715,0.0797,0.0505,0.0294,0.0551,0.0483,0.0434,0.0401,0.197,0.2261,1,1,-0.43312758,-0.5375778,-0.171573,-0.16938195,0.6389351,0.6987228,-0.5628719,-0.6479592,26.069064629384307,91.7243236313562,5791.0,Guwahati,12,"{""type"":""MultiPoint"",""coordinates"":[]}",-7.019609357289151,-12.817853669579229,-7.6740489201496755,-13.970243485846584
2_292_0_2_292_0,0.1891,0.1912,0.1012,0.1022,0.0358,0.0264,0.0511,0.0501,0.0422,0.04,0.2121,0.2565,1,1,-0.57452124,-0.5847493,-0.057328016,-0.1458566,0.6681085,0.7301855,-0.61170214,-0.6731898,25.99558243914333,91.7124658696058,5792.0,Guwahati,12,"{""type"":""MultiPoint"",""coordinates"":[]}",-11.04584869365586,-16.60821170701628,-11.219129726227495,-17.107752583329198
2_293_0_2_293_0,0.17425,0.2061,0.1521,0.2007,0.103,0.08295,0.1083,0.0919,0.1074,0.10155,0.184,0.1573,6,6,-0.23341002,-0.38322148,-0.027215632,0.13428728,0.2628689,0.2153757,-0.2589805,-0.26243982,26.15072148871077,91.6463498646946,5793.0,Guwahati,12,"{""type"":""MultiPoint"",""coordinates"":[]}",-2.9444235761099327,-14.708698115032934,-2.7337581905099713,-14.04145326360716
2_294_0_2_294_0,0.2552,0.2443,0.1969,0.2121,0.1124,0.1106,0.1218,0.1282,0.125,0.1362,0.2458,0.2014,4,4,-0.35384616,-0.31167784,0.018762475,0.09625308,0.3257821,0.19312796,-0.3373232,-0.22208738,26.29436210264148,91.61212405236964,5794.0,Guwahati,12,"{""type"":""MultiPoint"",""coordinates"":[]}",-11.139050665593182,-17.444507767719013,-10.78424689060169,-18.79200446153439
2_295_0_2_295_0,0.3285,0.298,0.2454,0.2633,0.116,0.0955,0.134,0.1078,0.1622,0.1268,0.252,0.176,4,4,-0.42054054,-0.4687038,0.13178295,0.25738397,0.21680348,0.16248348,-0.30569947,-0.24031007,26.254297240969752,91.72980335458932,5795.0,Guwahati,12,"{""type"":""MultiPoint"",""coordinates"":[]}",-11.915190998895175,-17.810995927376815,-12.117088384685008,-19.01961665323706
2_296_0_2_296_0,0.1285,0.1363,0.0616,0.0735,0.0473,0.0258,0.0518,0.0379,0.0395,0.033,0.168,0.2042,1,1,-0.4254021,-0.564868,-0.13322091,-0.19941263,0.6192771,0.7217538,-0.52866244,-0.6869062,26.003128287529936,91.87416262074731,5796.0,Guwahati,12,"{""type"":""MultiPoint"",""coordinates"":[]}",-7.465558186828911,-14.262452960876212,-7.325756858019956,-14.654115072258492
2_297_0_2_297_0,0.14675,0.1789,0.09675,0.12875,0.0932,0.0744,0.0996,0.07995,0.0936,0.0793,0.20695,0.1825,1,6,-0.19139436,-0.3822677,-0.17020074,-0.009961261,0.3771419,0.39419404,-0.35018757,-0.39074108,26.155931717358666,91.72252700078796,5797.0,Guwahati,12,"{""type"":""MultiPoint"",""coordinates"":[]}",-7.1752956683406595,-12.894682781905857,-7.020344631638216,-13.705088503948359
2_298_0_2_298_0,0.1718,0.1955,0.0992,0.1268,0.0511,0.0552,0.0614,0.072,0.0607,0.0676,0.1876,0.1952,1,1,-0.47341338,-0.46168223,-0.04396216,0.0007678526,0.5110753,0.48554033,-0.5068273,-0.46107784,26.05091866064509,91.60601550843764,5798.0,Guwahati,12,"{""type"":""MultiPoint"",""coordinates"":[]}",-7.488375059687398,-13.089360717668846,-7.473122460749392,-14.248223592206221
2_299_0_2_299_0,0.15385,0.17955,0.1346,0.18855,0.09275,0.098,0.0944,0.1055,0.0969,0.1164,0.131,0.1357,6,6,-0.23947634,-0.25977898,0.08021766,0.13909596,0.14962703,0.07655692,-0.162378,-0.12520729,26.18108454531401,91.84146394440538,5799.0,Guwahati,12,"{""type"":""MultiPoint"",""coordinates"":[]}",-4.653563959749036,-13.851268014594893,-4.3671226165299135,-14.965580715658547
2_300_0_2_300_0,0.2629,0.143,0.212,0.1046,0.111,0.0866,0.123,0.1076,0.1388,0.109,0.2308,0.1898,4,4,-0.36252916,-0.14126097,0.06501924,-0.140625,0.24891774,0.270415,-0.3046919,-0.27639544,26.317089479329702,91.81999420911492,5800.0,Guwahati,12,"{""type"":""MultiPoint"",""coordinates"":[]}",-10.111711220662933,-16.929058752398703,-10.661899626530309,-17.071813033967945
2_301_0_2_301_0,0.2298,0.2573,0.1623,0.1989,0.0966,0.09945,0.1058,0.1246,0.1053,0.1545,0.2222,0.2348,4,6,-0.3694875,-0.34747317,0.01681416,0.045722414,0.35694656,0.20626765,-0.35487804,-0.30662215,26.149463847313005,91.82637224763216,5801.0,Guwahati,12,"{""type"":""MultiPoint"",""coordinates"":[]}",-6.904749163560866,-15.625117465841564,-7.489747535238444,-15.78255596304053
2_302_0_2_302_0,0.1597,0.1688,0.1078,0.12,0.0863,0.0676,0.0898,0.0827,0.0777,0.0758,0.2286,0.1914,1,6,-0.2801603,-0.34234592,-0.17744012,-0.06274292,0.49265426,0.43263474,-0.43592966,-0.3965706,26.319425099068415,91.59909848074992,5802.0,Guwahati,12,"{""type"":""MultiPoint"",""coordinates"":[]}",-6.545271976812823,-13.337122554350753,-6.205749025136408,-12.610071029837746
2_303_0_2_303_0,0.1604,0.1597,0.0977,0.0939,0.0828,0.0665,0.0866,0.072,0.0744,0.0686,0.198,0.2194,1,1,-0.29878542,-0.3785067,-0.10491072,-0.15747824,0.4537445,0.5236111,-0.39142656,-0.5058339,26.2260901410484,91.57906604991406,5803.0,Guwahati,12,"{""type"":""MultiPoint"",""coordinates"":[]}",-7.416249183397886,-13.766810089667732,-7.4653477219978415,-12.904687036689172
2_304_0_2_304_0,0.1549,0.1722,0.0766,0.0917,0.0562,0.04,0.0682,0.0658,0.052,0.0549,0.2456,0.2736,1,1,-0.38861498,-0.44705883,-0.22646691,-0.22745626,0.6505376,0.6657534,-0.56532824,-0.61225694,25.988036590756728,91.58337796327784,5804.0,Guwahati,12,"{""type"":""MultiPoint"",""coordinates"":[]}",-10.570065010400059,-15.983431834991698,-9.316809531209913,-16.696554527724007
2_305_0_2_305_0,0.141,0.2366,0.0974,0.2273,0.0908,0.1128,0.0978,0.1502,0.0882,0.1634,0.1751,0.2026,1,6,-0.18090452,-0.22337125,-0.107877254,0.07741348,0.33004177,0.107103825,-0.28325394,-0.14852607,26.02450819129198,91.84191310204744,5805.0,Guwahati,12,"{""type"":""MultiPoint"",""coordinates"":[]}",-8.355418901117154,-14.710374694504777,-2.6615232684283905,-2.439677144517863
2_306_0_2_306_0,0.2671,0.27695,0.18555,0.18585,0.089,0.0765,0.10145,0.0932,0.1011,0.0972,0.2484,0.27115,1,3,-0.4494641,-0.49642038,0.03627546,0.01058201,0.42145923,0.47224107,-0.42003715,-0.488404,26.140660357528635,91.84029613453602,5806.0,Guwahati,12,"{""type"":""MultiPoint"",""coordinates"":[]}",-11.987217297928462,-17.53044390350631,-10.621943036393949,-18.363471150744985
2_307_0_2_307_0,0.33055,0.03615,0.36185,0.02585,0.1773,0.0755,0.1988,0.0909,0.2134,0.0692,0.24,0.0636,7,0,-0.24889015,0.4309327,0.15870652,-0.27518797,0.058667842,-0.042168673,-0.09389243,0.17669903,26.180725219200365,91.69090630278694,5807.0,Guwahati,12,"{""type"":""MultiPoint"",""coordinates"":[]}",-19.240524093642517,-27.36487548623097,-20.678827963125403,-27.948308752353956
2_308_0_2_308_0,0.1517,0.17595,0.10415,0.12585,0.0587,0.0496,0.06695,0.062,0.0729,0.0688,0.1535,0.1564,5,6,-0.38760576,-0.4788821,-0.005897772,0.05882353,0.35600707,0.38898757,-0.39260602,-0.43223444,26.15934531543832,91.7289948708336,5808.0,Guwahati,12,"{""type"":""MultiPoint"",""coordinates"":[]}",-7.132433847397229,-13.099605266340086,-6.3297240975302715,-12.593432722961403
2_309_0_2_309_0,0.1797,0.1871,0.138,0.1562,0.0986,0.0899,0.0991,0.1118,0.1004,0.1108,0.204,0.1957,1,6,-0.28909612,-0.2519237,-0.063330725,-0.02246604,0.34034166,0.27699837,-0.3460904,-0.27284554,26.246481897997917,91.76016641119256,5809.0,Guwahati,12,"{""type"":""MultiPoint"",""coordinates"":[]}",-7.3677853700041895,-14.045430884798904,-7.585765424988985,-14.775690661212355
2_310_0_2_310_0,0.2141,0.215,0.1958,0.1852,0.0972,0.0928,0.1148,0.1164,0.1326,0.1272,0.1794,0.169,4,6,-0.30191547,-0.29752564,0.08818297,0.119791664,0.15,0.14112087,-0.21957852,-0.18430273,26.29948249976097,91.77813271687496,5810.0,Guwahati,12,"{""type"":""MultiPoint"",""coordinates"":[]}",-10.197785471975443,-15.190908110547428,-10.11418987900619,-16.127262400074883
2_311_0_2_311_0,0.2765,0.25755,0.2362,0.18775,0.1024,0.08,0.1127,0.0942,0.1314,0.1081,0.1984,0.2144,4,5,-0.4208633,-0.46439233,0.16445568,0.091429174,0.20315343,0.3296124,-0.27547413,-0.38950098,26.2050695634,91.64760750609238,5811.0,Guwahati,12,"{""type"":""MultiPoint"",""coordinates"":[]}",-9.551775131364359,-16.844684887992905,-11.15850144321194,-16.213060681724073
2_312_0_2_312_0,0.0926,0.1211,0.0662,0.0758,0.1058,0.0934,0.1136,0.1092,0.1,0.1006,0.1126,0.099,0,6,0.10184287,-0.051671732,-0.09746589,0.100408904,0.05926623,-0.008016032,0.0044208663,0.048991356,26.329396398722142,91.8973391550776,5812.0,Guwahati,12,"{""type"":""MultiPoint"",""coordinates"":[]}",-12.488721916580339,-18.15852283942312,-13.585839552142005,-19.6218888453964
2_313_0_2_313_0,0.1454,0.1551,0.0952,0.0887,0.0611,0.04,0.0688,0.0498,0.063,0.0423,0.1615,0.1658,1,1,-0.35760972,-0.5139092,-0.052460086,-0.03334372,0.43875277,0.5934647,-0.40251845,-0.53803337,26.115058371931227,91.85413018991146,5813.0,Guwahati,12,"{""type"":""MultiPoint"",""coordinates"":[]}",-7.0973792793828085,-14.53317098697282,-8.165948827420621,-14.709146745151143
2_314_0_2_314_0,0.24745,0.2143,0.1695,0.14805,0.09295,0.07645,0.09875,0.0903,0.0966,0.09675,0.2313,0.1975,3,1,-0.42952052,-0.40709126,0.03373368,0.040796503,0.410796,0.34239593,-0.4016058,-0.3724809,26.18288117588225,91.57241851681158,5814.0,Guwahati,12,"{""type"":""MultiPoint"",""coordinates"":[]}",-9.338663927701802,-16.13865068564754,-9.327321766288678,-16.034633277533167
2_315_0_2_315_0,0.1725,0.184,0.1177,0.1262,0.1074,0.0843,0.107,0.0924,0.1012,0.0968,0.1568,0.1612,4,4,-0.23434705,-0.33140376,0.04767689,0.06604867,0.21550387,0.2496124,-0.18877938,-0.27129337,26.22105957545733,91.73133049057232,5815.0,Guwahati,12,"{""type"":""MultiPoint"",""coordinates"":[]}",-9.564265291942249,-16.393299977796648,-10.14325571994177,-17.709425876674743
2_316_0_2_316_0,0.1609,0.2112,0.0865,0.1343,0.0409,0.0302,0.0534,0.052,0.039,0.0526,0.2212,0.2208,1,1,-0.5016332,-0.6048632,-0.15781209,-0.022222223,0.7002306,0.6152158,-0.61107063,-0.61876833,25.968093991449276,91.87425245227574,5816.0,Guwahati,12,"{""type"":""MultiPoint"",""coordinates"":[]}",-7.130229396217327,-13.129478966330794,-5.229670518860004,-12.600382553873558
2_317_0_2_317_0,0.2145,0.2048,0.1128,0.0996,0.1019,0.07,0.1212,0.0798,0.1062,0.0583,0.4388,0.364,1,1,-0.2779267,-0.43921292,-0.34333384,-0.27988747,0.6102752,0.723893,-0.56714284,-0.64037853,26.00420626587088,91.87245582170748,5817.0,Guwahati,12,"{""type"":""MultiPoint"",""coordinates"":[]}",-7.653429751337756,-13.57536036496662,-9.981270114382475,-15.981499024542792
2_318_0_2_318_0,0.1428,0.1538,0.0811,0.0838,0.0634,0.0438,0.0726,0.0508,0.0654,0.0433,0.1826,0.209,1,1,-0.3259053,-0.5034213,-0.122311,-0.15214995,0.47258064,0.65675783,-0.43103448,-0.60892993,26.05864417208852,91.76016641119256,5818.0,Guwahati,12,"{""type"":""MultiPoint"",""coordinates"":[]}",-9.253959740148908,-14.24011153181056,-9.481514263190673,-15.397676159727585
2_319_0_2_319_0,0.3003,0.3535,0.2362,0.2634,0.1046,0.1098,0.1264,0.131,0.1472,0.1682,0.2446,0.2604,4,4,-0.40754628,-0.45923632,0.10222059,0.15165336,0.24859622,0.21511899,-0.3185984,-0.33060807,26.227168119389344,91.60161376354546,5819.0,Guwahati,12,"{""type"":""MultiPoint"",""coordinates"":[]}",-10.604689352094233,-16.35524075880207,-11.762138561252694,-17.84291990661773
2_320_0_2_320_0,0.1747,0.1972,0.10875,0.1309,0.1172,0.0812,0.1204,0.0955,0.1047,0.09505,0.2043,0.1711,1,1,-0.18400542,-0.34745473,-0.078100264,0.070866145,0.3223301,0.28574112,-0.25839236,-0.2835709,26.143984124079875,91.64670919080824,5820.0,Guwahati,12,"{""type"":""MultiPoint"",""coordinates"":[]}",-10.385108891924698,-16.31025536733994,-8.837173579463112,-15.862633058935476
2_321_0_2_321_0,0.2433,0.3103,0.1544,0.2221,0.1036,0.0916,0.1418,0.1194,0.13,0.1424,0.3312,0.249,4,4,-0.2635679,-0.44426343,-0.1530026,0.10960129,0.43625325,0.27235565,-0.40042284,-0.35179153,26.306938516619155,91.71354384794677,5821.0,Guwahati,12,"{""type"":""MultiPoint"",""coordinates"":[]}",-9.69354033932898,-15.556536116175588,-11.188688906298125,-16.89535439241241
2_322_0_2_322_0,0.0929,0.1376,0.0643,0.1042,0.0602,0.052,0.0647,0.0642,0.0586,0.0715,0.0988,0.1192,1,1,-0.17893401,-0.36372647,-0.030777257,0.07165109,0.25540024,0.2501311,-0.20856269,-0.29989094,26.10364976782291,91.86697609847435,5822.0,Guwahati,12,"{""type"":""MultiPoint"",""coordinates"":[]}",-6.017649852492166,-13.121855795269227,-7.024594727318981,-13.580833324878483
2_323_0_2_323_0,0.1656,0.26875,0.1027,0.24635,0.0903,0.1153,0.0944,0.1405,0.0869,0.1512,0.2016,0.221,1,6,-0.27384615,-0.31337813,-0.09803922,0.09749872,0.39757365,0.18753359,-0.36216217,-0.22268327,26.20722552008189,91.71668795144116,5823.0,Guwahati,12,"{""type"":""MultiPoint"",""coordinates"":[]}",-8.974702496656288,-14.717076077821726,-9.820848733489115,-18.590058723336252
2_324_0_2_324_0,0.1787,0.1951,0.0976,0.1033,0.0534,0.0439,0.0679,0.0702,0.0547,0.0639,0.2372,0.258,1,1,-0.44931063,-0.4707878,-0.14065881,-0.13882145,0.6252141,0.6029823,-0.55490005,-0.57221204,26.068525640213835,91.69494872156548,5824.0,Guwahati,12,"{""type"":""MultiPoint"",""coordinates"":[]}",-7.137566344105932,-12.856441167012797,-7.36524636051641,-13.72324181856315
2_325_0_2_325_0,0.36225,0.30205,0.39285,0.27395,0.1742,0.1196,0.1975,0.1416,0.2158,0.1503,0.2478,0.2288,7,7,-0.29432783,-0.36165896,0.18760757,0.13798624,0.069025025,0.20706938,-0.11295756,-0.23542117,26.20677636243983,91.79600919102892,5825.0,Guwahati,12,"{""type"":""MultiPoint"",""coordinates"":[]}",-14.402021308404036,-20.61049492911841,-11.603161961326915,-18.017662244183533
2_326_0_2_326_0,0.1666,0.1627,0.0864,0.0823,0.0544,0.0399,0.0673,0.057,0.0461,0.0455,0.2412,0.239,1,1,-0.4245404,-0.4811106,-0.18293281,-0.18994275,0.6790811,0.6801406,-0.5636953,-0.6148649,26.00330795058676,91.63018018958046,5826.0,Guwahati,12,"{""type"":""MultiPoint"",""coordinates"":[]}",-7.221725851902126,-13.160002412651039,-6.83316047270519,-12.982729456302188
2_327_0_2_327_0,0.1698,0.1755,0.0951,0.0993,0.0792,0.0818,0.0862,0.0943,0.0727,0.0988,0.2336,0.2544,1,1,-0.3265625,-0.30096367,-0.15815568,-0.18353106,0.525302,0.4405436,-0.46091306,-0.45913392,26.26103460560065,91.75342904656166,5827.0,Guwahati,12,"{""type"":""MultiPoint"",""coordinates"":[]}",-7.719217505073347,-13.60369280855695,-6.303232608857459,-13.237641332622115
2_328_0_2_328_0,0.2167,0.2445,0.1534,0.1739,0.0698,0.0594,0.0809,0.0874,0.0933,0.098,0.1679,0.1948,1,5,-0.45631722,-0.47333536,0.12688507,0.11313453,0.2856049,0.3306011,-0.34967846,-0.38058114,25.994234966217157,91.8469436676385,5828.0,Guwahati,12,"{""type"":""MultiPoint"",""coordinates"":[]}",-9.126626118243392,-16.844829803982734,-10.708157860292632,-17.25179365462987
2_329_0_2_329_0,0.1815,0.1843,0.0983,0.0951,0.055,0.0396,0.07,0.0507,0.0595,0.0388,0.2338,0.2292,1,1,-0.44333997,-0.56851065,-0.12593307,-0.108585246,0.5942721,0.7104478,-0.5391705,-0.63772774,26.078047782225504,91.71965239187875,5829.0,Guwahati,12,"{""type"":""MultiPoint"",""coordinates"":[]}",-7.360434977304378,-13.979352887478303,-8.577743321914248,-14.29352772265261
2_330_0_2_330_0,0.1784,0.1749,0.0941,0.0935,0.053,0.0486,0.0711,0.0642,0.0574,0.0549,0.2548,0.2851,1,1,-0.43006012,-0.4629862,-0.17636196,-0.23956522,0.63228697,0.6770588,-0.56366986,-0.63240767,26.03636595304236,91.68587573719589,5830.0,Guwahati,12,"{""type"":""MultiPoint"",""coordinates"":[]}",-8.496114534312976,-13.48888588604692,-8.446943307617847,-14.696851919257172
2_331_0_2_331_0,0.1845,0.2008,0.093,0.1002,0.0672,0.0442,0.0754,0.0636,0.0567,0.0508,0.2761,0.2902,1,1,-0.41977683,-0.51891077,-0.19887103,-0.1820774,0.6592548,0.7020528,-0.5709815,-0.64047486,26.03241336579223,91.75926809590844,5831.0,Guwahati,12,"{""type"":""MultiPoint"",""coordinates"":[]}",-7.867271953018259,-13.69695301734291,-7.452505576790756,-13.176378301705874
2_332_0_2_332_0,0.1631,0.1776,0.091,0.1125,0.0434,0.0287,0.0599,0.0543,0.0526,0.0458,0.1892,0.196,1,1,-0.46278027,-0.5316947,-0.07408459,-0.049250536,0.5649297,0.6211745,-0.51906866,-0.5661207,26.07077142842413,91.66233987675194,5832.0,Guwahati,12,"{""type"":""MultiPoint"",""coordinates"":[]}",-5.908290424719722,-11.583390774765462,-5.642344430412015,-12.58481805399914
2_333_0_2_333_0,0.1964,0.1873,0.1061,0.1075,0.0933,0.0601,0.0966,0.0792,0.0871,0.0884,0.274,0.2324,1,1,-0.34061435,-0.40562853,-0.16496599,-0.107457705,0.51758516,0.4488778,-0.4786832,-0.49165598,26.01094363050177,91.57044222318652,5833.0,Guwahati,12,"{""type"":""MultiPoint"",""coordinates"":[]}",-9.910582243897307,-15.446888746591728,-9.097711595778268,-15.073285553224824
2_334_0_2_334_0,0.0685,0.0217,0.0486,0.0151,0.1256,0.0902,0.131,0.1034,0.1224,0.0944,0.1202,0.0582,0,0,0.3132832,0.65307754,-0.27397987,-0.45682102,-0.009068426,-0.2372215,0.04299363,0.27970296,26.244685267429677,91.88413392040106,5834.0,Guwahati,12,"{""type"":""MultiPoint"",""coordinates"":[]}",-21.682250628516,-31.650089701882614,-23.91181624695532,-33.44095491542722
2_335_0_2_335_0,0.1838,0.1894,0.09475,0.1025,0.0665,0.04995,0.0775,0.0695,0.0586,0.05925,0.2466,0.2522,1,1,-0.4068121,-0.46311316,-0.14591078,-0.14221014,0.6159895,0.6195216,-0.52175254,-0.56792045,26.1952779268031,91.87901352328156,5835.0,Guwahati,12,"{""type"":""MultiPoint"",""coordinates"":[]}",-6.804365899811732,-14.099261195613508,-8.711400808612648,-15.098814387140472
2_336_0_2_336_0,0.176,0.197,0.0931,0.1039,0.0406,0.0293,0.0532,0.0666,0.041,0.0475,0.2269,0.2918,1,1,-0.5357766,-0.49468893,-0.12633407,-0.19394435,0.69391567,0.7200118,-0.62013566,-0.62834823,26.012380934956365,91.76025624272096,5836.0,Guwahati,12,"{""type"":""MultiPoint"",""coordinates"":[]}",-6.589561745030353,-13.582325381589087,-8.813605180544855,-14.253568416952945
2_337_0_2_337_0,0.20175,0.2216,0.18715,0.2037,0.0872,0.1022,0.09755,0.1163,0.10435,0.1205,0.1913,0.1963,6,6,-0.34814566,-0.31163067,0.026586948,0.0605408,0.29409775,0.23926768,-0.3245629,-0.25591812,26.149643510369827,91.77840221146018,5837.0,Guwahati,12,"{""type"":""MultiPoint"",""coordinates"":[]}",-6.7580818328757974,-13.553885646226863,-7.000209492482574,-11.306627438908404
2_338_0_2_338_0,0.20875,0.20915,0.11285,0.12675,0.1749,0.1046,0.1769,0.1135,0.1502,0.1032,0.29825,0.2391,1,1,-0.08258784,-0.29645127,-0.1765286,-0.06681539,0.33013713,0.39702016,-0.25539303,-0.356211,26.130599226346494,91.85305221157051,5838.0,Guwahati,12,"{""type"":""MultiPoint"",""coordinates"":[]}",-9.723159465777456,-15.534468184371178,-10.155150610621934,-14.900904757780747
2_339_0_2_339_0,0.1752,0.2037,0.1271,0.1483,0.09225,0.07075,0.0953,0.08595,0.08715,0.0838,0.1857,0.2348,6,6,-0.29537892,-0.4065251,-0.029093932,-0.070923604,0.36118746,0.47394854,-0.32170817,-0.4640686,26.13985187377293,91.6446430656548,5839.0,Guwahati,12,"{""type"":""MultiPoint"",""coordinates"":[]}",-5.291816532591949,-11.366055412617143,-4.8975412897425485,-11.563915494193271
2_340_0_2_340_0,0.2017,0.2099,0.1246,0.1304,0.0899,0.0711,0.0976,0.0854,0.0827,0.075,0.2098,0.2118,1,1,-0.34781155,-0.42160514,-0.019684082,-0.004505573,0.4345299,0.47698745,-0.36499676,-0.42530283,26.338559214620165,91.58481526773242,5840.0,Guwahati,12,"{""type"":""MultiPoint"",""coordinates"":[]}",-7.93068705367825,-14.024871121856188,-8.10099124223817,-14.26936973628315
2_341_0_2_341_0,0.2766,0.2899,0.2101,0.2177,0.109,0.0814,0.1278,0.109,0.1414,0.122,0.2456,0.2507,4,6,-0.36795253,-0.4534971,0.05936423,0.07251202,0.26925063,0.34531796,-0.31547937,-0.3939394,26.08442582074275,91.60897994887524,5841.0,Guwahati,12,"{""type"":""MultiPoint"",""coordinates"":[]}",-8.001018670698707,-16.394883704228675,-5.83231408340686,-16.46430348234082
2_342_0_2_342_0,0.1731,0.19405,0.1058,0.12855,0.084,0.07395,0.09575,0.0902,0.0808,0.08505,0.25945,0.2317,6,6,-0.2877069,-0.36534742,-0.1996301,-0.08843218,0.5250551,0.46298343,-0.4608671,-0.43957752,26.163747060330504,91.8358045581154,5842.0,Guwahati,12,"{""type"":""MultiPoint"",""coordinates"":[]}",-7.447556240853733,-13.491789822366115,-7.120730850318422,-14.056045495302804
2_343_0_2_343_0,0.1438,0.1526,0.0875,0.1019,0.0883,0.0708,0.0932,0.085,0.0838,0.0756,0.1736,0.1648,1,1,-0.21350211,-0.28451177,-0.093887836,-0.038437303,0.34887335,0.37104824,-0.3013493,-0.31945556,26.31214874526705,91.72719824026537,5843.0,Guwahati,12,"{""type"":""MultiPoint"",""coordinates"":[]}",-6.733690620807419,-13.41907771961301,-7.388430821793413,-13.47239830486064
2_344_0_2_344_0,0.2716,0.29375,0.18565,0.2184,0.099,0.0779,0.1084,0.09535,0.1071,0.1057,0.238,0.2252,4,4,-0.4294737,-0.5098946,0.06593407,0.13209365,0.37931034,0.3611363,-0.37413394,-0.405085,26.12934158494873,91.60134426896022,5844.0,Guwahati,12,"{""type"":""MultiPoint"",""coordinates"":[]}",-10.207634134485708,-15.865158365210538,-11.20926733251342,-17.05529715401316
2_345_0_2_345_0,0.1756,0.1839,0.0937,0.0967,0.0658,0.0474,0.0702,0.0561,0.06,0.0483,0.2308,0.229,1,1,-0.4288039,-0.5325,-0.13582677,-0.10922742,0.58734524,0.65164083,-0.5335548,-0.6064539,26.0644832214353,91.6996199610429,5845.0,Guwahati,12,"{""type"":""MultiPoint"",""coordinates"":[]}",-7.361409592518839,-13.500658596368691,-8.055671470862583,-14.163450395478524
2_346_0_2_346_0,0.02905,0.01995,0.01855,0.01345,0.1205,0.0805,0.13,0.09765,0.1078,0.0704,0.0705,0.04265,0,0,0.6347061,0.66071427,-0.41637367,-0.36261982,-0.20919798,-0.2454666,0.29675812,0.3920171,26.13913322154563,91.55364372737348,5846.0,Guwahati,12,"{""type"":""MultiPoint"",""coordinates"":[]}",-21.71241954981084,-29.796789338202558,-22.28210876520306,-29.898901235964093
2_347_0_2_347_0,0.1323,0.1674,0.0802,0.121,0.0636,0.0474,0.0711,0.0656,0.0686,0.0744,0.15,0.1758,1,1,-0.30088496,-0.43690988,-0.06269926,-0.024475524,0.37236962,0.4052758,-0.3568521,-0.45650372,26.105266735334325,91.8672455930596,5847.0,Guwahati,12,"{""type"":""MultiPoint"",""coordinates"":[]}",-6.815186614510249,-13.585193825219058,-7.521025200676494,-14.158493448058287
2_348_0_2_348_0,0.2568,0.2576,0.1756,0.1833,0.093,0.0664,0.1004,0.0726,0.1022,0.0874,0.206,0.1688,2,5,-0.43784994,-0.5602665,0.10976664,0.20825516,0.3367943,0.31772053,-0.34464753,-0.3985087,26.105715892976384,91.5583149668509,5848.0,Guwahati,12,"{""type"":""MultiPoint"",""coordinates"":[]}",-10.53808231269086,-16.694048268939554,-11.931180117197698,-17.81998127162782
2_349_0_2_349_0,0.2117,0.243,0.1135,0.1526,0.0469,0.0576,0.0756,0.0894,0.0722,0.0913,0.3144,0.3212,1,1,-0.47372085,-0.46209386,-0.19521004,-0.13860333,0.6264873,0.55733335,-0.61230767,-0.5645397,25.96638719240945,91.80310588177346,5849.0,Guwahati,12,"{""type"":""MultiPoint"",""coordinates"":[]}",-8.517659828696914,-14.826955296769196,-8.698257809034363,-14.346924005694781
2_350_0_2_350_0,0.0803,0.0742,0.0623,0.0449,0.1144,0.0855,0.1294,0.099,0.1228,0.0848,0.1122,0.1128,0,0,0.23414402,0.14318706,-0.16571428,-0.20641711,-0.04510638,0.1417004,0.071192056,-0.065155804,26.256812523765287,91.66674162164412,5850.0,Guwahati,12,"{""type"":""MultiPoint"",""coordinates"":[]}",-15.102145964918027,-22.529667748762837,-16.309548108818806,-23.833045973533125
2_351_0_2_351_0,0.2417,0.1327,0.1472,0.0757,0.097,0.0738,0.1094,0.0854,0.0956,0.08,0.334,0.1654,1,1,-0.37681574,-0.21687299,-0.16032656,-0.109694734,0.5549348,0.34800327,-0.50654036,-0.31897926,26.31861661531271,91.60592567690924,5851.0,Guwahati,12,"{""type"":""MultiPoint"",""coordinates"":[]}",-10.234194341291605,-16.87773690521085,-9.422939621785806,-15.760867425167195
2_352_0_2_352_0,0.28155,0.26615,0.1909,0.17415,0.10335,0.07915,0.1159,0.104,0.1188,0.11,0.25485,0.27985,4,1,-0.416782,-0.43806565,0.049776286,-0.025091575,0.3641108,0.4356804,-0.37478086,-0.45812166,26.204171248115884,91.56936424484556,5852.0,Guwahati,12,"{""type"":""MultiPoint"",""coordinates"":[]}",-11.339967982003198,-17.38323592184579,-11.022352070331326,-17.13099025888258
2_353_0_2_353_0,0.1779,0.1897,0.1064,0.1215,0.0593,0.0444,0.0741,0.0594,0.0658,0.0661,0.1914,0.1836,1,1,-0.41190475,-0.5230831,-0.036555644,0.016340746,0.48833594,0.47056466,-0.4418079,-0.51111114,26.09322931052712,91.7717546783577,5853.0,Guwahati,12,"{""type"":""MultiPoint"",""coordinates"":[]}",-8.04348304478396,-13.61469086658941,-7.82198928770281,-14.201579128310716
2_354_0_2_354_0,0.2699,0.2202,0.23965,0.1714,0.1399,0.0825,0.1541,0.1031,0.1571,0.1047,0.2093,0.24335,7,6,-0.27311322,-0.3622023,0.12646076,-0.049940675,0.14246725,0.3983623,-0.15189873,-0.40482032,26.151440140938067,91.58894751803938,5854.0,Guwahati,12,"{""type"":""MultiPoint"",""coordinates"":[]}",-12.22911688587024,-19.209665737397806,-9.33953530565849,-16.648563435624368
2_355_0_2_355_0,0.2114,0.181,0.1936,0.1156,0.1222,0.0974,0.1298,0.1128,0.1386,0.115,0.1842,0.2154,4,0,-0.23915592,-0.2321307,0.06875632,-0.08678103,0.14126395,0.3038741,-0.17324841,-0.31261426,26.29804519530637,91.78433109233536,5855.0,Guwahati,12,"{""type"":""MultiPoint"",""coordinates"":[]}",-10.192534324738089,-16.54717898133361,-9.514604289841033,-17.16626688541436
2_356_0_2_356_0,0.2598,0.34105,0.2006,0.27085,0.121,0.1052,0.1297,0.1295,0.1389,0.1615,0.20985,0.24485,3,4,-0.33401796,-0.44958028,0.106355794,0.16419184,0.20344086,0.20511875,-0.23604771,-0.3081341,26.19159483413821,91.57762874545946,5856.0,Guwahati,12,"{""type"":""MultiPoint"",""coordinates"":[]}",-10.501669511332356,-17.080974419210406,-11.08789817353718,-18.02422488878798
2_357_0_2_357_0,0.2528,0.2406,0.1362,0.1383,0.1186,0.0928,0.1402,0.1198,0.1064,0.1188,0.3848,0.332,1,1,-0.28651398,-0.33518314,-0.20702635,-0.15962277,0.56677526,0.472937,-0.46590477,-0.46967685,26.04400163295737,91.78639721748884,5857.0,Guwahati,12,"{""type"":""MultiPoint"",""coordinates"":[]}",-7.346730777354065,-12.26756122698212,-3.9171395043320816,-13.189840233529312
2_358_0_2_358_0,0.1448,0.1499,0.0806,0.0998,0.0679,0.0459,0.0682,0.0622,0.061,0.0724,0.1718,0.17,1,1,-0.35962442,-0.41348422,-0.08528111,-0.06283213,0.47594503,0.40264025,-0.43166667,-0.46425495,26.092061500657767,91.66916707291124,5858.0,Guwahati,12,"{""type"":""MultiPoint"",""coordinates"":[]}",-7.277681774593905,-13.769908090407853,-7.507477855873397,-13.834964701049941
2_359_0_2_359_0,0.1666,0.1705,0.0971,0.114,0.0902,0.0764,0.0954,0.0894,0.0844,0.0966,0.1968,0.174,1,1,-0.27175573,-0.3120431,-0.083104014,-0.010159652,0.3997155,0.28603104,-0.3470226,-0.32118452,26.321131898108245,91.74085263258398,5859.0,Guwahati,12,"{""type"":""MultiPoint"",""coordinates"":[]}",-8.059208921327201,-13.921225358807815,-7.658898669228654,-13.342687304864882
2_360_0_2_360_0,0.1663,0.1616,0.0935,0.0801,0.0449,0.0314,0.0592,0.0497,0.0452,0.0424,0.194,0.2664,1,1,-0.47494456,-0.5295788,-0.07688038,-0.24485981,0.6220736,0.7253886,-0.53238547,-0.6855425,25.972495736341457,91.58715088747114,5860.0,Guwahati,12,"{""type"":""MultiPoint"",""coordinates"":[]}",-5.867996403494029,-13.130059805684748,-6.416885787385803,-12.412632867568202
2_361_0_2_361_0,0.2426,0.2417,0.1675,0.1733,0.0958,0.0772,0.1016,0.0927,0.097,0.0922,0.213,0.2192,1,4,-0.40964556,-0.44557416,0.06496927,0.04881753,0.37419355,0.40783557,-0.35410044,-0.4055787,26.33325915444386,91.76591562901092,5861.0,Guwahati,12,"{""type"":""MultiPoint"",""coordinates"":[]}",-8.167521983392412,-14.44652021216878,-9.041740371364922,-15.186438134315132
2_362_0_2_362_0,0.1676,0.1714,0.0951,0.0908,0.0446,0.0304,0.058,0.0516,0.0406,0.044,0.2232,0.203,1,1,-0.4858156,-0.5372197,-0.14227226,-0.08440171,0.69219106,0.6437247,-0.5874822,-0.5946583,25.952463305505592,91.72342531607208,5862.0,Guwahati,12,"{""type"":""MultiPoint"",""coordinates"":[]}",-9.85842113618066,-15.538775905121513,-9.92208243600071,-16.85058533191646
2_363_0_2_363_0,0.1818,0.2162,0.1491,0.2008,0.1014,0.117,0.105,0.1332,0.113,0.1424,0.1618,0.1826,6,6,-0.26778242,-0.23755008,0.058207218,0.08425276,0.1775837,0.12369231,-0.21289356,-0.15642811,26.101493811141022,91.60071544826134,5863.0,Guwahati,12,"{""type"":""MultiPoint"",""coordinates"":[]}",-4.891021922296704,-13.74620116691645,-5.537474397655426,-13.841699684129532
2_364_0_2_364_0,0.1802,0.2545,0.1184,0.1837,0.0938,0.0908,0.1052,0.113,0.108,0.1344,0.2222,0.2146,4,4,-0.26278907,-0.38503402,-0.10437376,0.08505649,0.345851,0.22979942,-0.35736102,-0.31013432,26.06511204213418,91.5907441486076,5864.0,Guwahati,12,"{""type"":""MultiPoint"",""coordinates"":[]}",-9.305270719875184,-15.290379142617905,-10.193322342332404,-16.258183000230307
2_365_0_2_365_0,0.2003,0.19705,0.20055,0.1534,0.1145,0.08715,0.1281,0.1017,0.1383,0.1044,0.1785,0.1961,6,6,-0.21985383,-0.31916317,0.05755016,0.0024163804,0.12689394,0.30515808,-0.16438356,-0.31699127,26.19015752968362,91.69836231964511,5865.0,Guwahati,12,"{""type"":""MultiPoint"",""coordinates"":[]}",-8.093690942110774,-16.466191895177843,-7.985177523987355,-16.71008759502268
2_366_0_2_366_0,0.1606,0.1793,0.1361,0.1368,0.1056,0.0682,0.112,0.0799,0.1122,0.0866,0.1713,0.1736,6,6,-0.1782832,-0.38348764,-0.032238625,0.016151885,0.2084656,0.3343582,-0.20931874,-0.36962524,26.123592367130364,91.7004284447986,5866.0,Guwahati,12,"{""type"":""MultiPoint"",""coordinates"":[]}",-7.108431994765846,-14.060981118451643,-7.036773515664433,-14.512807711081877
2_367_0_2_367_0,0.1742,0.1847,0.0956,0.1021,0.059,0.0358,0.0662,0.0624,0.06,0.0592,0.2082,0.2384,1,1,-0.44925123,-0.49494132,-0.08891214,-0.12692034,0.5525727,0.60215056,-0.5174927,-0.5851064,26.07005277619684,91.688301188463,5867.0,Guwahati,12,"{""type"":""MultiPoint"",""coordinates"":[]}",-9.586958903644113,-15.67422480159128,-7.620206589278327,-14.881621249117666
2_368_0_2_368_0,0.1815,0.167,0.129,0.1122,0.0573,0.0642,0.0624,0.0718,0.0681,0.0726,0.1444,0.144,5,5,-0.4883149,-0.39865997,0.1138386,0.073954985,0.35905883,0.32963988,-0.39651838,-0.33456904,26.26750247564631,91.8130771814272,5868.0,Guwahati,12,"{""type"":""MultiPoint"",""coordinates"":[]}",-6.954618494910162,-12.687501168673746,-7.642013082622107,-13.447384354153403
2_369_0_2_369_0,0.2524,0.232,0.1848,0.1675,0.0941,0.0749,0.1012,0.0936,0.0922,0.0916,0.227,0.2166,4,4,-0.4276018,-0.42506143,0.052982897,0.034329023,0.42230576,0.4055808,-0.38330287,-0.39651838,26.34296095951235,91.69234360724153,5869.0,Guwahati,12,"{""type"":""MultiPoint"",""coordinates"":[]}",-9.041223158770677,-15.689140008313366,-8.854560965098727,-15.597476312879046
2_370_0_2_370_0,0.18905,0.2426,0.1681,0.2271,0.1081,0.10115,0.113,0.1184,0.1153,0.1253,0.1614,0.1724,6,6,-0.2517795,-0.34404433,0.07889856,0.16915663,0.16660643,0.15821296,-0.17638484,-0.18569463,26.1403908629434,91.61877158547216,5870.0,Guwahati,12,"{""type"":""MultiPoint"",""coordinates"":[]}",-4.38315610368692,-14.71335168279232,-4.466899184266708,-14.845932779544798
2_371_0_2_371_0,0.1529,0.187,0.12825,0.15675,0.1013,0.08675,0.1083,0.0975,0.1088,0.1025,0.1467,0.1609,7,6,-0.17075038,-0.314587,0.02069426,0.07502156,0.14833659,0.22171602,-0.15058823,-0.24535604,26.18189302906972,91.7861277229036,5871.0,Guwahati,12,"{""type"":""MultiPoint"",""coordinates"":[]}",-2.6983983161295133,-10.883776620726323,-4.446112794340754,-10.58631093681183
2_372_0_2_372_0,0.1472,0.1742,0.12215,0.1491,0.1027,0.0908,0.1097,0.10245,0.1161,0.1029,0.1583,0.1755,6,6,-0.1459712,-0.25935298,-0.036333878,-0.003717472,0.15379009,0.26077586,-0.18134329,-0.26281705,26.185396458677783,91.75127308987976,5872.0,Guwahati,12,"{""type"":""MultiPoint"",""coordinates"":[]}",-6.009639408251054,-14.669255865906049,-6.438416699992641,-14.466408559048691
2_373_0_2_373_0,0.143,0.148,0.0818,0.1001,0.0939,0.0772,0.1002,0.0943,0.0816,0.0896,0.2642,0.1604,3,0,-0.17598684,-0.22162609,-0.29764244,-0.040207524,0.5280509,0.2832,-0.45005488,-0.259521,26.31349621819323,91.56074041811802,5873.0,Guwahati,12,"{""type"":""MultiPoint"",""coordinates"":[]}",-14.829341923353093,-21.32333826150973,-18.603746792373578,-24.58050637448406
2_374_0_2_374_0,0.2373,0.2397,0.1557,0.1565,0.0578,0.0532,0.073,0.0822,0.0884,0.0781,0.2098,0.2537,1,1,-0.5294876,-0.4892824,0.061507493,-0.028374543,0.40710932,0.52923447,-0.4837341,-0.5105686,25.973753377739225,91.7274677348506,5874.0,Guwahati,12,"{""type"":""MultiPoint"",""coordinates"":[]}",-7.378862090041788,-14.228926417938263,-6.435733036277286,-14.016384288802563
2_375_0_2_375_0,0.2105,0.2141,0.1083,0.1252,0.1522,0.0996,0.1524,0.109,0.1342,0.1078,0.284,0.21,1,1,-0.1600992,-0.3252863,-0.14863499,0.009667532,0.35820183,0.3215859,-0.3015582,-0.31661442,26.307477505789628,91.75657315005608,5875.0,Guwahati,12,"{""type"":""MultiPoint"",""coordinates"":[]}",-9.531684868122952,-16.202709848207697,-8.534011125055004,-14.467173107561715
2_376_0_2_376_0,0.3369,0.3581,0.2687,0.2878,0.1045,0.0865,0.1158,0.1094,0.1241,0.136,0.22855,0.24865,5,4,-0.4884029,-0.5319786,0.1916173,0.1803873,0.29618603,0.29286364,-0.3274285,-0.38891217,26.13329417219885,91.59739168171008,5876.0,Guwahati,12,"{""type"":""MultiPoint"",""coordinates"":[]}",-13.73803105192066,-20.69528538436554,-13.088254617958155,-20.68447992989924
2_377_0_2_377_0,0.1356,0.1414,0.0707,0.0707,0.0441,0.0293,0.055,0.0454,0.0376,0.0424,0.1904,0.2176,1,1,-0.42287514,-0.51391864,-0.16809817,-0.21225627,0.67017543,0.6738461,-0.55175227,-0.65475285,25.98956372673973,91.76106472647668,5877.0,Guwahati,12,"{""type"":""MultiPoint"",""coordinates"":[]}",-7.420907344904761,-13.267404691669341,-4.470621276528376,-11.777858814026416
2_378_0_2_378_0,0.1581,0.0951,0.1036,0.0546,0.0944,0.0767,0.11,0.0865,0.0874,0.0767,0.2282,0.1514,1,4,-0.17941067,-0.04735683,-0.18146518,-0.22839756,0.44613436,0.32748795,-0.34949735,-0.2728037,26.29795536377796,91.66512465413273,5878.0,Guwahati,12,"{""type"":""MultiPoint"",""coordinates"":[]}",-8.046421549215522,-13.688710902202182,-12.300652456789239,-18.64411706003748
2_379_0_2_379_0,0.1466,0.1641,0.076,0.0827,0.0466,0.0414,0.0614,0.0708,0.044,0.0641,0.2198,0.2372,1,1,-0.4096154,-0.3971903,-0.19978166,-0.182158,0.66641396,0.57451046,-0.56330013,-0.5402597,26.001960477660575,91.58580341454496,5879.0,Guwahati,12,"{""type"":""MultiPoint"",""coordinates"":[]}",-10.920921877754322,-16.796564828289597,-11.716391464698514,-17.168967081310036
2_380_0_2_380_0,0.1796,0.2536,0.1095,0.2115,0.0942,0.1096,0.1156,0.1358,0.0974,0.1464,0.28,0.2226,1,4,-0.21680216,-0.3025167,-0.21845083,0.065098695,0.48383677,0.20650406,-0.41557127,-0.2421875,26.33532527959733,91.78918199486962,5880.0,Guwahati,12,"{""type"":""MultiPoint"",""coordinates"":[]}",-9.613944580436925,-14.696170418208744,-10.636989889037707,-16.76421582865588
2_381_0_2_381_0,0.175,0.1753,0.0943,0.1023,0.0869,0.0688,0.101,0.0848,0.0894,0.0844,0.2334,0.2442,1,1,-0.26811594,-0.3479431,-0.14299706,-0.16424315,0.44609666,0.48630553,-0.395933,-0.48449847,26.098349707646605,91.75342904656166,5881.0,Guwahati,12,"{""type"":""MultiPoint"",""coordinates"":[]}",-8.22337147170853,-13.69678743306353,-5.621865431147313,-13.096291748347056
2_382_0_2_382_0,0.1869,0.1975,0.0988,0.1068,0.054,0.0386,0.0687,0.0605,0.0482,0.0528,0.2732,0.2559,1,1,-0.46244133,-0.53100777,-0.18756792,-0.1288046,0.7000622,0.6579203,-0.5981281,-0.61757267,25.989743389796555,91.65883644714388,5882.0,Guwahati,12,"{""type"":""MultiPoint"",""coordinates"":[]}",-5.245196375303662,-11.99883320344647,-6.570851992158259,-12.657093934829529
2_383_0_2_383_0,0.1234,0.1302,0.0654,0.0707,0.0506,0.0576,0.0593,0.064,0.0461,0.0514,0.1688,0.1906,1,1,-0.35084838,-0.3408857,-0.15537304,-0.1882793,0.57096326,0.57520664,-0.48005262,-0.4972506,26.034748985530943,91.83364860143354,5883.0,Guwahati,12,"{""type"":""MultiPoint"",""coordinates"":[]}",-12.09105346315196,-18.069103922253,-11.373085816911495,-17.826347543338024
2_384_0_2_384_0,0.1833,0.2157,0.1008,0.1216,0.0486,0.0404,0.0667,0.0584,0.0482,0.0606,0.2808,0.2708,1,1,-0.4664,-0.57387817,-0.21008404,-0.11325797,0.7069909,0.63427883,-0.6161151,-0.6452005,25.96099730070473,91.8671557615312,5884.0,Guwahati,12,"{""type"":""MultiPoint"",""coordinates"":[]}",-9.102914839992605,-14.661459703170056,-8.159558183802641,-13.744797057251954
2_385_0_2_385_0,0.1687,0.1654,0.0917,0.0939,0.0771,0.0499,0.0848,0.0697,0.0784,0.0624,0.1942,0.195,1,1,-0.33096647,-0.40706083,-0.07026729,-0.08213097,0.42479825,0.5151515,-0.3921147,-0.47336608,26.085863125197346,91.8393978192519,5885.0,Guwahati,12,"{""type"":""MultiPoint"",""coordinates"":[]}",-10.243047027334487,-15.827070159172816,-9.514199482855474,-16.51807888819488
2_386_0_2_386_0,0.2142,0.2514,0.1552,0.1938,0.1122,0.098,0.1274,0.121,0.1394,0.1424,0.2194,0.2098,4,4,-0.25409836,-0.3501611,-0.01199262,0.09019948,0.22296543,0.19136854,-0.26528257,-0.26844016,26.25923797503241,91.81002290946118,5886.0,Guwahati,12,"{""type"":""MultiPoint"",""coordinates"":[]}",-10.634896079775658,-16.447814134251786,-12.076864517431172,-17.578826697445127
2_387_0_2_387_0,0.1797,0.2444,0.1077,0.2023,0.0968,0.1044,0.1034,0.125,0.093,0.1474,0.2416,0.2214,1,4,-0.26951608,-0.32322687,-0.14692618,0.049377415,0.44411236,0.20065077,-0.40057972,-0.278291,26.229413907599643,91.70833361929886,5887.0,Guwahati,12,"{""type"":""MultiPoint"",""coordinates"":[]}",-9.040763643133808,-14.140566883494243,-8.908049204172507,-15.769546204410666
2_388_0_2_388_0,0.16845,0.1769,0.14055,0.1466,0.0981,0.0785,0.1056,0.0876,0.1059,0.09265,0.1655,0.16595,6,6,-0.2293377,-0.33761814,0.008833658,0.031938165,0.21960206,0.28344935,-0.22095168,-0.30901203,26.12718562826684,91.75414769878896,5888.0,Guwahati,12,"{""type"":""MultiPoint"",""coordinates"":[]}",-5.0188363035926224,-13.875147913603303,-6.681582343766998,-14.590505527546803
2_389_0_2_389_0,0.2206,0.23065,0.2017,0.21655,0.1085,0.1034,0.1237,0.1235,0.1315,0.1304,0.18525,0.1946,6,6,-0.28144062,-0.3025554,0.08710115,0.08477366,0.16969219,0.19753847,-0.19922318,-0.22351462,26.13922305307404,91.73168981668596,5889.0,Guwahati,12,"{""type"":""MultiPoint"",""coordinates"":[]}",-5.796335849607049,-15.146508164066802,-3.486727060642091,-15.143171143365652
2_390_0_2_390_0,0.1872,0.1967,0.1177,0.1218,0.0575,0.0428,0.0752,0.0646,0.0768,0.068,0.2174,0.231,1,1,-0.42682928,-0.5055492,-0.07464162,-0.0801964,0.4779062,0.5451505,-0.4859877,-0.5629229,26.02441835976357,91.59712218712488,5890.0,Guwahati,12,"{""type"":""MultiPoint"",""coordinates"":[]}",-8.46060724197348,-14.368325767819549,-6.959201919425246,-14.530996696765419
2_391_0_2_391_0,0.2064,0.1954,0.1391,0.1269,0.1005,0.0686,0.1036,0.0866,0.1002,0.0753,0.253,0.2192,6,6,-0.3316129,-0.3858156,-0.10143666,-0.057404727,0.43261608,0.48862478,-0.41895682,-0.43361676,26.29535024945401,91.57816773462994,5891.0,Guwahati,12,"{""type"":""MultiPoint"",""coordinates"":[]}",-7.612663377038411,-14.74942648110637,-6.411915574336914,-13.631432972387522
2_392_0_2_392_0,0.1848,0.19035,0.0993,0.1064,0.0575,0.05335,0.0721,0.0703,0.055,0.0619,0.2363,0.2339,1,1,-0.4386921,-0.46057934,-0.12229874,-0.10265174,0.6223824,0.58147395,-0.5324254,-0.53780407,26.18943887745632,91.88314577358852,5892.0,Guwahati,12,"{""type"":""MultiPoint"",""coordinates"":[]}",-7.330183032996701,-13.21527495870126,-7.247561749449458,-13.99016154696195
2_393_0_2_393_0,0.18465,0.2147,0.13535,0.1817,0.0747,0.0675,0.08285,0.0846,0.0795,0.0959,0.1848,0.2123,6,6,-0.38056076,-0.4346809,-0.00040600894,0.005620609,0.3984109,0.37767684,-0.3809079,-0.43011114,26.143894292551465,91.7018657492532,5893.0,Guwahati,12,"{""type"":""MultiPoint"",""coordinates"":[]}",-8.144249856387365,-13.753420078355088,-8.882567026873293,-14.347347720737067
2_394_0_2_394_0,0.1416,0.1776,0.075,0.1012,0.11,0.0838,0.1172,0.1002,0.0985,0.1062,0.1904,0.1854,1,1,-0.0942813,-0.2786177,-0.14698794,-0.021487603,0.31810316,0.27160493,-0.2379714,-0.29831934,26.27909074281145,91.71057940750916,5894.0,Guwahati,12,"{""type"":""MultiPoint"",""coordinates"":[]}",-8.758630526408918,-14.527410322140495,-8.423799556438363,-14.75892337323585
2_395_0_2_395_0,0.1637,0.174,0.0915,0.0908,0.0456,0.0324,0.0599,0.058,0.0439,0.0455,0.2442,0.2786,1,1,-0.46422184,-0.5,-0.19735229,-0.23110914,0.6952447,0.7192225,-0.60605067,-0.6553773,25.96521938254009,91.57089138082856,5895.0,Guwahati,12,"{""type"":""MultiPoint"",""coordinates"":[]}",-5.218153809377203,-12.478450597994957,-6.397910797575919,-13.38206437272543
2_396_0_2_396_0,0.2018,0.2141,0.139,0.1389,0.0954,0.074,0.0994,0.0874,0.0939,0.0892,0.1986,0.178,1,4,-0.33997345,-0.42023218,0.007992008,0.09206835,0.35794872,0.33233532,-0.3328859,-0.3413715,26.232468179565647,91.74121195869763,5896.0,Guwahati,12,"{""type"":""MultiPoint"",""coordinates"":[]}",-10.954704215475163,-15.910276433037549,-9.453902400350845,-16.641986101066806
2_397_0_2_397_0,0.163,0.1844,0.0927,0.108,0.0505,0.0402,0.0632,0.0608,0.0532,0.0696,0.1858,0.1878,1,1,-0.44120246,-0.5040783,-0.065366976,-0.009134874,0.5548117,0.45920745,-0.49236947,-0.5108608,26.081730874890397,91.71138789126486,5897.0,Guwahati,12,"{""type"":""MultiPoint"",""coordinates"":[]}",-7.191334288017927,-13.220425347303184,-7.345495416019167,-12.941074354695612
2_398_0_2_398_0,0.1579,0.0651,0.1466,0.0577,0.1298,0.1058,0.1382,0.12,0.1354,0.1126,0.135,0.0978,0,0,-0.066531576,0.29659644,0.07818368,-0.20073664,-0.00147929,-0.070342205,0.011713031,0.101928376,26.237768239741957,91.88871532835006,5898.0,Guwahati,12,"{""type"":""MultiPoint"",""coordinates"":[]}",-21.80972039069995,-30.789523505172212,-20.251834895713024,-31.718596786309455
2_399_0_2_399_0,0.1986,0.1914,0.1072,0.1095,0.1056,0.0832,0.1124,0.0874,0.0982,0.0824,0.2932,0.252,1,1,-0.27717042,-0.37302727,-0.19235462,-0.13667117,0.49821156,0.50717705,-0.44575936,-0.4849735,26.06681884117401,91.80759745819408,5899.0,Guwahati,12,"{""type"":""MultiPoint"",""coordinates"":[]}",-8.570416554231809,-15.155368960264315,-8.911028400233173,-15.340762667674884
2_400_0_2_400_0,0.1729,0.1623,0.0909,0.0833,0.0398,0.024,0.0546,0.0424,0.0386,0.0386,0.1962,0.2005,1,1,-0.52,-0.5857352,-0.06312653,-0.10529217,0.6712095,0.67712253,-0.5645933,-0.65088516,25.97689748123365,91.62011905839832,5900.0,Guwahati,12,"{""type"":""MultiPoint"",""coordinates"":[]}",-7.167802306551134,-12.703592475677063,-7.875692003927942,-14.084924308446219
2_401_0_2_401_0,0.2536,0.2655,0.2022,0.2119,0.1166,0.0943,0.121,0.1174,0.13,0.1276,0.2216,0.2128,4,4,-0.3539776,-0.38678506,0.06734007,0.1101819,0.26052332,0.25029376,-0.2936369,-0.2889158,26.34206264422823,91.65111093570044,5901.0,Guwahati,12,"{""type"":""MultiPoint"",""coordinates"":[]}",-9.624927760294755,-17.69277728255237,-10.050147506739807,-16.695158856410202
2_402_0_2_402_0,0.1735,0.3742,0.1575,0.4121,0.141,0.187,0.1466,0.2062,0.1462,0.2244,0.1488,0.2482,7,7,-0.08403624,-0.28945553,0.07663667,0.20244215,0.008813559,0.05035971,-0.0074475287,-0.09242958,26.220790080872096,91.83059432946752,5902.0,Guwahati,12,"{""type"":""MultiPoint"",""coordinates"":[]}",-19.440748446173842,-29.54107839494429,-17.414197033552433,-30.40104170806532
2_403_0_2_403_0,0.1558,0.2315,0.1101,0.2162,0.104,0.1102,0.1174,0.1306,0.1106,0.1428,0.2068,0.2294,6,6,-0.14055637,-0.2786523,-0.14065085,0.004556303,0.3030876,0.2326706,-0.2757557,-0.27444443,26.26471769826554,91.82143151356952,5903.0,Guwahati,12,"{""type"":""MultiPoint"",""coordinates"":[]}",-7.128710506563385,-14.761716740377095,-6.2406946389734514,-14.473709122260562
2_404_0_2_404_0,0.1875,0.177,0.1243,0.10945,0.0944,0.0682,0.0991,0.07795,0.0937,0.076,0.18165,0.19125,4,1,-0.3084438,-0.38850754,0.015847217,-0.03869654,0.31941167,0.43124416,-0.29403383,-0.42087668,26.212615411786608,91.64724817997872,5904.0,Guwahati,12,"{""type"":""MultiPoint"",""coordinates"":[]}",-9.723183194591964,-14.94320163688702,-9.3413708647794,-14.914788032883102
2_405_0_2_405_0,0.1884,0.2524,0.1455,0.2001,0.0872,0.0742,0.1044,0.1011,0.1118,0.1104,0.1871,0.2347,1,4,-0.28688523,-0.42800567,0.0034620506,0.036337506,0.2519237,0.36018544,-0.28370497,-0.39785588,26.065201873662595,91.89473404075366,5905.0,Guwahati,12,"{""type"":""MultiPoint"",""coordinates"":[]}",-9.883386992202277,-15.084653969359483,-10.800967684254724,-16.601007919904482
2_406_0_2_406_0,0.1691,0.1753,0.0996,0.108,0.0541,0.0488,0.0596,0.0632,0.0542,0.0558,0.1836,0.2347,1,1,-0.47879317,-0.47002095,-0.041111425,-0.14487804,0.54415476,0.6158348,-0.50986844,-0.5756965,26.07472401567426,91.775527602551,5906.0,Guwahati,12,"{""type"":""MultiPoint"",""coordinates"":[]}",-7.225867853100767,-14.334047814576547,-7.836326505107281,-14.065219115144078
2_407_0_2_407_0,0.12665,0.17745,0.0681,0.11175,0.08185,0.0714,0.0916,0.082,0.0731,0.07375,0.2448,0.2163,1,1,-0.16059564,-0.3678936,-0.3180778,-0.09866667,0.54010695,0.491467,-0.4554102,-0.4502179,26.209471308292187,91.69872164575878,5907.0,Guwahati,12,"{""type"":""MultiPoint"",""coordinates"":[]}",-6.899258999167582,-13.339562798041836,-7.027538125033331,-13.70194110939714
2_408_0_2_408_0,0.206,0.2138,0.125,0.1658,0.0901,0.0908,0.0992,0.113,0.092,0.1166,0.215,0.2014,1,6,-0.34993446,-0.30844554,-0.021377672,0.029865125,0.40065145,0.26666668,-0.36855507,-0.2811705,26.3080164949601,91.72315582148684,5908.0,Guwahati,12,"{""type"":""MultiPoint"",""coordinates"":[]}",-9.08350341532482,-13.838621725252192,-10.477593451562756,-16.765557074418957
2_409_0_2_409_0,0.2813,0.3062,0.2014,0.2116,0.0954,0.0818,0.1062,0.111,0.1232,0.1306,0.2246,0.239,4,4,-0.45187098,-0.4678811,0.11207748,0.12325752,0.29154685,0.29329005,-0.3579202,-0.36571428,26.057296699162343,91.57178969611267,5909.0,Guwahati,12,"{""type"":""MultiPoint"",""coordinates"":[]}",-10.131964260340185,-16.04706115170906,-10.341658088391275,-16.690675061070372
2_410_0_2_410_0,0.20315,0.19895,0.11295,0.12205,0.0912,0.0768,0.10015,0.08585,0.08745,0.0891,0.2745,0.2253,1,1,-0.33959776,-0.39712077,-0.14937715,-0.062109604,0.5167841,0.4332061,-0.46536767,-0.44817612,26.174257349154704,91.85610648353652,5910.0,Guwahati,12,"{""type"":""MultiPoint"",""coordinates"":[]}",-7.330691567838007,-14.347246480285214,-7.451584359709546,-14.089711669234337
2_411_0_2_411_0,0.1629,0.2181,0.0843,0.1386,0.058,0.0544,0.0694,0.0838,0.053,0.0724,0.2178,0.2393,1,1,-0.40249678,-0.44484928,-0.14420804,-0.04634893,0.60856724,0.53545076,-0.5167131,-0.48127514,26.001241825433283,91.81972471452968,5911.0,Guwahati,12,"{""type"":""MultiPoint"",""coordinates"":[]}",-9.248635613289242,-15.139518172013632,-8.75802874478152,-16.768939242117806
2_412_0_2_412_0,0.1747,0.1855,0.0862,0.0918,0.0414,0.033,0.0511,0.0574,0.0352,0.0417,0.2392,0.3107,1,1,-0.54738706,-0.52737755,-0.15583475,-0.2523176,0.7434402,0.76333714,-0.6479504,-0.68812823,25.98525181337596,91.73851701284528,5912.0,Guwahati,12,"{""type"":""MultiPoint"",""coordinates"":[]}",-10.147914845723754,-15.370710271784546,-10.240235232883734,-16.024386277900845
2_413_0_2_413_0,0.1952,0.2249,0.1446,0.1617,0.086,0.0708,0.1036,0.0932,0.1078,0.0992,0.1865,0.2344,6,6,-0.30655956,-0.41402075,0.02279277,-0.02068365,0.2674142,0.4052758,-0.28576353,-0.43101344,26.11838213848247,91.8340977590756,5913.0,Guwahati,12,"{""type"":""MultiPoint"",""coordinates"":[]}",-6.80376570319045,-13.873247146971043,-5.975378596398063,-14.754271387486872
2_414_0_2_414_0,0.1673,0.1736,0.0936,0.1025,0.0502,0.0421,0.0634,0.0596,0.0615,0.0598,0.2093,0.2046,1,1,-0.45036843,-0.48885077,-0.111524165,-0.08196721,0.54579026,0.54765505,-0.5350202,-0.54882663,26.063045916980705,91.71057940750916,5914.0,Guwahati,12,"{""type"":""MultiPoint"",""coordinates"":[]}",-6.040932912537604,-12.373243068739093,-6.452818925664259,-12.47892797711652
2_415_0_2_415_0,0.1462,0.2395,0.0756,0.1536,0.0582,0.068,0.069,0.0969,0.0553,0.121,0.1932,0.2252,1,1,-0.35873607,-0.42390013,-0.13847966,0.03077254,0.55492955,0.3009821,-0.47368422,-0.3983235,26.000343510149165,91.8229586495525,5915.0,Guwahati,12,"{""type"":""MultiPoint"",""coordinates"":[]}",-7.426613590146781,-12.885785435011721,-6.450357611651455,-13.534897930897344
2_416_0_2_416_0,0.15535,0.1581,0.08675,0.08975,0.05755,0.04435,0.06205,0.0622,0.05205,0.05625,0.1858,0.1831,1,1,-0.42916283,-0.4353155,-0.08925693,-0.07327081,0.5623292,0.529977,-0.49929392,-0.4928659,26.200308492394168,91.8701202019688,5916.0,Guwahati,12,"{""type"":""MultiPoint"",""coordinates"":[]}",-6.36824586972746,-13.872900481760292,-8.296522243084386,-14.236355019072047
2_417_0_2_417_0,0.19445,0.21495,0.1385,0.1607,0.1033,0.08175,0.1129,0.099,0.1111,0.1085,0.2012,0.2297,4,4,-0.26533267,-0.36932632,-0.017060533,-0.033172157,0.28850463,0.35836783,-0.28112066,-0.39762703,26.13176703621585,91.59523572502822,5917.0,Guwahati,12,"{""type"":""MultiPoint"",""coordinates"":[]}",-8.751544111523762,-15.023716363629504,-8.276532872115478,-14.497168563689424
2_418_0_2_418_0,0.1723,0.1797,0.1023,0.1782,0.0938,0.1198,0.1032,0.1288,0.1048,0.1338,0.2136,0.1548,1,6,-0.2508167,-0.1649919,-0.107022546,0.07443946,0.34170854,0.072765075,-0.34848484,-0.09167842,26.309094473301045,91.72091003327654,5918.0,Guwahati,12,"{""type"":""MultiPoint"",""coordinates"":[]}",-8.309359768164377,-16.779912614174705,-5.704878946851787,-15.73796739072074
2_419_0_2_419_0,0.1731,0.20575,0.1018,0.1455,0.0947,0.07685,0.10005,0.08875,0.0836,0.1059,0.2127,0.2295,1,1,-0.26743546,-0.39728352,-0.102643855,-0.054566342,0.43570706,0.3685152,-0.36019185,-0.44226238,26.200937313093053,91.81720943173414,5919.0,Guwahati,12,"{""type"":""MultiPoint"",""coordinates"":[]}",-9.988281722045482,-16.506113572944614,-12.82517199975576,-18.08482260228122
2_420_0_2_420_0,0.1618,0.2109,0.0875,0.1439,0.0522,0.0529,0.067,0.0714,0.0604,0.0714,0.2182,0.214,1,1,-0.41433567,-0.49415517,-0.14842105,-0.0072958344,0.56640345,0.4996496,-0.5301543,-0.4996496,26.060710297242,91.6193105746426,5920.0,Guwahati,12,"{""type"":""MultiPoint"",""coordinates"":[]}",-8.03929025941657,-14.235835510322335,-7.122193067980767,-13.858837870208514
2_421_0_2_421_0,0.1495,0.16835,0.1248,0.1461,0.09355,0.08515,0.0997,0.1006,0.1016,0.1013,0.1354,0.1426,6,6,-0.19983949,-0.25190556,0.049491048,0.082810745,0.14261603,0.1693317,-0.15185028,-0.17269737,26.12673647062478,91.73779836061796,5921.0,Guwahati,12,"{""type"":""MultiPoint"",""coordinates"":[]}",-4.519124048310713,-15.260676017240293,-5.739293338804689,-15.027137621799376
2_422_0_2_422_0,0.2007,0.2041,0.1366,0.1367,0.0926,0.0732,0.1036,0.0938,0.096,0.0835,0.3006,0.2244,1,6,-0.319093,-0.37025848,-0.19928187,-0.04737456,0.515885,0.45761612,-0.48738247,-0.41043368,26.33173201846085,91.57457447349346,5922.0,Guwahati,12,"{""type"":""MultiPoint"",""coordinates"":[]}",-7.047225417160673,-13.972046992722603,-7.455468866882008,-14.762180397835891
2_423_0_2_423_0,0.0331,0.0241,0.0232,0.0195,0.1058,0.0582,0.115,0.068,0.1,0.0484,0.0826,0.0906,0,0,0.55300474,0.4766558,-0.4278306,-0.5797733,-0.09529025,0.30359712,0.16396761,-0.14249685,26.11658550791423,91.66799926304188,5923.0,Guwahati,12,"{""type"":""MultiPoint"",""coordinates"":[]}",-19.607878188832665,-25.014146686697032,-22.37526952199176,-27.78318302819292
2_424_0_2_424_0,0.1613,0.16985,0.0907,0.09825,0.0663,0.0582,0.0756,0.0676,0.06225,0.0553,0.2066,0.21485,1,1,-0.36175603,-0.43061697,-0.12313128,-0.116974264,0.5369165,0.5905978,-0.4642098,-0.5213312,26.163747060330504,91.8604183969003,5924.0,Guwahati,12,"{""type"":""MultiPoint"",""coordinates"":[]}",-7.56527434261575,-13.32353092893952,-7.648260132566454,-13.901150996147258
2_425_0_2_425_0,0.1615,0.1859,0.0942,0.1069,0.0514,0.0414,0.0646,0.0686,0.0592,0.0689,0.2316,0.2722,1,1,-0.42857143,-0.46090373,-0.17832613,-0.18838681,0.59284735,0.5960129,-0.56380826,-0.59741783,26.01804032124632,91.79475154963116,5925.0,Guwahati,12,"{""type"":""MultiPoint"",""coordinates"":[]}",-9.543558831539464,-16.418359789481663,-11.98875181002838,-18.304381985373528
2_426_0_2_426_0,0.1732,0.1804,0.0978,0.0966,0.0406,0.0274,0.0532,0.0457,0.053,0.0481,0.2002,0.2359,1,1,-0.5300353,-0.5957541,-0.07230852,-0.13331732,0.5813586,0.6612676,-0.5801105,-0.6754261,26.0006130047344,91.85871159786046,5926.0,Guwahati,12,"{""type"":""MultiPoint"",""coordinates"":[]}",-7.196847127543489,-13.837472314534033,-8.463567748718306,-14.313164922190868
2_427_0_2_427_0,0.1557,0.1356,0.0761,0.0694,0.0406,0.0275,0.047,0.0399,0.037,0.033,0.181,0.1836,1,1,-0.5362605,-0.5452992,-0.07514107,-0.15037593,0.6605505,0.69529086,-0.5877193,-0.64295304,25.972765230926694,91.59712218712488,5927.0,Guwahati,12,"{""type"":""MultiPoint"",""coordinates"":[]}",-9.44023706255042,-15.627550627127794,-9.105008242176407,-15.88808066140057
2_428_0_2_428_0,0.1361,0.1526,0.0766,0.0858,0.0476,0.0376,0.0529,0.0519,0.0465,0.047,0.149,0.1802,1,1,-0.44021165,-0.49242052,-0.045247283,-0.082932696,0.5242967,0.5862676,-0.4759782,-0.55277896,26.085144472970047,91.74157128481129,5928.0,Guwahati,12,"{""type"":""MultiPoint"",""coordinates"":[]}",-7.180241224426502,-14.20443305812723,-7.7094977408933225,-13.904936290659046
2_429_0_2_429_0,0.0845,0.19045,0.04535,0.15355,0.08245,0.0724,0.0915,0.0935,0.08105,0.09105,0.1572,0.2247,0,3,0.039772727,-0.34143335,-0.3007861,-0.0825003,0.31962225,0.4232779,-0.26417372,-0.4123193,26.14012136835816,91.66314836050763,5929.0,Guwahati,12,"{""type"":""MultiPoint"",""coordinates"":[]}",-12.358180943104088,-18.89302302338255,-11.557484368639692,-19.280105998804085
2_430_0_2_430_0,0.1276,0.1482,0.1038,0.1207,0.0602,0.0616,0.0636,0.0691,0.0616,0.0791,0.1098,0.1272,5,6,-0.33472803,-0.3640129,0.07497894,0.07625272,0.28121352,0.2331556,-0.26643598,-0.29597554,26.10535656686273,91.86059805995713,5930.0,Guwahati,12,"{""type"":""MultiPoint"",""coordinates"":[]}",-5.771366659929864,-9.654214605930724,-8.475155963413389,-11.739106920821737
2_431_0_2_431_0,0.1786,0.1782,0.0886,0.1052,0.0421,0.0302,0.0574,0.0451,0.04,0.0468,0.2526,0.2332,1,1,-0.51355934,-0.5960591,-0.1716141,-0.13368984,0.7265892,0.66571426,-0.6296774,-0.6758893,25.961895615988848,91.7934939082334,5931.0,Guwahati,12,"{""type"":""MultiPoint"",""coordinates"":[]}",-9.133711627259888,-14.575182269633824,-7.796735676467876,-14.717971551672541
2_432_0_2_432_0,0.1979,0.2811,0.1205,0.285,0.0966,0.1262,0.104,0.1538,0.0877,0.1672,0.267,0.2298,1,7,-0.31103015,-0.29271096,-0.14863412,0.10041104,0.5054976,0.15768261,-0.4393531,-0.19812304,26.234085147077064,91.7612443895335,5932.0,Guwahati,12,"{""type"":""MultiPoint"",""coordinates"":[]}",-10.434408131858465,-15.587986540753823,-13.30239144175943,-21.086401032301005
2_433_0_2_433_0,0.1139,0.1523,0.058,0.0883,0.0401,0.0322,0.0468,0.0477,0.0347,0.049,0.1736,0.155,1,1,-0.41754824,-0.523,-0.20765217,-0.008786202,0.66682667,0.51960784,-0.5753176,-0.52935374,25.988934906040846,91.5643336792545,5933.0,Guwahati,12,"{""type"":""MultiPoint"",""coordinates"":[]}",-8.428539363428127,-14.284289302425826,-10.044406895400384,-15.79675069721177
2_434_0_2_434_0,0.1996,0.5718,0.1201,0.4471,0.1462,0.253,0.1536,0.3792,0.1306,0.4472,0.2829,0.5748,1,5,-0.13023783,-0.20252366,-0.17264248,-0.002616431,0.3683192,0.12485323,-0.29621994,-0.20503144,26.10023616974325,91.8582624402184,5934.0,Guwahati,12,"{""type"":""MultiPoint"",""coordinates"":[]}",-9.328488005908724,-15.242479296047499,-9.485786521837221,-18.885883176658155
2_435_0_2_435_0,0.0912,0.0969,0.0738,0.0767,0.073,0.0628,0.0738,0.0714,0.0744,0.0749,0.1188,0.123,6,6,-0.10545454,-0.15151516,-0.13142857,-0.11869031,0.22981367,0.24305205,-0.23364486,-0.2654321,26.086851272009877,91.87757621882696,5935.0,Guwahati,12,"{""type"":""MultiPoint"",""coordinates"":[]}",-6.925989047385748,-13.094554106342569,-5.360197482159302,-11.261679869634282
2_436_0_2_436_0,0.1742,0.1903,0.0974,0.1042,0.0434,0.0311,0.0516,0.0542,0.0518,0.0612,0.181,0.2085,1,1,-0.5429584,-0.5566462,-0.019144144,-0.04563691,0.55498284,0.5461624,-0.55631983,-0.587362,25.98013141625648,91.70554884191807,5936.0,Guwahati,12,"{""type"":""MultiPoint"",""coordinates"":[]}",-7.575396007175177,-13.4370705357046,-6.8863475727519,-13.917683233463006
2_437_0_2_437_0,0.1866,0.1873,0.1075,0.1065,0.0886,0.0754,0.0954,0.0842,0.0809,0.0755,0.2264,0.2098,1,1,-0.32340425,-0.37974218,-0.09636804,-0.05666079,0.47347867,0.47073257,-0.40708515,-0.4272109,26.343679611739645,91.67060437736583,5937.0,Guwahati,12,"{""type"":""MultiPoint"",""coordinates"":[]}",-7.318504515792659,-13.36293562683673,-6.882679373221151,-13.186903753932512
2_438_0_2_438_0,0.1659,0.1755,0.0841,0.0954,0.0792,0.0541,0.088,0.0712,0.0772,0.068,0.2415,0.2043,1,1,-0.30681372,-0.4227807,-0.185567,-0.07582939,0.51553184,0.50055087,-0.46585736,-0.4831216,26.08424615768593,91.7124658696058,5938.0,Guwahati,12,"{""type"":""MultiPoint"",""coordinates"":[]}",-8.88354481935999,-14.404313758315089,-8.121917115944093,-14.879069424274515
2_439_0_2_439_0,0.19995,0.2231,0.13675,0.1656,0.0946,0.06775,0.09745,0.0879,0.0956,0.094,0.17435,0.1726,4,6,-0.34465367,-0.4347267,0.06839433,0.12762193,0.2917207,0.2948237,-0.28292862,-0.32514396,26.1253889976986,91.61419017752311,5939.0,Guwahati,12,"{""type"":""MultiPoint"",""coordinates"":[]}",-10.365362630825164,-15.539859683774937,-10.352851008032864,-17.04351594974861
2_440_0_2_440_0,0.1754,0.1742,0.0961,0.0963,0.091,0.0574,0.099,0.0682,0.078,0.0517,0.314,0.2732,1,1,-0.27842566,-0.43729374,-0.28320393,-0.2212785,0.6020408,0.6817482,-0.5205811,-0.60046864,25.959919322363785,91.84981827654768,5940.0,Guwahati,12,"{""type"":""MultiPoint"",""coordinates"":[]}",-7.103738487595249,-13.022474051041211,-7.54743389730093,-13.901041337364838
2_441_0_2_441_0,0.2286,0.2268,0.1815,0.174,0.1016,0.0911,0.1064,0.1016,0.1086,0.1122,0.1946,0.1842,4,4,-0.3647761,-0.3812424,0.080340266,0.10364964,0.28364116,0.24291497,-0.29302326,-0.2890133,26.324725159244725,91.76717327040868,5941.0,Guwahati,12,"{""type"":""MultiPoint"",""coordinates"":[]}",-8.5179494802331,-15.447051657664865,-11.439200405816463,-18.04768628968197
2_442_0_2_442_0,0.1917,0.2275,0.1951,0.2361,0.1174,0.1082,0.1244,0.1188,0.1278,0.112,0.1614,0.1758,6,6,-0.21290731,-0.31388968,0.085811384,0.12819241,0.11618257,0.22168173,-0.12946115,-0.19348268,26.12107708433483,91.70285389606572,5942.0,Guwahati,12,"{""type"":""MultiPoint"",""coordinates"":[]}",-2.8687559280694,-14.962994012615106,-5.478095814287629,-14.960312664563153
2_443_0_2_443_0,0.2374,0.2282,0.1596,0.1745,0.0966,0.095,0.1198,0.1142,0.0918,0.118,0.2776,0.2532,1,1,-0.32922733,-0.33294392,-0.07805825,-0.051931866,0.5029778,0.36422414,-0.39708102,-0.37833425,26.314664028062584,91.68362994898555,5943.0,Guwahati,12,"{""type"":""MultiPoint"",""coordinates"":[]}",-10.201304055811006,-16.13208652587771,-9.980803647754353,-16.59495358309021
2_444_0_2_444_0,0.1537,0.1675,0.0802,0.0858,0.0371,0.0264,0.0491,0.0492,0.035,0.0396,0.1978,0.2428,1,1,-0.5157791,-0.545916,-0.12546231,-0.18352425,0.6993127,0.71954674,-0.6022681,-0.6630137,26.016423353734904,91.66602296941684,5944.0,Guwahati,12,"{""type"":""MultiPoint"",""coordinates"":[]}",-7.441430622018556,-13.338532174479012,-7.256983713053967,-13.836574499163317
2_445_0_2_445_0,0.2236,0.223,0.1152,0.1135,0.0915,0.0688,0.1134,0.0842,0.0964,0.0768,0.338,0.3244,1,1,-0.32700297,-0.4518229,-0.2037037,-0.18523932,0.55616945,0.6171486,-0.49756312,-0.587861,26.073376542748083,91.71740660366846,5945.0,Guwahati,12,"{""type"":""MultiPoint"",""coordinates"":[]}",-7.0853021814824135,-11.69872621837732,-5.851254268286368,-12.561261778881008
2_446_0_2_446_0,0.11325,0.10125,0.06455,0.0648,0.0738,0.0635,0.08955,0.08415,0.08145,0.07935,0.09655,0.0824,1,1,-0.11686391,-0.09223301,0.07959962,0.10264089,0.08483146,0.018856259,-0.037614185,0.010507355,26.12862293272143,91.86302351122424,5946.0,Guwahati,12,"{""type"":""MultiPoint"",""coordinates"":[]}",-10.85471948735152,-17.719363858707236,-11.751103666768945,-17.352769569453134
2_447_0_2_447_0,0.213,0.24325,0.1657,0.1954,0.0986,0.09315,0.118,0.1185,0.1282,0.1251,0.225,0.2217,4,4,-0.28700906,-0.3448514,-0.02739726,0.04634907,0.27406567,0.27854672,-0.31195337,-0.30335096,26.19707455737134,91.55337423278824,5947.0,Guwahati,12,"{""type"":""MultiPoint"",""coordinates"":[]}",-9.205119298836504,-15.286969958918744,-9.128490824134142,-16.083826823622825
2_448_0_2_448_0,0.2267,0.2175,0.1502,0.1346,0.0892,0.055,0.105,0.0763,0.104,0.0788,0.2386,0.2306,1,1,-0.3668978,-0.48059905,-0.025574898,-0.029234545,0.392878,0.49062702,-0.38882422,-0.50276965,26.092869984413475,91.60026629061927,5948.0,Guwahati,12,"{""type"":""MultiPoint"",""coordinates"":[]}",-9.881185180038099,-14.714462966927508,-9.400761280437285,-14.724286067241716
2_449_0_2_449_0,0.2597,0.3071,0.1932,0.2322,0.1056,0.0997,0.1152,0.1212,0.1164,0.146,0.22,0.2592,4,4,-0.38543612,-0.43404156,0.08276006,0.08458414,0.3079667,0.27936822,-0.31264916,-0.362776,26.30145879338603,91.64302609814337,5949.0,Guwahati,12,"{""type"":""MultiPoint"",""coordinates"":[]}",-11.777675673514674,-17.8086207300575,-10.659754932219132,-17.798729140239736
2_450_0_2_450_0,0.3113,0.3314,0.2494,0.2572,0.1152,0.1046,0.124,0.127,0.1476,0.156,0.226,0.2446,4,4,-0.43027797,-0.44589877,0.15875675,0.15069444,0.2098501,0.22116825,-0.29142857,-0.3164693,26.255734545424342,91.67554511142848,5950.0,Guwahati,12,"{""type"":""MultiPoint"",""coordinates"":[]}",-9.989053625203372,-17.150601879191,-10.691127366131775,-17.838309982142096
2_451_0_2_451_0,0.07875,0.14975,0.0457,0.0852,0.09725,0.0874,0.1081,0.1205,0.0863,0.08885,0.1413,0.2438,0,0,0.15707786,-0.10823312,-0.28425357,-0.23897853,0.24165203,0.4658049,-0.1331195,-0.33845732,26.128353438136195,91.64275660355813,5951.0,Guwahati,12,"{""type"":""MultiPoint"",""coordinates"":[]}",-17.746900332864925,-26.448255262879403,-18.13784126577081,-25.988591264229612
2_452_0_2_452_0,0.2941,0.2984,0.2148,0.2196,0.113,0.1018,0.129,0.1242,0.138,0.1406,0.2494,0.2514,4,4,-0.39021507,-0.41221014,0.08224471,0.08548563,0.28755808,0.28265306,-0.3181818,-0.33865815,26.31726914238653,91.6192207431142,5952.0,Guwahati,12,"{""type"":""MultiPoint"",""coordinates"":[]}",-9.212831305485885,-16.728537437530115,-10.154832696018769,-16.28420120987336
2_453_0_2_453_0,0.2358,0.2516,0.1496,0.1708,0.0917,0.0786,0.1014,0.1032,0.1,0.1006,0.2454,0.2316,1,4,-0.3985765,-0.41826382,-0.019950125,0.04139073,0.4209612,0.39434075,-0.4152249,-0.38351256,26.33784056239287,91.78648704901724,5953.0,Guwahati,12,"{""type"":""MultiPoint"",""coordinates"":[]}",-10.477494173195954,-17.25576498103546,-10.729686533248394,-17.724846843983094
2_454_0_2_454_0,0.1734,0.17775,0.11115,0.11605,0.06,0.0486,0.066,0.0617,0.0675,0.06595,0.1617,0.1524,5,1,-0.44862154,-0.48465234,0.03491495,0.07678328,0.41099477,0.39592397,-0.42028984,-0.4236338,26.16581318548398,91.80310588177346,5954.0,Guwahati,12,"{""type"":""MultiPoint"",""coordinates"":[]}",-7.194791735730782,-13.477372113926679,-8.45414562936461,-14.108224800503123
2_455_0_2_455_0,0.1343,0.2768,0.0942,0.2686,0.1144,0.1282,0.1232,0.151,0.1154,0.1676,0.1966,0.2416,0,7,-0.043106794,-0.29406264,-0.1882744,0.06790123,0.2602564,0.18084067,-0.22951844,-0.23076923,26.263729551453007,91.83921815619507,5955.0,Guwahati,12,"{""type"":""MultiPoint"",""coordinates"":[]}",-10.018384236866645,-15.916751309619888,-10.437008216113602,-20.946696334042464
2_456_0_2_456_0,0.2246,0.2312,0.1225,0.1201,0.0616,0.0414,0.0768,0.072,0.0601,0.0617,0.2735,0.2676,1,1,-0.49037823,-0.52506596,-0.09817306,-0.072975144,0.63968825,0.6252657,-0.56151867,-0.5759717,25.98228737293836,91.63628873351249,5956.0,Guwahati,12,"{""type"":""MultiPoint"",""coordinates"":[]}",-8.985665893490012,-15.309377187777704,-9.155548634891186,-15.078651627546067
2_457_0_2_457_0,0.15465,0.16975,0.08695,0.11155,0.047,0.0569,0.0583,0.06865,0.0547,0.0651,0.1854,0.1689,5,5,-0.4524536,-0.42407718,-0.090427876,0.002509966,0.5443565,0.44358975,-0.5215429,-0.4220164,26.195008432217865,91.87434228380414,5957.0,Guwahati,12,"{""type"":""MultiPoint"",""coordinates"":[]}",-6.6897835523309865,-13.267935111105011,-7.543683671448866,-13.553594740947439
2_458_0_2_458_0,0.2288,0.2299,0.1573,0.1475,0.0664,0.055,0.0847,0.0776,0.1002,0.0934,0.2414,0.2746,1,1,-0.45964912,-0.49528456,-0.026797108,-0.08860258,0.41334894,0.49239132,-0.48052743,-0.5593413,26.024867517405628,91.78388193469333,5958.0,Guwahati,12,"{""type"":""MultiPoint"",""coordinates"":[]}",-6.597673288361319,-13.443713012629779,-6.5820578783052905,-12.974066156504104
2_459_0_2_459_0,0.1972,0.1707,0.1307,0.1115,0.0926,0.068,0.097,0.0848,0.0828,0.0792,0.208,0.206,4,1,-0.34058464,-0.33620352,-0.026653504,-0.09370852,0.43053645,0.44460028,-0.36393443,-0.4167813,26.2508836428901,91.60628500302288,5959.0,Guwahati,12,"{""type"":""MultiPoint"",""coordinates"":[]}",-7.6281509874090485,-13.875323491701149,-8.325406241751619,-14.10974702050323
2_460_0_2_460_0,0.1699,0.1772,0.0896,0.0879,0.0676,0.0431,0.0789,0.0672,0.0617,0.0578,0.2382,0.2306,1,1,-0.36575562,-0.45008183,-0.16736095,-0.13094655,0.5885295,0.5991678,-0.5023652,-0.5486904,26.038971067366305,91.71569980462864,5960.0,Guwahati,12,"{""type"":""MultiPoint"",""coordinates"":[]}",-8.226933796333507,-14.789874923185518,-8.303310559432765,-15.038548805212553
2_461_0_2_461_0,0.2429,0.2533,0.2438,0.2379,0.1088,0.0991,0.1272,0.1232,0.1438,0.1256,0.2122,0.2094,6,6,-0.31261823,-0.34555113,0.0674577,0.09487789,0.19213483,0.25014925,-0.25044197,-0.25917017,26.226718961747284,91.61365118835266,5961.0,Guwahati,12,"{""type"":""MultiPoint"",""coordinates"":[]}",-9.299630048382273,-13.740115250828916,-8.564971369762945,-15.066068114158975
2_462_0_2_462_0,0.2082,0.249,0.19735,0.21905,0.1104,0.1111,0.1226,0.1266,0.1365,0.1375,0.1723,0.17745,6,6,-0.25876662,-0.3258786,0.09434954,0.16778052,0.11593264,0.12684552,-0.1685317,-0.16724223,26.19491860068945,91.70725564095792,5962.0,Guwahati,12,"{""type"":""MultiPoint"",""coordinates"":[]}",-7.768258449352263,-15.915365281044554,-6.590546977254999,-17.487988604482773
2_463_0_2_463_0,0.1475,0.145,0.08155,0.08765,0.0515,0.0432,0.05935,0.0554,0.0493,0.05015,0.18015,0.1839,1,1,-0.42615423,-0.4471058,-0.09964901,-0.118273035,0.57027674,0.5714591,-0.50438416,-0.5369829,26.158626663211024,91.87847453411108,5963.0,Guwahati,12,"{""type"":""MultiPoint"",""coordinates"":[]}",-8.341014731177836,-14.19606122981046,-8.990882365356349,-14.229096145806622
2_464_0_2_464_0,0.179,0.2144,0.1699,0.21,0.1042,0.0762,0.1044,0.0971,0.1034,0.1094,0.1593,0.1677,6,6,-0.26323217,-0.376565,0.058232337,0.12221932,0.21279025,0.21039335,-0.20819113,-0.2666163,26.12287371490307,91.80130925120524,5964.0,Guwahati,12,"{""type"":""MultiPoint"",""coordinates"":[]}",-2.139791230902356,-12.839994713297981,-5.14929766760763,-12.082783316169564
2_465_0_2_465_0,0.2462,0.2539,0.17325,0.1848,0.1091,0.08875,0.1217,0.1077,0.1165,0.1091,0.2556,0.23405,4,4,-0.3384072,-0.40431416,-0.018732563,0.040680397,0.37382424,0.36412647,-0.35489002,-0.3697147,26.207405183138714,91.59334926293155,5965.0,Guwahati,12,"{""type"":""MultiPoint"",""coordinates"":[]}",-10.092949109074913,-17.19792732541323,-9.53703658499241,-17.18140773612761
2_466_0_2_466_0,0.1952,0.1821,0.1396,0.1197,0.1116,0.0966,0.1256,0.1084,0.1326,0.1112,0.2264,0.2236,0,4,-0.2169576,-0.25370052,-0.07400379,-0.10229234,0.26128134,0.33572283,-0.28636363,-0.34698796,26.290858673033416,91.88422375192944,5966.0,Guwahati,12,"{""type"":""MultiPoint"",""coordinates"":[]}",-10.018975041083692,-16.34531373515495,-11.068983616163752,-17.681064399056993
2_467_0_2_467_0,0.1565,0.1617,0.0923,0.093,0.0459,0.0364,0.056,0.0583,0.0574,0.047,0.1714,0.2017,1,1,-0.4729412,-0.47,-0.04544068,-0.11007155,0.49825174,0.6220346,-0.5074758,-0.55153847,26.077778287640268,91.78352260857966,5967.0,Guwahati,12,"{""type"":""MultiPoint"",""coordinates"":[]}",-8.058149499071945,-14.351985865590112,-7.483251871649796,-14.391104993030723
2_468_0_2_468_0,0.2119,0.3049,0.1793,0.2906,0.1126,0.152,0.1326,0.1764,0.1278,0.1872,0.2164,0.243,8,7,-0.23018868,-0.26698524,-0.010506654,0.11297682,0.25740847,0.12970711,-0.24011461,-0.15879828,26.27953990045351,91.8747016099178,5968.0,Guwahati,12,"{""type"":""MultiPoint"",""coordinates"":[]}",-11.944194097136462,-20.96680121186131,-13.570072149453885,-22.766264159439544
2_469_0_2_469_0,0.1877,0.1922,0.0982,0.0952,0.0733,0.0455,0.0922,0.0728,0.072,0.0616,0.2686,0.2544,1,1,-0.3411933,-0.45056602,-0.17729564,-0.13927452,0.5772167,0.61012655,-0.48891354,-0.5550122,26.05900349820217,91.65569234364943,5969.0,Guwahati,12,"{""type"":""MultiPoint"",""coordinates"":[]}",-10.35974090109318,-15.950332152991383,-11.35121540467614,-17.015350214323853
2_470_0_2_470_0,0.2084,0.2707,0.1431,0.2252,0.0896,0.0951,0.0962,0.132,0.0956,0.1488,0.1836,0.2552,1,6,-0.36835194,-0.34442514,0.06326531,0.029473284,0.31518623,0.26336634,-0.31236598,-0.3181818,26.106973534374152,91.70393187440668,5970.0,Guwahati,12,"{""type"":""MultiPoint"",""coordinates"":[]}",-9.113996780239342,-14.932577272571125,-8.305035390191568,-16.24355067834059
2_471_0_2_471_0,0.2207,0.2181,0.1114,0.1035,0.0706,0.0516,0.0834,0.071,0.0613,0.0542,0.3235,0.3204,1,1,-0.4514962,-0.5088205,-0.18890114,-0.18997215,0.6813929,0.7106247,-0.59007126,-0.6371998,25.954798925244305,91.58751021358478,5971.0,Guwahati,12,"{""type"":""MultiPoint"",""coordinates"":[]}",-10.088517875669382,-15.930072540982213,-10.137950449511397,-16.29446424262808
2_472_0_2_472_0,0.1574,0.1935,0.1213,0.1584,0.076,0.07,0.0821,0.0924,0.083,0.1096,0.1576,0.1699,6,6,-0.31440502,-0.35362014,-0.0006349206,0.06494221,0.31005818,0.2157424,-0.31497705,-0.2954632,26.11047696398222,91.85269288545686,5972.0,Guwahati,12,"{""type"":""MultiPoint"",""coordinates"":[]}",-6.361624438604077,-12.476790023147371,-4.613862674840908,-13.098918152357976
2_473_0_2_473_0,0.1889,0.1982,0.097,0.1232,0.0698,0.0451,0.0916,0.0736,0.0634,0.0712,0.31,0.2968,1,1,-0.34688058,-0.4584253,-0.24273401,-0.19919191,0.6604178,0.6130435,-0.5438247,-0.6025918,26.005553738797055,91.75836978062432,5973.0,Guwahati,12,"{""type"":""MultiPoint"",""coordinates"":[]}",-10.131449451071788,-14.825804317011363,-9.7074139772927,-16.272082766804562
2_474_0_2_474_0,0.1512,0.2114,0.0845,0.1247,0.0947,0.0772,0.1016,0.1068,0.0867,0.0889,0.2184,0.2762,1,1,-0.19620253,-0.3287241,-0.18181819,-0.13289581,0.43166175,0.51301014,-0.365,-0.44229764,26.234085147077064,91.74821881791377,5974.0,Guwahati,12,"{""type"":""MultiPoint"",""coordinates"":[]}",-12.90240240854111,-19.475743680342838,-13.489916314413575,-20.073099531920366
2_475_0_2_475_0,0.0551,0.02915,0.0343,0.0228,0.1144,0.07425,0.114,0.08325,0.1008,0.063,0.09175,0.0387,0,0,0.3483146,0.48131672,-0.2495744,-0.14075166,-0.04700078,-0.23893805,0.108140945,0.36531365,26.15970464155197,91.59532555655662,5975.0,Guwahati,12,"{""type"":""MultiPoint"",""coordinates"":[]}",-21.424415232906238,-28.272253169050643,-22.105520037458895,-30.97211966757206
2_476_0_2_476_0,0.1676,0.2025,0.1276,0.16325,0.1466,0.1154,0.1444,0.1158,0.1404,0.1274,0.2036,0.1975,6,6,-0.07435898,-0.27238455,-0.09698276,0.0125,0.18372093,0.2157587,-0.17011495,-0.26077244,26.192133823308684,91.76223253634603,5976.0,Guwahati,12,"{""type"":""MultiPoint"",""coordinates"":[]}",-8.424020326523076,-12.999896445832672,-6.938739708940652,-12.602605024261447
2_477_0_2_477_0,0.1393,0.1621,0.1344,0.1417,0.0966,0.0816,0.1032,0.0897,0.105,0.0956,0.134,0.1527,6,6,-0.14886598,-0.2875298,0.01939261,0.029860228,0.12133891,0.22996375,-0.12984823,-0.259901,26.041216855576604,91.86751508764485,5977.0,Guwahati,12,"{""type"":""MultiPoint"",""coordinates"":[]}",-8.45130141311699,-14.507008291243782,-7.896574182950278,-14.05151122304153
2_478_0_2_478_0,0.24525,0.27025,0.1855,0.21205,0.1067,0.1013,0.1189,0.1251,0.1119,0.1334,0.24945,0.2392,6,6,-0.3469724,-0.36714303,-0.008489994,0.06094808,0.38065588,0.28395063,-0.35441834,-0.3132034,26.140480694471808,91.63682772268294,5978.0,Guwahati,12,"{""type"":""MultiPoint"",""coordinates"":[]}",-7.258798669347613,-16.01387244361738,-7.268977498853243,-17.524971037711556
2_479_0_2_479_0,0.1762,0.1706,0.0924,0.1007,0.0576,0.065,0.0701,0.0744,0.0525,0.0761,0.2354,0.2026,1,1,-0.43077546,-0.39265305,-0.14382896,-0.08574491,0.63529,0.45389307,-0.5410802,-0.46281588,26.25555488236752,91.72252700078796,5979.0,Guwahati,12,"{""type"":""MultiPoint"",""coordinates"":[]}",-1.933307705535741,-7.901813955067558,-3.9440138212540914,-9.030103690518942
2_480_0_2_480_0,0.1827,0.1961,0.1055,0.1049,0.1578,0.0876,0.1544,0.1042,0.1356,0.0956,0.2778,0.2338,1,1,-0.08395135,-0.3060273,-0.20651466,-0.08769482,0.34397677,0.4195507,-0.28551596,-0.38343194,26.100685327385317,91.69378091169612,5980.0,Guwahati,12,"{""type"":""MultiPoint"",""coordinates"":[]}",-8.959103397683386,-14.917722111315863,-9.233824539373881,-14.621185409162962
2_481_0_2_481_0,0.1867,0.1893,0.105,0.1078,0.0358,0.0323,0.052,0.0564,0.0392,0.0466,0.2148,0.2301,1,1,-0.5643067,-0.54090357,-0.06998755,-0.09728183,0.6913386,0.66317314,-0.6101949,-0.6062827,25.96818382297769,91.65955509937118,5981.0,Guwahati,12,"{""type"":""MultiPoint"",""coordinates"":[]}",-8.06442483725626,-14.179184134794339,-9.424080476854764,-15.291402875783046
2_482_0_2_482_0,0.1772,0.1458,0.0919,0.0758,0.0752,0.03,0.0886,0.0402,0.065,0.0332,0.294,0.231,1,1,-0.33333334,-0.56774193,-0.24787776,-0.22611465,0.637883,0.7486752,-0.53685313,-0.70353985,25.99558243914333,91.88063049079298,5982.0,Guwahati,12,"{""type"":""MultiPoint"",""coordinates"":[]}",-7.744933489712254,-14.062029069314033,-7.852487775603772,-14.478468307050896
2_483_0_2_483_0,0.1774,0.2009,0.1015,0.1133,0.0518,0.0414,0.0688,0.0586,0.055,0.067,0.2154,0.2202,1,1,-0.4411048,-0.54836226,-0.09674134,-0.045832343,0.59319526,0.53342617,-0.5158339,-0.579627,25.99414513468874,91.70698614637269,5983.0,Guwahati,12,"{""type"":""MultiPoint"",""coordinates"":[]}",-8.043815588520022,-14.088960044645987,-7.6920410342519485,-13.958470306534561
2_484_0_2_484_0,0.2371,0.2094,0.2152,0.1746,0.106,0.0858,0.1214,0.1068,0.1314,0.1088,0.2118,0.216,6,6,-0.3227336,-0.32447818,0.05635999,-0.01551481,0.23426573,0.33004925,-0.2713085,-0.33828998,26.217735808906088,91.87065919113924,5984.0,Guwahati,12,"{""type"":""MultiPoint"",""coordinates"":[]}",-9.328787385831824,-16.903573200009454,-6.90619778208431,-14.954460192004838
2_485_0_2_485_0,0.1805,0.1968,0.1115,0.1503,0.0986,0.0901,0.1066,0.1028,0.0918,0.104,0.2442,0.1881,1,6,-0.25740162,-0.31375167,-0.14998823,0.022603273,0.45357144,0.2879151,-0.3922463,-0.2932279,26.31214874526705,91.6402413207626,5985.0,Guwahati,12,"{""type"":""MultiPoint"",""coordinates"":[]}",-8.383295489962945,-14.753881477090804,-9.16874976197202,-16.82716535758547
2_486_0_2_486_0,0.1604,0.1779,0.0865,0.1062,0.0373,0.0308,0.0511,0.0566,0.0348,0.0558,0.1904,0.1722,1,1,-0.51678485,-0.5172708,-0.085518815,0.016281063,0.6909414,0.5105263,-0.5768116,-0.50524473,25.96782449686404,91.73743903450432,5986.0,Guwahati,12,"{""type"":""MultiPoint"",""coordinates"":[]}",-6.124928917332671,-12.379647452485276,-8.18936915448048,-14.08667839123979
2_487_0_2_487_0,0.1674,0.2011,0.1239,0.1569,0.0898,0.0644,0.0922,0.0924,0.0944,0.0942,0.1836,0.1876,6,6,-0.28967643,-0.37035775,-0.046153847,0.034731153,0.3208633,0.33144075,-0.33139956,-0.34,26.102931115595613,91.59083398013604,5987.0,Guwahati,12,"{""type"":""MultiPoint"",""coordinates"":[]}",-5.46842179741117,-12.109063476646751,-6.453692094617739,-13.150975881417612
2_488_0_2_488_0,0.1672,0.19385,0.1356,0.1692,0.10045,0.08755,0.1078,0.10185,0.1069,0.1088,0.1529,0.162,6,6,-0.216,-0.31112614,0.04467354,0.089504,0.17705928,0.19645494,-0.17299578,-0.22797044,26.12565849228384,91.55786580920883,5988.0,Guwahati,12,"{""type"":""MultiPoint"",""coordinates"":[]}",-2.3967095664500637,-12.553337732201395,-3.658708044418493,-12.867251918024447
2_489_0_2_489_0,0.19585,0.1896,0.1195,0.1136,0.1232,0.07355,0.1324,0.0861,0.1135,0.0778,0.23205,0.204,1,1,-0.19329779,-0.37540805,-0.084599204,-0.036585364,0.34307626,0.44783536,-0.2734257,-0.4064116,26.204171248115884,91.87308464240638,5989.0,Guwahati,12,"{""type"":""MultiPoint"",""coordinates"":[]}",-9.981091945329137,-15.71683752746466,-10.267717106271633,-16.722599464969495
2_490_0_2_490_0,0.2439,0.27245,0.17115,0.22005,0.0984,0.08495,0.108,0.1097,0.1122,0.1133,0.246,0.2231,4,6,-0.38618925,-0.4258799,-0.004286589,0.099586315,0.37353435,0.32639715,-0.3898305,-0.34074518,26.136078949579623,91.59685269253964,5990.0,Guwahati,12,"{""type"":""MultiPoint"",""coordinates"":[]}",-8.662177294523401,-13.627000184573408,-7.622421599048734,-14.585971246220343
2_491_0_2_491_0,0.2538,0.2621,0.1974,0.2071,0.1048,0.0828,0.1182,0.1026,0.1222,0.1112,0.22,0.2042,5,4,-0.36451614,-0.43734577,0.07133812,0.12416899,0.28579777,0.29486367,-0.30100533,-0.33116037,26.117932980840408,91.58885768651096,5991.0,Guwahati,12,"{""type"":""MultiPoint"",""coordinates"":[]}",-10.924936922319695,-16.882784551037403,-11.20833543484153,-17.2592706060621
2_492_0_2_492_0,0.2755,0.2799,0.2151,0.2115,0.1136,0.0994,0.1212,0.1126,0.129,0.1216,0.238,0.2248,5,4,-0.3889589,-0.42624202,0.07302824,0.10917377,0.29700273,0.29792148,-0.32516703,-0.332543,26.281426362550164,91.61607663961978,5992.0,Guwahati,12,"{""type"":""MultiPoint"",""coordinates"":[]}",-11.012576665206593,-17.215422138735637,-9.67351060457896,-18.35387410064616
2_493_0_2_493_0,0.1536,0.1682,0.0873,0.11,0.0839,0.066,0.0918,0.075,0.0864,0.072,0.2196,0.2039,1,1,-0.25183374,-0.38322368,-0.17684887,-0.09594195,0.43529412,0.47807178,-0.41040462,-0.46217284,26.110836290095865,91.8950035353389,5993.0,Guwahati,12,"{""type"":""MultiPoint"",""coordinates"":[]}",-8.00845593634618,-13.891356387690553,-11.063254838780683,-17.949119855412626
2_494_0_2_494_0,0.1623,0.1722,0.096,0.1054,0.0913,0.0764,0.0955,0.0866,0.0842,0.0878,0.2002,0.1776,1,1,-0.2591156,-0.33075735,-0.104551725,-0.0154373925,0.40787622,0.3383572,-0.35407507,-0.34443602,26.24225981616255,91.75172224752184,5994.0,Guwahati,12,"{""type"":""MultiPoint"",""coordinates"":[]}",-7.185944027443249,-13.027444674905269,-6.684128306986917,-13.849720602268025
2_495_0_2_495_0,0.204,0.1972,0.1291,0.1217,0.0992,0.0772,0.105,0.0949,0.0939,0.0868,0.2502,0.2426,1,1,-0.32038835,-0.35022253,-0.10171731,-0.10322874,0.45422843,0.47298118,-0.4087838,-0.43762964,26.290679009976596,91.60170359507389,5995.0,Guwahati,12,"{""type"":""MultiPoint"",""coordinates"":[]}",-7.747804854324598,-13.565373177445782,-8.245626206689154,-14.033609550147421
2_496_0_2_496_0,0.1261,0.13315,0.05715,0.069,0.05455,0.0491,0.0574,0.05975,0.0465,0.0536,0.1479,0.1517,1,1,-0.3743869,-0.38050804,-0.079562046,-0.06512199,0.52160496,0.47783732,-0.4408183,-0.43485457,26.183420165052723,91.88341526817376,5996.0,Guwahati,12,"{""type"":""MultiPoint"",""coordinates"":[]}",-10.73593366084788,-15.98084590765907,-10.310403659325855,-16.369686487577866
2_497_0_2_497_0,0.1715,0.1861,0.1292,0.1476,0.0986,0.091,0.1032,0.106,0.0933,0.1178,0.173,0.179,6,6,-0.24863487,-0.27422115,-0.0043541365,0.019446727,0.2992865,0.20619947,-0.2527154,-0.25614035,26.33972702448952,91.8221501657968,5997.0,Guwahati,12,"{""type"":""MultiPoint"",""coordinates"":[]}",-6.72855189739693,-14.521481395154193,-7.322506366369643,-14.439882517647554
2_498_0_2_498_0,0.1198,0.1627,0.0778,0.1109,0.0852,0.0786,0.0864,0.0934,0.0803,0.089,0.1486,0.1654,1,6,-0.16197866,-0.27059743,-0.10730253,-0.008229199,0.29838356,0.30031446,-0.26468086,-0.27820712,26.343140622569173,91.802566892603,5998.0,Guwahati,12,"{""type"":""MultiPoint"",""coordinates"":[]}",-8.012381065652924,-15.138773924013552,-7.430638785015923,-13.999814688553432
2_499_0_2_499_0,0.1882,0.21385,0.13025,0.1598,0.06555,0.05725,0.0735,0.0703,0.0724,0.0816,0.1718,0.1707,1,6,-0.43828812,-0.5051909,0.045555554,0.112209074,0.4070434,0.35315102,-0.4007338,-0.41659752,26.195637252916747,91.80624998526788,5999.0,Guwahati,12,"{""type"":""MultiPoint"",""coordinates"":[]}",-7.002478260408086,-13.270961982568412,-7.015744174239945,-13.689207662475308
